0 0.5492683794691697 0.7789367556477436 0.04092500892845372 0.021935881493299902
0 0.5492683794691697 0.7789367556477436 0.04092500892845372 0.021935881493299902
0 0.5526115677807726 0.7668020157626128 0.05822160308425506 0.030194812125080617
0 0.5526115677807726 0.7668020157626128 0.05822160308425506 0.030194812125080617
0 0.5575405754914102 0.7086648409061993 0.034838650162155815 0.03058036126356143
0 0.5575405754914102 0.7086648409061993 0.034838650162155815 0.03058036126356143
0 0.5579496785756654 0.6852273409061993 0.022120461850553143 0.01661932080408448
0 0.5579496785756654 0.6852273409061993 0.022120461850553143 0.01661932080408448
0 0.5744883421305017 0.6347098914805455 0.04092500892845372 0.021935881493299902
0 0.5744883421305017 0.6347098914805455 0.04092500892845372 0.021935881493299902
0 0.5785991436726293 0.6234477166241319 0.050300008928453724 0.02303166183790779
0 0.5785991436726293 0.6234477166241319 0.050300008928453724 0.02303166183790779
0 0.5602855202958347 0.5962561559349167 0.025218188311602673 0.015422080918953895
0 0.5602855202958347 0.5962561559349167 0.025218188311602673 0.015422080918953895
0 0.5637650763021892 0.5763089160497858 0.0333034237011061 0.0319602312061269
0 0.5637650763021892 0.5763089160497858 0.0333034237011061 0.0319602312061269
0 0.5525781603117208 0.5444704406190262 0.04917388555165925 0.04784903178047308
0 0.5525781603117208 0.5444704406190262 0.04917388555165925 0.04784903178047308
0 0.5376349987854793 0.5035816400446802 0.06337275324641087 0.05730520229738438
0 0.5376349987854793 0.5035816400446802 0.06337275324641087 0.05730520229738438
0 0.5208975121781598 0.47579145941289935 0.05040910308425524 0.029281661837907612
0 0.5208975121781598 0.47579145941289935 0.05040910308425524 0.029281661837907612
0 0.6040645681845144 0.4651583524569339 0.07134889448011279 0.06759335258455756
0 0.6040645681845144 0.4651583524569339 0.07134889448011279 0.06759335258455756
0 0.6253940974055074 0.4989651732610184 0.050463650162155815 0.03240666183790779
0 0.6253940974055074 0.4989651732610184 0.050463650162155815 0.03240666183790779
0 0.6403297560923752 0.7645292989789512 0.04574887662320535 0.030296271665603846
0 0.6403297560923752 0.7645292989789512 0.04574887662320535 0.030296271665603846
0 0.6409200913197228 0.7755581140076684 0.04256932954530477 0.02680601155073461