0 0.33480867049341656 0.4410999109805086 0.011157675893442942 0.04457020622055552
0 0.33480867049341656 0.4410999109805086 0.011157675893442942 0.04457020622055552
0 0.7183586581361269 0.41627131706004494 0.008576503954332714 0.019433505183796385
0 0.7183586581361269 0.41627131706004494 0.008576503954332714 0.019433505183796385
0 0.7106098251323212 0.4171503118762486 0.006823002965749581 0.014609304147037072
0 0.7106098251323212 0.4171503118762486 0.006823002965749581 0.014609304147037072
0 0.6624760726608633 0.4012621802550914 0.008576503954332714 0.019433505183796385
0 0.6624760726608633 0.4012621802550914 0.008576503954332714 0.019433505183796385
0 0.6594147396570577 0.4025512781815729 0.007205004942915849 0.02398430414703707
0 0.6594147396570577 0.4025512781815729 0.007205004942915849 0.02398430414703707
0 0.622872403193211 0.3845634043361099 0.006759335969555203 0.013046804147037072
0 0.622872403193211 0.3845634043361099 0.006759335969555203 0.013046804147037072
0 0.3677392342198503 0.3513436353443512 0.013582338935304606 0.027656108294074055
0 0.3677392342198503 0.3513436353443512 0.013582338935304606 0.027656108294074055
0 0.3565470662350727 0.3441367280870364 0.011765170950527093 0.021269407257314833
0 0.3565470662350727 0.3441367280870364 0.011765170950527093 0.021269407257314833
0 0.30595681722365586 0.3443814443923605 0.007268671939110227 0.025546804147037073
0 0.30595681722365586 0.3443814443923605 0.007268671939110227 0.025546804147037073
0 0.3012693172236559 0.34397134128208273 0.008894838935304605 0.027246005183796208
0 0.3012693172236559 0.34397134128208273 0.008894838935304605 0.027246005183796208