0 0.5317589280852744 0.7325108043685801 0.03996325870642714 0.022445817953504664
0 0.5317589280852744 0.7325108043685801 0.03996325870642714 0.022445817953504664
0 0.5143899643813213 0.6231208089825288 0.04933825870642714 0.023707814262346007
0 0.5143899643813213 0.6231208089825288 0.04933825870642714 0.023707814262346007
0 0.5123770850281077 0.6143167262643885 0.04613137155129756 0.021724648826065618
0 0.5123770850281077 0.6143167262643885 0.04613137155129756 0.021724648826065618
0 0.4863158740376884 0.5759003191332155 0.03996325870642732 0.022445817953504844
0 0.4863158740376884 0.5759003191332155 0.03996325870642732 0.022445817953504844
0 0.4664559961548128 0.3893769064653043 0.02384693577564878 0.010967490772102817
0 0.4664559961548128 0.3893769064653043 0.02384693577564878 0.010967490772102817
0 0.3842377176606818 0.4783795242494538 0.024010710085908292 0.014092490772102905
0 0.3842377176606818 0.4783795242494538 0.024010710085908292 0.014092490772102905