0 0.47789307703489525 0.7465347524640101 0.08005117591180558 0.020731607032115386
0 0.47789307703489525 0.7465347524640101 0.08005117591180558 0.020731607032115386
0 0.4869777895158327 0.7259917149870814 0.10843074905006951 0.0334714389258032
0 0.4869777895158327 0.7259917149870814 0.10843074905006951 0.0334714389258032
0 0.4999694052071522 0.6720551866094513 0.06319098423243048 0.03369268198597286
0 0.4999694052071522 0.6720551866094513 0.06319098423243048 0.03369268198597286
0 0.5201007204616314 0.6475255559800679 0.0629727786853472 0.02431768198597286
0 0.5201007204616314 0.6475255559800679 0.0629727786853472 0.02431768198597286
0 0.608998259880555 0.7275518198597284 0.04723867591180557 0.018628886489479513
0 0.608998259880555 0.7275518198597284 0.04723867591180557 0.018628886489479513
0 0.6481516788585063 0.7261488086009615 0.02220230832062491 0.015464313695090581
0 0.6481516788585063 0.7261488086009615 0.02220230832062491 0.015464313695090581
0 0.6627239783454162 0.6715311597729807 0.02372844072944442 0.014001943244739934
0 0.6627239783454162 0.6715311597729807 0.02372844072944442 0.014001943244739934