0 0.27040496623333754 0.3953057721957875 0.04563066256778665 0.058651830066018464
0 0.27040496623333754 0.3953057721957875 0.04563066256778665 0.058651830066018464
0 0.29459189997655894 0.38771815612601906 0.02519998789975162 0.03656221658814811
0 0.29459189997655894 0.38771815612601906 0.02519998789975162 0.03656221658814811
0 0.6215271046988232 0.4232101394433346 0.02996021077238851 0.04947231969842587
0 0.6215271046988232 0.4232101394433346 0.02996021077238851 0.04947231969842587
0 0.6653498275714601 0.4318825104140753 0.02519998789975162 0.03656221658814811
0 0.6653498275714601 0.4318825104140753 0.02519998789975162 0.03656221658814811
0 0.6850305476154267 0.32151164693620504 0.028370439695149584 0.044648118661666646
0 0.6850305476154267 0.32151164693620504 0.028370439695149584 0.044648118661666646
0 0.4227027435570923 0.23972157059338045 0.04728406615858276 0.07441353110277768
0 0.4227027435570923 0.23972157059338045 0.04728406615858276 0.07441353110277768