0 0.5315842277042704 0.30008844193464485 0.05465464901126431 0.02218407220870695
0 0.5315842277042704 0.30008844193464485 0.05465464901126431 0.02218407220870695
0 0.5191224325317334 0.2882924238824681 0.0400458457929556 0.014289758976990363
0 0.5191224325317334 0.2882924238824681 0.0400458457929556 0.014289758976990363
0 0.5231718860986886 0.643929345525441 0.03681158514929379 0.012709078258831141
0 0.5231718860986886 0.643929345525441 0.03681158514929379 0.012709078258831141
0 0.5172114632022108 0.6509287792686624 0.0353583457929556 0.01426248789975162
0 0.5172114632022108 0.6509287792686624 0.0353583457929556 0.01426248789975162
0 0.4854098061451749 0.6921668576256895 0.036920845792955605 0.01427157825883114
0 0.4854098061451749 0.6921668576256895 0.036920845792955605 0.01427157825883114
0 0.4832463726050353 0.7007515172666098 0.03056158514929379 0.012672716822512697
0 0.4832463726050353 0.7007515172666098 0.03056158514929379 0.012672716822512697
0 0.5602459151796821 0.6949469448615112 0.01940556386197052 0.009484084308955332
0 0.5602459151796821 0.6949469448615112 0.01940556386197052 0.009484084308955332
0 0.5881248967423505 0.6427440954272452 0.02587408514929379 0.012645445745273775
0 0.5881248967423505 0.6427440954272452 0.02587408514929379 0.012645445745273775
0 0.6209802274521687 0.3740759086589617 0.03256112772394086 0.018931807181592396
0 0.6209802274521687 0.3740759086589617 0.03256112772394086 0.018931807181592396
0 0.6099605999803295 0.31930205024770536 0.02899908514929379 0.012663626463433175
0 0.6099605999803295 0.31930205024770536 0.02899908514929379 0.012663626463433175
0 0.6057101425549765 0.3130247791704665 0.022530563861970342 0.009502265027114643