0 0.6554652465821544 0.1799445074583309 0.06290906615858276 0.07872580872560753
0 0.6554652465821544 0.1799445074583309 0.06290906615858276 0.07872580872560753
0 0.6353754603796051 0.2209600827941534 0.04554884933607006 0.04672464882606544
0 0.6353754603796051 0.2209600827941534 0.04554884933607006 0.04672464882606544
0 0.505552646755105 0.48394053111792923 0.0392443071815924 0.03650831795350466
0 0.505552646755105 0.48394053111792923 0.0392443071815924 0.03650831795350466
0 0.5331509268093344 0.5240097085504759 0.06905907220870695 0.06237963959816835
0 0.5331509268093344 0.5240097085504759 0.06905907220870695 0.06237963959816835
0 0.526437839377121 0.5796437057821068 0.03302157825883114 0.040354487080944065
0 0.526437839377121 0.5796437057821068 0.03302157825883114 0.040354487080944065
0 0.5247026225546082 0.550166538500247 0.029823855386194253 0.02743382164466368
0 0.5247026225546082 0.550166538500247 0.029823855386194253 0.02743382164466368
0 0.5641100353187867 0.46980305418767215 0.04716589149054791 0.056309981544205634
0 0.5641100353187867 0.46980305418767215 0.04716589149054791 0.056309981544205634
0 0.550179345525441 0.4943522986509338 0.031386355386194255 0.027644154362803874
0 0.550179345525441 0.4943522986509338 0.031386355386194255 0.027644154362803874
0 0.563156068496274 0.4402207205467422 0.03292158430895533 0.02316698708094389
0 0.563156068496274 0.4402207205467422 0.03292158430895533 0.02316698708094389
0 0.5047532160369459 0.4809206974769994 0.028261355386194252 0.027223488926523487
0 0.5047532160369459 0.4809206974769994 0.028261355386194252 0.027223488926523487
0 0.5138691408031767 0.43512745116815826 0.03145907825883114 0.04014415436280387
0 0.5138691408031767 0.43512745116815826 0.03145907825883114 0.04014415436280387
0 0.595222638170898 0.17319856710672815 0.03292158430895533 0.02316698708094398