0 0.5188214389884047 0.5853320224631723 0.06053568091374952 0.04133452870210093
0 0.5188214389884047 0.5853320224631723 0.06053568091374952 0.04133452870210093
0 0.4532844850536456 0.30365674833662226 0.022822193361304245 0.014542118968362504
0 0.4532844850536456 0.30365674833662226 0.022822193361304245 0.014542118968362504
0 0.44172002302100954 0.2822403562816995 0.03134508838228243 0.024646447171349097
0 0.44172002302100954 0.2822403562816995 0.03134508838228243 0.024646447171349097
0 0.4177264159673951 0.2712929565312567 0.030989890871793335 0.019958947171349096
0 0.4177264159673951 0.2712929565312567 0.030989890871793335 0.019958947171349096
0 0.40990226057345486 0.26193896755454193 0.03951278589277152 0.030063275374335775
0 0.40990226057345486 0.26193896755454193 0.03951278589277152 0.030063275374335775
0 0.4615248827739162 0.20514631551632362 0.024621491701630305 0.01781298460895986
0 0.4615248827739162 0.20514631551632362 0.024621491701630305 0.01781298460895986
0 0.5435901763403574 0.27893615682257494 0.026183991701630306 0.017958850249557123
0 0.5435901763403574 0.27893615682257494 0.026183991701630306 0.017958850249557123
0 0.5647780921072599 0.3064356722136152 0.026302390871793334 0.019521350249557125
0 0.5647780921072599 0.3064356722136152 0.026302390871793334 0.019521350249557125
0 0.5771238041398961 0.3277791314482393 0.026302390871793334 0.019521350249557125
0 0.5771238041398961 0.3277791314482393 0.026302390871793334 0.019521350249557125
0 0.6140155398182416 0.5779967183867356 0.06413427759440164 0.047876259983295456
0 0.6140155398182416 0.5779967183867356 0.06413427759440164 0.047876259983295456
0 0.6219222055851443 0.6067360917228531 0.09872276514684693 0.07437693843583926
0 0.6219222055851443 0.6067360917228531 0.09872276514684693 0.07437693843583926
0 0.6203830163730248 0.627048591722853 0.044200285892771515 0.03050087229612757
0 0.6203830163730248 0.627048591722853 0.044200285892771515 0.03050087229612757
0 0.595026896247156 0.685267777870917 0.03134508838228243 0.024646447171349097