0 0.5576031834370434 0.6339402748165028 0.03936250892845372 0.019006865177646402
0 0.5576031834370434 0.6339402748165028 0.03936250892845372 0.019006865177646402
0 0.53931505924947 0.5268919081911143 0.04873750892845372 0.019443512820281582
0 0.53931505924947 0.5268919081911143 0.04873750892845372 0.019443512820281582
0 0.5383838047852432 0.5183345454946673 0.04561250892845372 0.019297963606069855
0 0.5383838047852432 0.5183345454946673 0.04561250892845372 0.019297963606069855
0 0.5517508295420095 0.47783582403071456 0.03936250892845372 0.019006865177646402
0 0.5517508295420095 0.47783582403071456 0.03936250892845372 0.019006865177646402
0 0.51030584902377 0.2983688019048081 0.023573867694751626 0.00890411910658786
0 0.51030584902377 0.2983688019048081 0.023573867694751626 0.00890411910658786
0 0.6225388421239112 0.3674205548002922 0.023628414772652383 0.01202911910658786
0 0.6225388421239112 0.3674205548002922 0.023628414772652383 0.01202911910658786