0 0.37940475969992543 0.7640288338809567 0.04268760517284953 0.02311656646400717
0 0.37940475969992543 0.7640288338809567 0.04268760517284953 0.02311656646400717
0 0.3831602455141605 0.7967188690436241 0.033267141066226816 0.020236496138672243
0 0.3831602455141605 0.7967188690436241 0.033267141066226816 0.020236496138672243
0 0.39768706142842036 0.5940203918418477 0.02357389231986797 0.00798142581333714
0 0.39768706142842036 0.5940203918418477 0.02357389231986797 0.00798142581333714
0 0.4155290939565853 0.41218340227562755 0.020630748746358663 0.013792235704892342
0 0.4155290939565853 0.41218340227562755 0.020630748746358663 0.013792235704892342
0 0.41919130304864316 0.3672002948569613 0.03625574874635884 0.01598818624711722
0 0.41919130304864316 0.3672002948569613 0.03625574874635884 0.01598818624711722
0 0.4217312813410308 0.3338261399111838 0.009920569279472246 0.020067570325334926
0 0.4217312813410308 0.3338261399111838 0.009920569279472246 0.020067570325334926
0 0.4201771415284452 0.36027884238407254 0.023710284639736123 0.012668925813337317
0 0.4201771415284452 0.36027884238407254 0.023710284639736123 0.012668925813337317
0 0.305788032594672 0.3285136058987198 0.03487510517284953 0.022018591192894732
0 0.305788032594672 0.3285136058987198 0.03487510517284953 0.022018591192894732
0 0.2711713401956617 0.35894856223293636 0.02536371285298138 0.016013520867559805
0 0.2711713401956617 0.35894856223293636 0.02536371285298138 0.016013520867559805
0 0.25683708940423894 0.6628674795431577 0.08413095909205773 0.056951037873791674