0 0.4040809026417011 0.3978078237044437 0.039717116641249994 0.03154252591898139
0 0.4040809026417011 0.3978078237044437 0.039717116641249994 0.03154252591898139
0 0.3951052929343052 0.4134622180022678 0.033358013867708355 0.026308221771944317
0 0.3951052929343052 0.4134622180022678 0.033358013867708355 0.026308221771944317
0 0.40484331563572884 0.4323195247412029 0.04284211664125 0.03181592799249984
0 0.40484331563572884 0.4323195247412029 0.04284211664125 0.03181592799249984
0 0.40847680870187464 0.44438002733310106 0.03804551386770836 0.02671832488222208
0 0.40847680870187464 0.44438002733310106 0.03804551386770836 0.02671832488222208
0 0.4829098449866661 0.6434709296894435 0.05072735182361114 0.035624433176296225
0 0.4829098449866661 0.6434709296894435 0.05072735182361114 0.035624433176296225
0 0.4712086255718745 0.6753265224321288 0.023837543502986235 0.0192380155513888
0 0.4712086255718745 0.6753265224321288 0.023837543502986235 0.0192380155513888
0 0.28585627308267325 0.4657485964658791 0.041279616641249996 0.0316792269557407
0 0.28585627308267325 0.4657485964658791 0.041279616641249996 0.0316792269557407
0 0.26790636008864543 0.429733184024768 0.039680749050069505 0.02998002591898139
0 0.26790636008864543 0.429733184024768 0.039680749050069505 0.02998002591898139
0 0.2708144609623261 0.37205738506152725 0.022202308320624996 0.015976314514629573
0 0.2708144609623261 0.37205738506152725 0.022202308320624996 0.015976314514629573
0 0.2887117822007289 0.30943024594749946 0.030160278685347208 0.02290981969842587