0 0.4972620853904516 0.288010622751 0.08175914627652787 0.022347698672140127
0 0.4972620853904516 0.288010622751 0.08175914627652787 0.022347698672140127
0 0.49073998166697946 0.3098447161351417 0.11017508700597212 0.035011325135573215
0 0.49073998166697946 0.3098447161351417 0.11017508700597212 0.035011325135573215
0 0.48421853115388913 0.3652680143397436 0.06486258700597211 0.034747704722264315
0 0.48421853115388913 0.3652680143397436 0.06486258700597211 0.034747704722264315
0 0.4668680302039586 0.391725975210328 0.06464438145888884 0.025372704722264317
0 0.4668680302039586 0.391725975210328 0.06464438145888884 0.025372704722264317
0 0.3699917237831947 0.32398396330647133 0.04887391109416672 0.019031801131468205
0 0.3699917237831947 0.32398396330647133 0.04887391109416672 0.019031801131468205
0 0.3310746941479169 0.33000670432948087 0.023801175911805573 0.015761355386194255
0 0.3310746941479169 0.33000670432948087 0.023801175911805573 0.015761355386194255
0 0.323008927430417 0.38620216217500314 0.025327308320625 0.014207945745273953
0 0.323008927430417 0.38620216217500314 0.025327308320625 0.014207945745273953