0 0.3012851100715858 0.5020476814328698 0.01735409997176518 0.031054510367592592
0 0.3012851100715858 0.5020476814328698 0.01735409997176518 0.031054510367592592
0 0.31189638637994505 0.510748738171805 0.015427578925077689 0.02466780933083328
0 0.31189638637994505 0.510748738171805 0.015427578925077689 0.02466780933083328
0 0.3485010152909053 0.5520374109805086 0.01230257892507769 0.024394407257314656
0 0.3485010152909053 0.5520374109805086 0.01230257892507769 0.024394407257314656
0 0.673015167879389 0.6255103245529154 0.01422909997176518 0.030781108294074145
0 0.673015167879389 0.6255103245529154 0.01422909997176518 0.030781108294074145
0 0.6666741626177172 0.6234010204058784 0.01230257892507769 0.024394407257314656
0 0.6666741626177172 0.6234010204058784 0.01230257892507769 0.024394407257314656
0 0.6539837177946843 0.712453958483147 0.010649073663405773 0.02269520622055552
0 0.6539837177946843 0.712453958483147 0.010649073663405773 0.02269520622055552
0 0.36191033888372404 0.6488146661643049 0.020752115756780754 0.03601541244111104
0 0.36191033888372404 0.6488146661643049 0.020752115756780754 0.03601541244111104
0 0.3184487652203182 0.623248738171805 0.01386507892507769 0.024531108294074143
0 0.3184487652203182 0.623248738171805 0.01386507892507769 0.024531108294074143