0 0.5091466992613153 0.23600491726924683 0.026626132513557367 0.014670615921782293
0 0.5091466992613153 0.23600491726924683 0.026626132513557367 0.014670615921782293
0 0.49487057582294425 0.27470002275724925 0.03757272287263689 0.01777028130133971
0 0.49487057582294425 0.27470002275724925 0.03757272287263689 0.01777028130133971
0 0.3724082059006147 0.6611400919323807 0.04382272287263689 0.018648661518229658
0 0.3724082059006147 0.6611400919323807 0.04382272287263689 0.018648661518229658
0 0.3580291059753694 0.31500834000171685 0.053261355386194253 0.030903731843564586
0 0.3580291059753694 0.31500834000171685 0.053261355386194253 0.030903731843564586
0 0.3881165817748727 0.24208603397148956 0.05327953610435347 0.034028731843564586
0 0.3881165817748727 0.24208603397148956 0.05327953610435347 0.034028731843564586
0 0.4399790636245 0.1832768971821475 0.02821590359079611 0.019577710976004737
0 0.4399790636245 0.1832768971821475 0.02821590359079611 0.019577710976004737
0 0.4180040696746242 0.20353872794126232 0.032876132513557366 0.015548996138672245
0 0.4180040696746242 0.20353872794126232 0.032876132513557366 0.015548996138672245
0 0.3653648830045366 0.26167641225771565 0.061046584308955334 0.027314207114677025