0 0.49993822725041176 0.7177459851340713 0.04596747146395277 0.01590884288963732
0 0.49993822725041176 0.7177459851340713 0.04596747146395277 0.01590884288963732
0 0.5548010858130297 0.33275421981103215 0.031832196856846906 0.013773339923887828
0 0.5548010858130297 0.33275421981103215 0.031832196856846906 0.013773339923887828
0 0.5567788087247244 0.2911888023205461 0.04284247146395259 0.015781508897248563
0 0.5567788087247244 0.2911888023205461 0.04284247146395259 0.015781508897248563
0 0.5321576443328663 0.24992447376536484 0.044623295285270356 0.02053267589344294
0 0.5321576443328663 0.24992447376536484 0.044623295285270356 0.02053267589344294
0 0.5369714228689135 0.23563913927868443 0.03993579528527036 0.02034167490485981
0 0.5369714228689135 0.23563913927868443 0.03993579528527036 0.02034167490485981
0 0.6520206881703945 0.3194000325488827 0.02387414764263518 0.01033000494291585
0 0.6520206881703945 0.3194000325488827 0.02387414764263518 0.01033000494291585
0 0.652275399295265 0.32486878254888263 0.02216609842842345 0.007141337946721471
0 0.652275399295265 0.32486878254888263 0.02216609842842345 0.007141337946721471
0 0.6660298000382721 0.6201812825488826 0.05189213978475227 0.04266234387822045
0 0.6660298000382721 0.6201812825488826 0.05189213978475227 0.04266234387822045