0 0.5448696217926751 0.42966948733993054 0.04440497146395259 0.0166106473268119
0 0.5448696217926751 0.42966948733993054 0.04440497146395259 0.0166106473268119
0 0.5389834948282044 0.437846008386618 0.03034247146395259 0.01579159997176518
0 0.5389834948282044 0.437846008386618 0.03034247146395259 0.01579159997176518
0 0.5031466563245783 0.5934736530825938 0.028707196856846907 0.014138094710093262
0 0.5031466563245783 0.5934736530825938 0.028707196856846907 0.014138094710093262
0 0.49889580396721345 0.6031216688676093 0.05065497146395259 0.016974668373499213
0 0.49889580396721345 0.6031216688676093 0.05065497146395259 0.016974668373499213
0 0.6025280721641785 0.5743680663355955 0.022238873035529138 0.009086573663405772
0 0.6025280721641785 0.5743680663355955 0.022238873035529138 0.009086573663405772
0 0.6308199303125116 0.34084293479379923 0.06126713978475227 0.04408319994353027
0 0.6308199303125116 0.34084293479379923 0.06126713978475227 0.04408319994353027
0 0.6328896985094767 0.31800467427045553 0.03957192224974104 0.013212631541796239
0 0.6328896985094767 0.31800467427045553 0.03957192224974104 0.013212631541796239