0 0.3610530702637994 0.6664287436113904 0.06133747579950324 0.07123301285158128
0 0.3610530702637994 0.6664287436113904 0.06133747579950324 0.07123301285158128
0 0.43737467574818945 0.7109546764249156 0.039226126463433174 0.02971667490485963
0 0.43737467574818945 0.7109546764249156 0.039226126463433174 0.02971667490485963
0 0.42353488954564017 0.6721004234591661 0.029787493949875808 0.018397172927693363
0 0.42353488954564017 0.6721004234591661 0.029787493949875808 0.018397172927693363
0 0.41266556723873726 0.6599360044858054 0.04074317466803503 0.021967841901054184
0 0.41266556723873726 0.6599360044858054 0.04074317466803503 0.021967841901054184
0 0.5097688679774219 0.3560071912536632 0.08164088544042354 0.07049818380210837
0 0.5097688679774219 0.3560071912536632 0.08164088544042354 0.07049818380210837
0 0.475702940186129 0.3014815173373866 0.0298783975406721 0.03402217292769345
0 0.475702940186129 0.3014815173373866 0.0298783975406721 0.03402217292769345
0 0.43320636797742196 0.35288750844013805 0.08322156615858275 0.07368685079830276
0 0.43320636797742196 0.35288750844013805 0.08322156615858275 0.07368685079830276
0 0.39705978971859085 0.387360667527667 0.05183521077238851 0.04897601087441492
0 0.39705978971859085 0.387360667527667 0.05183521077238851 0.04897601087441492
0 0.3755422962596943 0.727971080075237 0.025136355386194253 0.024456171939110406