0 0.53125 0.7628082110315713 0.0859375 0.06594278939195171
0 0.53125 0.7628082110315713 0.0859375 0.06594278939195171
0 0.5375 0.727287939984884 0.071875 0.049498742036904984
0 0.5375 0.727287939984884 0.071875 0.049498742036904984
0 0.42265625 0.46913307671776483 0.075 0.04499325256024882
0 0.42265625 0.46913307671776483 0.075 0.04499325256024882
0 0.40234375 0.2914098951194989 0.025 0.021768584186749606
0 0.40234375 0.2914098951194989 0.025 0.021768584186749606
0 0.34375 0.2643538424321932 0.021875 0.02158657366340595
0 0.34375 0.2643538424321932 0.021875 0.02158657366340595
0 0.334375 0.25474362400222433 0.025 0.015518584186749607
0 0.334375 0.25474362400222433 0.025 0.015518584186749607
0 0.32578125 0.24899415294141947 0.0421875 0.032144642065139895
0 0.32578125 0.24899415294141947 0.0421875 0.032144642065139895
0 0.434375 0.18173178725522596 0.0265625 0.024984589448421433
0 0.434375 0.18173178725522596 0.0265625 0.024984589448421433
0 0.6546875 0.5649937953594952 0.0296875 0.02047909997176518
0 0.6546875 0.5649937953594952 0.0296875 0.02047909997176518
0 0.659375 0.5709707795744796 0.0265625 0.017172089448421347
0 0.659375 0.5709707795744796 0.0265625 0.017172089448421347
0 0.65703125 0.6195447874669875 0.040625 0.025803636803468068
0 0.65703125 0.6195447874669875 0.040625 0.025803636803468068
0 0.66484375 0.6261210111586282 0.0375 0.024059126280124233
0 0.66484375 0.6261210111586282 0.0375 0.024059126280124233
0 0.65078125 0.6972525585136748 0.053125 0.04528167889684287
0 0.65078125 0.6972525585136748 0.053125 0.04528167889684287
0 0.65078125 0.6808463085136749 0.0234375 0.015427578925077868