0 0.3540804487910689 0.8300620445498552 0.044830441085271476 0.06704365626060209
0 0.3540804487910689 0.8300620445498552 0.044830441085271476 0.06704365626060209
0 0.38222523518826346 0.843516909340645 0.058632125230712616 0.08779266587924894
0 0.38222523518826346 0.843516909340645 0.058632125230712616 0.08779266587924894
0 0.4091987453672963 0.8265303059826007 0.037879534237726276 0.05588790145127902
0 0.4091987453672963 0.8265303059826007 0.037879534237726276 0.05588790145127902
0 0.427398032844225 0.8185913204105709 0.029265997840531632 0.043115082939624474
0 0.427398032844225 0.8185913204105709 0.029265997840531632 0.043115082939624474
0 0.7746270789590272 0.6537699400955022 0.03551599784053181 0.043333337748947896
0 0.7746270789590272 0.6537699400955022 0.03551599784053181 0.043333337748947896
0 0.8348834585086765 0.6574331426352402 0.016826554595791875 0.019295637023308564
0 0.8348834585086765 0.6574331426352402 0.016826554595791875 0.019295637023308564
0 0.8524714767072737 0.6642833433608797 0.027803627390181163 0.044623019237293705
0 0.8524714767072737 0.6642833433608797 0.027803627390181163 0.044623019237293705
0 0.8375344964470305 0.820441574123586 0.02221496144333699 0.030396828130301045
0 0.8375344964470305 0.820441574123586 0.02221496144333699 0.030396828130301045
0 0.7723390954595815 0.8735095212210282 0.03591651603912886 0.049583337748947895
0 0.7723390954595815 0.8735095212210282 0.03591651603912886 0.049583337748947895
0 0.5903264342930995 0.9404266587924909 0.03984255243632351 0.06219246515360979
0 0.5903264342930995 0.9404266587924909 0.03984255243632351 0.06219246515360979