0 0.2836953885018972 0.5171122583132701 0.050370438360092515 0.05913095909205772
0 0.2836953885018972 0.5171122583132701 0.050370438360092515 0.05913095909205772
0 0.308822527615925 0.5014788981258558 0.013124716588148112 0.025318248746358664
0 0.308822527615925 0.5014788981258558 0.013124716588148112 0.025318248746358664
0 0.3897704397742121 0.4469481739901033 0.012245721771944319 0.033085284639735944
0 0.3897704397742121 0.4469481739901033 0.012245721771944319 0.033085284639735944
0 0.3960204397742121 0.447130030416594 0.012519123845462943 0.03621028463973612
0 0.3960204397742121 0.447130030416594 0.012519123845462943 0.03621028463973612
0 0.6330713804433789 0.4400008066765528 0.02734304147037019 0.06313649749271769
0 0.6330713804433789 0.4400008066765528 0.02734304147037019 0.06313649749271769
0 0.6760011742228234 0.43189880166198796 0.01706992280870363 0.0347841769596041
0 0.6760011742228234 0.43189880166198796 0.01706992280870363 0.0347841769596041
0 0.6515883516496753 0.32209189264907245 0.012441211404351903 0.01750574874635884
0 0.6515883516496753 0.32209189264907245 0.012441211404351903 0.01750574874635884
0 0.6425551042415735 0.3257253580093364 0.01748002591898139 0.039471676959604095
0 0.6425551042415735 0.3257253580093364 0.01748002591898139 0.039471676959604095
0 0.5838540475026383 0.3138869360642972 0.007831623845462942 0.03607389231986806
0 0.5838540475026383 0.3138869360642972 0.007831623845462942 0.03607389231986806
0 0.357437810462129 0.3267804264973857 0.03175713939685174 0.060147889812585655
0 0.357437810462129 0.3267804264973857 0.03175713939685174 0.060147889812585655