0 0.40462152761166303 0.7334288947606435 0.07564035009228505 0.03651181301126609
0 0.40462152761166303 0.7334288947606435 0.07564035009228505 0.03651181301126609
0 0.39629788788298087 0.7167498601209074 0.05326470234403846 0.02806281551854859
0 0.39629788788298087 0.7167498601209074 0.05326470234403846 0.02806281551854859
0 0.42118726635289594 0.6947755717202476 0.040464313695090584 0.02301160266556703
0 0.42118726635289594 0.6947755717202476 0.040464313695090584 0.02301160266556703
0 0.642877003396086 0.44762910174113024 0.032451554595791875 0.019659282132453625
0 0.642877003396086 0.44762910174113024 0.032451554595791875 0.019659282132453625
0 0.6114663170911765 0.4247993555020539 0.023176684145441228 0.020948997492717503
0 0.6114663170911765 0.4247993555020539 0.023176684145441228 0.020948997492717503
0 0.6287422570967138 0.33842158630172403 0.021013406847545112 0.011528533386094875
0 0.6287422570967138 0.33842158630172403 0.021013406847545112 0.011528533386094875
0 0.6253366548449604 0.3304954260351673 0.016426036397194466 0.012954641066226813
0 0.6253366548449604 0.3304954260351673 0.016426036397194466 0.012954641066226813
0 0.5292348079918778 0.42553748990436313 0.01778827729789594 0.00987510517284953