0 0.6482172478587007 0.5674183839115494 0.009484084308955332 0.01885908800127254
0 0.6482172478587007 0.5674183839115494 0.009484084308955332 0.01885908800127254
0 0.6411769074996211 0.569062699912504 0.009493174668035032 0.020421588001272716
0 0.6411769074996211 0.569062699912504 0.009493174668035032 0.020421588001272716
0 0.6593542148776051 0.6672820239099587 0.011073855386194254 0.023564769334818082
0 0.6593542148776051 0.6672820239099587 0.011073855386194254 0.023564769334818082
0 0.6491979648776052 0.6674002025780041 0.014217036104353476 0.026726132001908987
0 0.6491979648776052 0.6674002025780041 0.014217036104353476 0.026726132001908987
0 0.6148138745185255 0.6693626919160038 0.0363011143631848 0.06291817067154533
0 0.6148138745185255 0.6693626919160038 0.0363011143631848 0.06291817067154533
0 0.3337547720591975 0.639822831954184 0.01259999394987581 0.01733295066836362
0 0.3337547720591975 0.639822831954184 0.01259999394987581 0.01733295066836362
0 0.29228086524694746 0.5176574779599109 0.022011355386194253 0.02369203866963616