0 0.31406158852897625 0.4612813710024842 0.032390997840531635 0.042360216822512696
0 0.31406158852897625 0.4612813710024842 0.032390997840531635 0.042360216822512696
0 0.3408138556478394 0.4337921752572102 0.0241779796419344 0.03606476502711473
0 0.3408138556478394 0.4337921752572102 0.0241779796419344 0.03606476502711473
0 0.3670456886212613 0.4266109343323965 0.023977720542635694 0.03293976502711473
0 0.3670456886212613 0.4266109343323965 0.023977720542635694 0.03293976502711473
0 0.4709390515134729 0.27996721760807963 0.042005829734219444 0.07053066861791084
0 0.4709390515134729 0.27996721760807963 0.042005829734219444 0.07053066861791084
0 0.5751097100590611 0.48241044067710825 0.037318329734219446 0.0705033975406721
0 0.5751097100590611 0.48241044067710825 0.037318329734219446 0.0705033975406721
0 0.8693324745570307 0.583004296554282 0.05314358883351815 0.07371930113146803
0 0.8693324745570307 0.583004296554282 0.05314358883351815 0.07371930113146803
0 0.8457540746493157 0.5487792874790957 0.043868718383167506 0.07522725897699054
0 0.8457540746493157 0.5487792874790957 0.043868718383167506 0.07522725897699054
0 0.903624736277223 0.4500418056294683 0.03894138648947987 0.04708407825883114
0 0.903624736277223 0.4500418056294683 0.03894138648947987 0.04708407825883114
0 0.8584414466408259 0.39954235676093636 0.015464313695090581 0.02195681323171659
0 0.8584414466408259 0.39954235676093636 0.015464313695090581 0.02195681323171659
0 0.8482351318660012 0.40038269409495386 0.019190090992986342 0.03134999394987581
0 0.8482351318660012 0.40038269409495386 0.019190090992986342 0.03134999394987581