0 0.44563222521032797 0.4320125083160308 0.012672716822512697 0.030415542093374805
0 0.44563222521032797 0.4320125083160308 0.012672716822512697 0.030415542093374805
0 0.5650498457218328 0.4055193557981343 0.012681807181592397 0.031978042093374806
0 0.5650498457218328 0.4055193557981343 0.012681807181592397 0.031978042093374806
0 0.7502197312604523 0.3970789822900202 0.01741475897699054 0.040063557878390374
0 0.7502197312604523 0.3970789822900202 0.01741475897699054 0.040063557878390374
0 0.3627873880727022 0.2969465345538029 0.0316136143631847 0.06432010523343692
0 0.3627873880727022 0.2969465345538029 0.0316136143631847 0.06432010523343692
0 0.3292754513044188 0.3129656476797476 0.018922716822512696 0.030779563140062118
0 0.3292754513044188 0.3129656476797476 0.018922716822512696 0.030779563140062118
0 0.30758680366555097 0.3462709713431535 0.03927157825883114 0.03821263154179624
0 0.30758680366555097 0.3462709713431535 0.03927157825883114 0.03821263154179624