0 0.5239220946390463 0.5791510249825343 0.0405298247398008 0.058685322188333444
0 0.5239220946390463 0.5791510249825343 0.0405298247398008 0.058685322188333444
0 0.4975986120519007 0.6141806416237843 0.048587986205190246 0.06355466014423605
0 0.4975986120519007 0.6141806416237843 0.048587986205190246 0.06355466014423605
0 0.5237417101974499 0.6503356939604856 0.027620388964152198 0.050581881458888846
0 0.5237417101974499 0.6503356939604856 0.027620388964152198 0.050581881458888846
0 0.5446274202833582 0.6608004152751384 0.0157821302577247 0.03313980832062491
0 0.5446274202833582 0.6608004152751384 0.0157821302577247 0.03313980832062491
0 0.7453201390756937 0.6842885473996174 0.03049972749876275 0.04596711664124999
0 0.7453201390756937 0.6842885473996174 0.03049972749876275 0.04596711664124999
0 0.719129453300045 0.6770761126540966 0.020797178878243727 0.03949891109416672
0 0.719129453300045 0.6770761126540966 0.020797178878243727 0.03949891109416672
0 0.7796984611019611 0.6686265265980549 0.05706222749876275 0.046585365691319505
0 0.7796984611019611 0.6686265265980549 0.05706222749876275 0.046585365691319505
0 0.7946030868371301 0.5798906817082979 0.05187676051544976 0.0667523953265972