0 0.3690952788172514 0.3601225128012438 0.026835235389503432 0.017172089448421433
0 0.3690952788172514 0.3601225128012438 0.026835235389503432 0.017172089448421433
0 0.36497084050564865 0.37239499964706413 0.03618296185055314 0.01615562101845249
0 0.36497084050564865 0.37239499964706413 0.03618296185055314 0.01615562101845249
0 0.3428195564166868 0.6557689417686738 0.031468188311602766 0.014320105233436919
0 0.3428195564166868 0.6557689417686738 0.031468188311602766 0.014320105233436919
0 0.34649398133560894 0.6692777049228533 0.029905688311602674 0.01422909997176518
0 0.34649398133560894 0.6692777049228533 0.029905688311602674 0.01422909997176518
0 0.4429053311734531 0.7014825311465082 0.018886367694751625 0.008904563140062294
0 0.4429053311734531 0.7014825311465082 0.018886367694751625 0.008904563140062294
0 0.4407797694850558 0.6888460232540004 0.026726141233702094 0.010922089448421346
0 0.4407797694850558 0.6888460232540004 0.026726141233702094 0.010922089448421346
0 0.4294037130716644 0.5341207258989537 0.028261367694751627 0.00945059471009344
0 0.4294037130716644 0.5341207258989537 0.028261367694751627 0.00945059471009344
0 0.427977580766416 0.5262172206372819 0.03138636769475163 0.00963260523343692