0 0.4510486623403157 0.37151283521705925 0.02368296185055314 0.01488095553496276
0 0.4510486623403157 0.37151283521705925 0.02368296185055314 0.01488095553496276
0 0.5321627000860208 0.6895782997376967 0.02055796185055314 0.014771828130301045
0 0.5321627000860208 0.6895782997376967 0.02055796185055314 0.014771828130301045
0 0.5856598470017657 0.7111333520072822 0.04270569724005639 0.031160719962933216
0 0.5856598470017657 0.7111333520072822 0.04270569724005639 0.031160719962933216
0 0.41182688068698575 0.7398461729660072 0.030042056006354477 0.021349210344286364
0 0.41182688068698575 0.7398461729660072 0.030042056006354477 0.021349210344286364
0 0.42028426299223404 0.7473585726031875 0.022093188311602674 0.013263891832631991
0 0.42028426299223404 0.7473585726031875 0.022093188311602674 0.013263891832631991
0 0.3820399691607443 0.7018476651614589 0.022120461850553053 0.01482639183263199
0 0.3820399691607443 0.7018476651614589 0.022120461850553053 0.01482639183263199
0 0.3403843031702759 0.672852135124392 0.018913641233702094 0.010029764427970277