0 0.4722877830499348 0.49684855304024145 0.02614791181871077 0.015518584186749607
0 0.4722877830499348 0.49684855304024145 0.02614791181871077 0.015518584186749607
0 0.45782679926079234 0.4639373425027804 0.042920823637421536 0.030491136803468065
0 0.45782679926079234 0.4639373425027804 0.042920823637421536 0.030491136803468065
0 0.4671062044115433 0.44298780567107743 0.037595594849248924 0.022405621018452494
0 0.4671062044115433 0.44298780567107743 0.037595594849248924 0.022405621018452494
0 0.4291282301652986 0.34315440564284255 0.031473140606883374 0.023604099971765092
0 0.4291282301652986 0.34315440564284255 0.031473140606883374 0.023604099971765092
0 0.341978400778001 0.5256322476515127 0.028093049091614475 0.020297089448421346
0 0.341978400778001 0.5256322476515127 0.028093049091614475 0.020297089448421346
0 0.3644751541119809 0.5415911766189427 0.029528003333979848 0.018825594710093263
0 0.3644751541119809 0.5415911766189427 0.029528003333979848 0.018825594710093263