0 0.47393345237010187 0.5291229476159854 0.06035714664195542 0.03541533330360984
0 0.47393345237010187 0.5291229476159854 0.06035714664195542 0.03541533330360984
0 0.4500991043695349 0.6992979826947096 0.07879961179556502 0.07346319294412851
0 0.4500991043695349 0.6992979826947096 0.07879961179556502 0.07346319294412851
0 0.455877878416152 0.6674724300654772 0.02856150961864685 0.015953315775394116
0 0.455877878416152 0.6674724300654772 0.02856150961864685 0.015953315775394116
0 0.5756918706116038 0.6224230134582573 0.020858137023308566 0.018119061393340276
0 0.5756918706116038 0.6224230134582573 0.020858137023308566 0.018119061393340276
0 0.5782265935697617 0.616666487143641 0.02856150961864685 0.015953315775394116
0 0.5782265935697617 0.616666487143641 0.02856150961864685 0.015953315775394116
0 0.5922097372164922 0.5503838555705601 0.031795637023308385 0.019462017528215726
0 0.5922097372164922 0.5503838555705601 0.031795637023308385 0.019462017528215726
0 0.5874875208817562 0.5074012590762033 0.03810020072563951 0.021791921033858942
0 0.5874875208817562 0.5074012590762033 0.03810020072563951 0.021791921033858942
0 0.5489434091710091 0.25231521080673236 0.1121577488188736 0.09311706134875522
0 0.5489434091710091 0.25231521080673236 0.1121577488188736 0.09311706134875522
0 0.45401534428755197 0.18618089058240664 0.04495040145127884 0.03974682453950207
0 0.45401534428755197 0.18618089058240664 0.04495040145127884 0.03974682453950207