0 0.4859375 0.32789169786216477 0.053125 0.04683442195277685
0 0.4859375 0.32789169786216477 0.053125 0.04683442195277685
0 0.48046875 0.38350249266114367 0.0671875 0.05472809246968842
0 0.48046875 0.38350249266114367 0.0671875 0.05472809246968842
0 0.49453125 0.4218649131780552 0.0671875 0.03754059246968851
0 0.49453125 0.4218649131780552 0.0671875 0.03754059246968851
0 0.51796875 0.6878856140395744 0.0265625 0.015604710976388426
0 0.51796875 0.6878856140395744 0.0265625 0.015604710976388426
0 0.5234375 0.7658685692405955 0.059375 0.03350244218251532
0 0.5234375 0.7658685692405955 0.059375 0.03350244218251532
0 0.38671875 0.7397321892150669 0.05 0.057406661837907616
0 0.38671875 0.7397321892150669 0.05 0.057406661837907616
0 0.36171875 0.6735288582961131 0.0453125 0.04748377166560367
0 0.36171875 0.6735288582961131 0.0453125 0.04748377166560367
0 0.3609375 0.6515625432673957 0.0359375 0.015137991320996136
0 0.3609375 0.6515625432673957 0.0359375 0.015137991320996136
0 0.33359375 0.38899151726229003 0.0734375 0.0413961126994268
0 0.33359375 0.38899151726229003 0.0734375 0.0413961126994268
0 0.325 0.42470580194639956 0.028125 0.014224841033822955
0 0.325 0.42470580194639956 0.028125 0.014224841033822955
0 0.315625 0.456422521601792 0.0359375 0.012012991320996137
0 0.315625 0.456422521601792 0.0359375 0.012012991320996137
0 0.49765625 0.6355114232929244 0.034375 0.007142861263561428