0 0.5187576390756938 0.6923673632338201 0.06570024310259512 0.03236821509696384
0 0.5187576390756938 0.6923673632338201 0.06570024310259512 0.03236821509696384
0 0.5294527996365718 0.6726315616916926 0.04308825870642714 0.01792388555165907
0 0.5294527996365718 0.6726315616916926 0.04308825870642714 0.01792388555165907
0 0.5452471387370095 0.4666991615295368 0.02384693577564878 0.008221603084255059
0 0.5452471387370095 0.4666991615295368 0.02384693577564878 0.008221603084255059
0 0.4788364874483855 0.3036457824706994 0.022202548620519024 0.006631829545304768
0 0.4788364874483855 0.3036457824706994 0.022202548620519024 0.006631829545304768
0 0.4808936324054313 0.29813612216227386 0.01743316146538909 0.004987508928453721
0 0.4808936324054313 0.29813612216227386 0.01743316146538909 0.004987508928453721
0 0.4683836663266293 0.3429264707823021 0.02236632293077854 0.009756829545304768
0 0.4683836663266293 0.3429264707823021 0.02236632293077854 0.009756829545304768
0 0.42959340400215745 0.2294367151002592 0.02409259724103805 0.012909103084255058
0 0.42959340400215745 0.2294367151002592 0.02409259724103805 0.012909103084255058
0 0.5247830732694627 0.22542927922428851 0.04366146879233561 0.028861385551659246
0 0.5247830732694627 0.22542927922428851 0.04366146879233561 0.028861385551659246
0 0.5471870177515388 0.25006108644845887 0.014471935775648781 0.008057961850553052
0 0.5471870177515388 0.25006108644845887 0.014471935775648781 0.008057961850553052
0 0.6757302561044355 0.5840621651829847 0.03807321008590812 0.011592064934808199
0 0.6757302561044355 0.5840621651829847 0.03807321008590812 0.011592064934808199
0 0.6628318656699455 0.710965584419864 0.028698210085908116 0.011428423701106106
0 0.6628318656699455 0.710965584419864 0.028698210085908116 0.011428423701106106