0 0.4419785944555733 0.4136781311176768 0.019154191585911206 0.028725200725639333
0 0.4419785944555733 0.4136781311176768 0.019154191585911206 0.028725200725639333
0 0.6710430176041526 0.5019494905509891 0.05488387797604233 0.09387897477225646
0 0.6710430176041526 0.5019494905509891 0.05488387797604233 0.09387897477225646
0 0.7842753550992351 0.4271900819281342 0.017591691585911208 0.028670637023308566
0 0.7842753550992351 0.4271900819281342 0.017591691585911208 0.028670637023308566
0 0.7458248602950152 0.3899976167745246 0.0139203883676025 0.02074900961864685
0 0.7458248602950152 0.3899976167745246 0.0139203883676025 0.02074900961864685
0 0.7362859693295226 0.38732648456053936 0.01770095222957302 0.030233137023308564
0 0.7362859693295226 0.38732648456053936 0.01770095222957302 0.030233137023308564
0 0.6960762325710743 0.36955614200226805 0.017482430942249393 0.027108137023308564
0 0.6960762325710743 0.36955614200226805 0.017482430942249393 0.027108137023308564
0 0.47070489197389875 0.3118080962712865 0.012030106436617416 0.016006945916315997
0 0.47070489197389875 0.3118080962712865 0.012030106436617416 0.016006945916315997
0 0.45507989197389875 0.3112624592479779 0.014138909654926124 0.02387400961864685
0 0.45507989197389875 0.3112624592479779 0.014138909654926124 0.02387400961864685
0 0.35576830682460486 0.29532494600113396 0.058806553470410174 0.08310516587924913
0 0.35576830682460486 0.29532494600113396 0.058806553470410174 0.08310516587924913
0 0.5571719057196537 0.44497774953666386 0.010686127723940685 0.01907738221398514