0 0.5595588173737355 0.510013565189344 0.025245461850553142 0.01478992570596276
0 0.5595588173737355 0.510013565189344 0.025245461850553142 0.01478992570596276
0 0.5741804249222173 0.47757313822973996 0.041088650162155814 0.027744566772189748
0 0.5741804249222173 0.47757313822973996 0.041088650162155814 0.027744566772189748
0 0.5651872544675222 0.45597092286947605 0.03626478246740419 0.019795674452321776
0 0.5651872544675222 0.45597092286947605 0.03626478246740419 0.019795674452321776
0 0.6036242374213936 0.35646501636384303 0.03006932954530477 0.022738818025830908
0 0.6036242374213936 0.35646501636384303 0.03006932954530477 0.022738818025830908
0 0.6887144833642038 0.5367087943396616 0.025300008928453722 0.01791492570596276
0 0.6887144833642038 0.5367087943396616 0.025300008928453722 0.01791492570596276
0 0.6665667479747004 0.5529702918323791 0.02839773538950343 0.016443353919208193
0 0.6665667479747004 0.5529702918323791 0.02839773538950343 0.016443353919208193