0 0.4487300433640895 0.18491785960946472 0.026780676002545432 0.021229715890154478
0 0.4487300433640895 0.18491785960946472 0.026780676002545432 0.021229715890154478
0 0.4819970767027256 0.22091718115692097 0.023673857336090797 0.02250048460895986
0 0.4819970767027256 0.22091718115692097 0.023673857336090797 0.02250048460895986
0 0.4893919533736345 0.251510785774233 0.03144999466899989 0.02010481281194636
0 0.4893919533736345 0.251510785774233 0.03144999466899989 0.02010481281194636
0 0.5117033053787251 0.2869686668058705 0.02038522533418181 0.008146253327765151
0 0.5117033053787251 0.2869686668058705 0.02038522533418181 0.008146253327765151
0 0.5624685634149962 0.5497072647676522 0.025109088001272716 0.011708850249557123
0 0.5624685634149962 0.5497072647676522 0.025109088001272716 0.011708850249557123
0 0.565929918085587 0.5783217834864576 0.02825226933481808 0.01356308153075183
0 0.565929918085587 0.5783217834864576 0.02825226933481808 0.01356308153075183
0 0.555546948758723 0.6269990929706388 0.0487102200031817 0.027959334858516982
0 0.555546948758723 0.6269990929706388 0.0487102200031817 0.027959334858516982
0 0.6576725227561777 0.5986948935115143 0.044022720003181706 0.02752173793672501
0 0.6576725227561777 0.5986948935115143 0.044022720003181706 0.02752173793672501
0 0.6676742314210415 0.5844655168476317 0.036155676002545434 0.02210490973373851
0 0.6676742314210415 0.5844655168476317 0.036155676002545434 0.02210490973373851
0 0.610440250039771 0.2362999486279406 0.04087953866963616 0.025667506655530394
0 0.610440250039771 0.2362999486279406 0.04087953866963616 0.025667506655530394
0 0.5439061833624986 0.1643013055330281 0.026798857336090796 0.022792215890154476