0 0.5899830879231927 0.4168553493170927 0.04707498789975162 0.03737888648947951
0 0.5899830879231927 0.4168553493170927 0.04707498789975162 0.03737888648947951
0 0.5826427657144857 0.4695297663436707 0.04549430718159222 0.03415375693983034
0 0.5826427657144857 0.4695297663436707 0.04549430718159222 0.03415375693983034
0 0.5754024374556546 0.5050166833702489 0.03614657825883114 0.0382404796419344
0 0.5754024374556546 0.5050166833702489 0.03614657825883114 0.0382404796419344
0 0.5669399767814618 0.6162347856220022 0.05020907825883114 0.039141645588778216
0 0.5669399767814618 0.6162347856220022 0.05020907825883114 0.039141645588778216
0 0.516244564311871 0.7325618900332239 0.04697499394987581 0.02019138648947969
0 0.516244564311871 0.7325618900332239 0.04697499394987581 0.02019138648947969
0 0.579693985954844 0.7077108867940215 0.020385222872636888 0.013801684145441228
0 0.579693985954844 0.7077108867940215 0.020385222872636888 0.013801684145441228
0 0.5035991185665972 0.7567608536360293 0.021938632513557366 0.012339313695090582
0 0.5035991185665972 0.7567608536360293 0.021938632513557366 0.012339313695090582
0 0.5612479921031641 0.7885906469730543 0.028261355386194252 0.025239831893687635
0 0.5612479921031641 0.7885906469730543 0.028261355386194252 0.025239831893687635
0 0.6394689617543472 0.6427658096806956 0.05170794574527378 0.028304275138427572
0 0.6394689617543472 0.6427658096806956 0.05170794574527378 0.028304275138427572
0 0.6478864915139889 0.40493514265411756 0.031386355386194255 0.02544009099298634