0 0.10598009470887897 0.5356675807086125 0.025911836641599174 0.054900987552445456
0 0.10598009470887897 0.5356675807086125 0.025911836641599174 0.054900987552445456
0 0.2111384756022911 0.567156224279698 0.026348484284234353 0.06427598755244546
0 0.2111384756022911 0.567156224279698 0.026348484284234353 0.06427598755244546
0 0.2864638072814915 0.5995202836176864 0.01580909057054054 0.038565592531467276
0 0.2864638072814915 0.5995202836176864 0.01580909057054054 0.038565592531467276
0 0.30692185649570325 0.5979344728298056 0.009122442927905362 0.028716995850815153
0 0.30692185649570325 0.5979344728298056 0.009122442927905362 0.028716995850815153
0 0.3163332437992562 0.5978636178507838 0.010539393713693723 0.02571039502097818
0 0.3163332437992562 0.5978636178507838 0.010539393713693723 0.02571039502097818
0 0.3468019937992562 0.6001724016689627 0.012829639784752267 0.041453794191141216
0 0.3468019937992562 0.6001724016689627 0.012829639784752267 0.041453794191141216
0 0.35603144458504443 0.6040077966899409 0.01268409057054054 0.03832879419114121
0 0.35603144458504443 0.6040077966899409 0.01268409057054054 0.03832879419114121
0 0.392696690656103 0.5911059776036904 0.009049668320799587 0.02715449585081515
0 0.392696690656103 0.5911059776036904 0.009049668320799587 0.02715449585081515
0 0.398983077959656 0.5907983242843425 0.010830492142117176 0.03196039502097818
0 0.398983077959656 0.5907983242843425 0.010830492142117176 0.03196039502097818
0 0.5934287448327135 0.5232117730442314 0.056472631926869354 0.07590057178554285
0 0.5934287448327135 0.5232117730442314 0.056472631926869354 0.07590057178554285
0 0.6130626945850445 0.6234844601817583 0.041065955748187125 0.07940408008391256
0 0.6130626945850445 0.6234844601817583 0.041065955748187125 0.07940408008391256
0 0.5279428318885975 0.6162504554078735 0.026455492142117266 0.03314438672260831
0 0.5279428318885975 0.6162504554078735 0.026455492142117266 0.03314438672260831
0 0.4727801428896334 0.6559748836223307 0.021840766749222952 0.034351689212119396
0 0.4727801428896334 0.6559748836223307 0.021840766749222952 0.034351689212119396
0 0.4543747452469983 0.6639882931654559 0.014173815963434677 0.03688469336130425
0 0.4543747452469983 0.6639882931654559 0.014173815963434677 0.03688469336130425
0 0.10895308333633946 0.6401658265594277 0.011956344499481996 0.022703794191141213
0 0.10895308333633946 0.6401658265594277 0.011956344499481996 0.022703794191141213
0 0.0843191104246447 0.5967467906666561 0.06970037799792801 0.09247276514684692