0 0.5987501822291132 0.7785973099445289 0.08363070616851012 0.05169827886860787
0 0.5987501822291132 0.7785973099445289 0.08363070616851012 0.05169827886860787
0 0.5960888323912691 0.7518527994211852 0.039471603084255055 0.02571263154179615
0 0.5960888323912691 0.7518527994211852 0.039471603084255055 0.02571263154179615
0 0.6613786416440345 0.6852715151497311 0.036782979707460584 0.050530621018452494
0 0.6613786416440345 0.6852715151497311 0.036782979707460584 0.050530621018452494
0 0.5084344683466702 0.3971737337208742 0.05512387662320535 0.028185184158514696
0 0.5084344683466702 0.3971737337208742 0.05512387662320535 0.028185184158514696
0 0.5187504054404568 0.3438135152909053 0.025245461850553142 0.015518584186749607
0 0.5187504054404568 0.3438135152909053 0.025245461850553142 0.015518584186749607
0 0.6164845219173924 0.30023709151456 0.0472295560063543 0.023042657850155468
0 0.6164845219173924 0.30023709151456 0.0472295560063543 0.023042657850155468