0 0.32259124724711763 0.5124851849873922 0.03895470364722229 0.06556109818322894
0 0.32259124724711763 0.5124851849873922 0.03895470364722229 0.06556109818322894
0 0.3562785290665969 0.3717167927135187 0.019477351823611145 0.03278054909161447
0 0.3562785290665969 0.3717167927135187 0.019477351823611145 0.03278054909161447
0 0.4342022008943399 0.44099320907415746 0.030633057370694418 0.043048369395056164
0 0.4342022008943399 0.44099320907415746 0.030633057370694418 0.043048369395056164
0 0.4606380675355899 0.41076370407318763 0.04513196846486114 0.06294628121376693
0 0.4606380675355899 0.41076370407318763 0.04513196846486114 0.06294628121376693
0 0.4896716041047219 0.40293535755694865 0.03404899810013902 0.055803460910325245
0 0.4896716041047219 0.40293535755694865 0.03404899810013902 0.055803460910325245
0 0.509929552717951 0.40362101270769973 0.01816942496187508 0.043590503333979846
0 0.509929552717951 0.40362101270769973 0.01816942496187508 0.043590503333979846
0 0.5201039865135413 0.4020107152830752 0.01653418977951393 0.040337957576345215
0 0.5201039865135413 0.4020107152830752 0.01653418977951393 0.040337957576345215
0 0.5417244133752774 0.4111625746761917 0.009993249050069508 0.02732777454580724
0 0.5417244133752774 0.4111625746761917 0.009993249050069508 0.02732777454580724
0 0.6008812078281941 0.4156908358860794 0.024601262917777866 0.051913186364518006
0 0.6008812078281941 0.4156908358860794 0.024601262917777866 0.051913186364518006
0 0.5796601712590621 0.42288145361414564 0.016425087005972294 0.0356504575763454
0 0.5796601712590621 0.42288145361414564 0.016425087005972294 0.0356504575763454
0 0.638835149507569 0.4266284648240333 0.01631598423243048 0.030962957576345394
0 0.638835149507569 0.4266284648240333 0.01631598423243048 0.030962957576345394
0 0.6102016564414232 0.41726931134027223 0.014717116641250172 0.029272911818710768
0 0.6102016564414232 0.41726931134027223 0.014717116641250172 0.029272911818710768
0 0.6937947532310412 0.44397559042800727 0.01802395459715278 0.03734050333397985
0 0.6937947532310412 0.44397559042800727 0.01802395459715278 0.03734050333397985
0 0.7621083421368746 0.4571135770920877 0.030414851823611144 0.03367336939505616
0 0.7621083421368746 0.4571135770920877 0.030414851823611144 0.03367336939505616
0 0.6296075795034372 0.3205538080062923 0.06624455547083344 0.09897937606301595
0 0.6296075795034372 0.3205538080062923 0.06624455547083344 0.09897937606301595
0 0.5977763512549302 0.3145747460378003 0.019477351823611145 0.03278054909161439
0 0.5977763512549302 0.3145747460378003 0.019477351823611145 0.03278054909161439
0 0.5757013295034372 0.3249541366446838 0.01631598423243048 0.030962957576345394
0 0.5757013295034372 0.3249541366446838 0.01631598423243048 0.030962957576345394
0 0.5686882632990276 0.3247468425540392 0.013045513867708358 0.024457866061076316