0 0.30253358815856773 0.6551024163266292 0.025190176764564677 0.04489642017181659
0 0.30253358815856773 0.6551024163266292 0.025190176764564677 0.04489642017181659
0 0.6936331074545997 0.6175569872212429 0.014039189212119395 0.020967597241038048
0 0.6936331074545997 0.6175569872212429 0.014039189212119395 0.020967597241038048
0 0.6857022082844366 0.6187100514455941 0.012121491701630304 0.016198210085908292
0 0.6857022082844366 0.6187100514455941 0.012121491701630304 0.016198210085908292
0 0.6416203215618281 0.6414990982570907 0.014039189212119395 0.020967597241038048
0 0.6416203215618281 0.6414990982570907 0.014039189212119395 0.020967597241038048
0 0.6377732711469097 0.6405131303692665 0.014275987552445458 0.02409259724103805
0 0.6377732711469097 0.6405131303692665 0.014275987552445458 0.02409259724103805
0 0.6062505840093829 0.6631760244218011 0.010440592531467275 0.014553822930778537
0 0.6062505840093829 0.6631760244218011 0.010440592531467275 0.014553822930778537
0 0.35917282923549804 0.7357216525318193 0.02088118506293446 0.029107645861557074
0 0.35917282923549804 0.7357216525318193 0.02088118506293446 0.029107645861557074
0 0.3498686842145199 0.7446462731786058 0.01728258838228234 0.02269387155129756
0 0.3498686842145199 0.7446462731786058 0.01728258838228234 0.02269387155129756
0 0.2990398900233787 0.7529633842144536 0.014394386722608399 0.02565509724103805
0 0.2990398900233787 0.7529633842144536 0.014394386722608399 0.02565509724103805
0 0.2942931904382972 0.7534989727490644 0.01763778589277143 0.02738137155129756
0 0.2942931904382972 0.7534989727490644 0.01763778589277143 0.02738137155129756