0 0.4508876551702258 0.6979626889966635 0.019697193361304245 0.013592063140062293
0 0.4508876551702258 0.6979626889966635 0.019697193361304245 0.013592063140062293
0 0.4551491026807148 0.6935027021508432 0.022822193361304245 0.013774073663405773
0 0.4551491026807148 0.6935027021508432 0.022822193361304245 0.013774073663405773
0 0.5311186842145199 0.7575644731269434 0.026183991701630306 0.017081084186749605
0 0.5311186842145199 0.7575644731269434 0.026183991701630306 0.017081084186749605
0 0.535735329235498 0.748416986281123 0.027983290041956366 0.020297089448421346
0 0.535735329235498 0.748416986281123 0.027983290041956366 0.020297089448421346
0 0.555231613053677 0.7189492941595134 0.06917697510489074 0.05069722099021767
0 0.555231613053677 0.7189492941595134 0.06917697510489074 0.05069722099021767
0 0.6691686715664726 0.4580033598598243 0.019933991701630304 0.016717063140062292
0 0.6691686715664726 0.4580033598598243 0.019933991701630304 0.016717063140062292
0 0.5839667226060911 0.3604465494211852 0.028456886722608488 0.026547089448421435