0 0.4462798206796341 0.419322607954966 0.027199536831702887 0.012639702344038462
0 0.4462798206796341 0.419322607954966 0.027199536831702887 0.012639702344038462
0 0.48428586782291927 0.6575933659745304 0.09226309471009327 0.033932513879660675
0 0.48428586782291927 0.6575933659745304 0.09226309471009327 0.033932513879660675
0 0.384413941415738 0.7469283713732013 0.02710853157003106 0.011077202344038462
0 0.384413941415738 0.7469283713732013 0.02710853157003106 0.011077202344038462
0 0.35530329408892614 0.7014761690291629 0.019296031570031145 0.010576554595791876
0 0.35530329408892614 0.7014761690291629 0.019296031570031145 0.010576554595791876
0 0.3547572625188951 0.6921011690291629 0.028671031570031057 0.011177331893687636
0 0.3547572625188951 0.6921011690291629 0.028671031570031057 0.011177331893687636
0 0.3452688704537552 0.6494630860557409 0.025637036831702886 0.012539572794389109
0 0.3452688704537552 0.6494630860557409 0.025637036831702886 0.012539572794389109
0 0.3374508522496652 0.42168853947951346 0.01451752630835923 0.008713665946843818
0 0.3374508522496652 0.42168853947951346 0.01451752630835923 0.008713665946843818
0 0.3404925522637826 0.40709511335363685 0.02233002630835923 0.00921431369509058
0 0.3404925522637826 0.40709511335363685 0.02233002630835923 0.00921431369509058
0 0.34725922077845617 0.3094586497508314 0.0786556210184525 0.04084384793281677
0 0.34725922077845617 0.3094586497508314 0.0786556210184525 0.04084384793281677
0 0.45149721267418685 0.5356287284053167 0.019114021046687312 0.007451554595791876