0 0.5938592267559911 0.6716684564246784 0.09516865626060227 0.052136052584647354
0 0.5938592267559911 0.6716684564246784 0.09516865626060227 0.052136052584647354
0 0.43424360226173625 0.3248586888072925 0.030124009618646853 0.01614516665180492
0 0.43424360226173625 0.3248586888072925 0.030124009618646853 0.01614516665180492
0 0.4475694922802697 0.30203828091959545 0.03341270072563951 0.02121636840462653
0 0.4475694922802697 0.30203828091959545 0.03341270072563951 0.02121636840462653
0 0.46382940934064515 0.27336542127907676 0.05939484736759475 0.052410982427199215
0 0.46382940934064515 0.27336542127907676 0.05939484736759475 0.052410982427199215
0 0.5322941779449666 0.1668840309641805 0.08116071996293321 0.051971894696950204
0 0.5322941779449666 0.1668840309641805 0.08116071996293321 0.051971894696950204
0 0.3564236479078998 0.23084660543680496 0.0761458377489479 0.04202134206771788
0 0.3564236479078998 0.23084660543680496 0.0761458377489479 0.04202134206771788
0 0.33765628974053175 0.2551197413919398 0.05879464664195542 0.035223482427199214
0 0.33765628974053175 0.2551197413919398 0.05879464664195542 0.035223482427199214
0 0.31402038229880314 0.29725185541451243 0.03971726442797028 0.023546271910269746
0 0.31402038229880314 0.29725185541451243 0.03971726442797028 0.023546271910269746
0 0.29242812449425487 0.33050244312246885 0.07674603847458741 0.059208842067717884
0 0.29242812449425487 0.33050244312246885 0.07674603847458741 0.059208842067717884
0 0.3009425181409854 0.3945787896168257 0.05432540145127884 0.0408979297979668
0 0.3009425181409854 0.3945787896168257 0.05432540145127884 0.0408979297979668
0 0.2727356725874891 0.3956883553922199 0.015897818511654283 0.009731008764107863
0 0.2727356725874891 0.3956883553922199 0.015897818511654283 0.009731008764107863
0 0.2920858733131285 0.41057364487529047 0.02220238221398514 0.01206091226975108
0 0.2920858733131285 0.41057364487529047 0.02220238221398514 0.01206091226975108
0 0.2962922236759482 0.4186877676842634 0.02376488221398514 0.012252763146161883
0 0.2962922236759482 0.4186877676842634 0.02376488221398514 0.012252763146161883
0 0.3461434346532066 0.5655637677065559 0.038045637023308564 0.02022942103385894
0 0.3461434346532066 0.5655637677065559 0.038045637023308564 0.02022942103385894
0 0.3527307405509892 0.5969235396391183 0.0477480192372937 0.030755526292323587
0 0.3527307405509892 0.5969235396391183 0.0477480192372937 0.030755526292323587
0 0.4030234064302382 0.6441011624703838 0.042896828130301046 0.025492473663091174
0 0.4030234064302382 0.6441011624703838 0.042896828130301046 0.025492473663091174
0 0.4094916612395617 0.6495837589647406 0.02856150961864685 0.015953315775394116
0 0.4094916612395617 0.6495837589647406 0.02856150961864685 0.015953315775394116
0 0.4298140849233591 0.6698418730096058 0.028779764427970277 0.022203315775394118
0 0.4298140849233591 0.6698418730096058 0.028779764427970277 0.022203315775394118
0 0.4862749052491119 0.7139083423352283 0.03837301923729371 0.029604421033858942