0 0.5471815062016991 0.4538329657808357 0.04921038981258548 0.030232874275053768
0 0.5471815062016991 0.4538329657808357 0.04921038981258548 0.030232874275053768
0 0.529197350487489 0.7198481294731458 0.03156824874635866 0.013305483403260432
0 0.529197350487489 0.7198481294731458 0.03156824874635866 0.013305483403260432
0 0.5240241171805364 0.7295899823775752 0.0441591769596041 0.017377676764564677
0 0.5240241171805364 0.7295899823775752 0.0441591769596041 0.017377676764564677
0 0.5108481672596786 0.7589931398461081 0.047329641066226814 0.019176975104890737
0 0.5108481672596786 0.7589931398461081 0.047329641066226814 0.019176975104890737
0 0.6355131981384912 0.810534174288987 0.045858069279472245 0.022183575934727882
0 0.6355131981384912 0.810534174288987 0.045858069279472245 0.022183575934727882
0 0.6359989314454436 0.8004371238740685 0.022102320533113406 0.009470088382282426
0 0.6359989314454436 0.8004371238740685 0.022102320533113406 0.009470088382282426
0 0.6606663108331879 0.7641094601817583 0.02848871285298138 0.014631185062934371
0 0.6606663108331879 0.7641094601817583 0.02848871285298138 0.014631185062934371
0 0.6626918120868293 0.7533495589370028 0.03795464106622681 0.018466580083912554
0 0.6626918120868293 0.7533495589370028 0.03795464106622681 0.018466580083912554
0 0.6673733004083466 0.699916905617655 0.03790917695960409 0.016904080083912733
0 0.6673733004083466 0.699916905617655 0.03790917695960409 0.016904080083912733
0 0.6927895228947466 0.47500033860599694 0.031704641066226814 0.017992983403260433
0 0.6927895228947466 0.47500033860599694 0.031704641066226814 0.017992983403260433
0 0.6895161072179136 0.36250033860599695 0.05288095909205772 0.04921967261537983
0 0.6895161072179136 0.36250033860599695 0.05288095909205772 0.04921967261537983