0 0.4700824966184113 0.4108969724314052 0.023564769334818082 0.013676950861519188
0 0.4700824966184113 0.4108969724314052 0.023564769334818082 0.013676950861519188
0 0.4687830786123661 0.4553369074026879 0.06279090133672707 0.03230520229738456
0 0.4687830786123661 0.4553369074026879 0.06279090133672707 0.03230520229738456
0 0.4511848565802312 0.690320671857059 0.03928067600254544 0.023315751435865374
0 0.4511848565802312 0.690320671857059 0.03928067600254544 0.023315751435865374
0 0.4389570292409588 0.7327009464262995 0.034538632001908987 0.01808036126356143
0 0.4389570292409588 0.7327009464262995 0.034538632001908987 0.01808036126356143
0 0.5315712432368226 0.774036184843659 0.023528406667727174 0.010551950861519188
0 0.5315712432368226 0.774036184843659 0.023528406667727174 0.010551950861519188
0 0.560035334619684 0.4120232007338955 0.05023635733609062 0.026156661837907613
0 0.560035334619684 0.4120232007338955 0.05023635733609062 0.026156661837907613
0 0.5620063672820024 0.44432839582004735 0.032939769334818084 0.0147727312061269