0 0.409124893239305 0.7329742564629717 0.09062630642076393 0.07081651878308026
0 0.409124893239305 0.7329742564629717 0.09062630642076393 0.07081651878308026
0 0.3801115000969092 0.6356071665390839 0.08579333605604171 0.06437551779449713
0 0.3801115000969092 0.6356071665390839 0.08579333605604171 0.06437551779449713
0 0.3842729764455551 0.5912032505314727 0.030160278685347208 0.021522172927693362
0 0.3842729764455551 0.5912032505314727 0.030160278685347208 0.021522172927693362
0 0.384073607904444 0.5661714170333754 0.02852504350298606 0.018333505931499162
0 0.384073607904444 0.5661714170333754 0.02852504350298606 0.018333505931499162
0 0.43500032826916624 0.5619905944096931 0.038227351823611144 0.03277800790866543
0 0.43500032826916624 0.5619905944096931 0.038227351823611144 0.03277800790866543
0 0.39261476614881907 0.467988585018153 0.03477504350298606 0.018588173916276672
0 0.39261476614881907 0.467988585018153 0.03477504350298606 0.018588173916276672
0 0.39668467030913157 0.46111650250863895 0.04745688145888893 0.0269100098858317
0 0.39668467030913157 0.46111650250863895 0.04745688145888893 0.0269100098858317
0 0.4043887207459719 0.43249675399151377 0.036373911094166725 0.02021434091247105
0 0.4043887207459719 0.43249675399151377 0.036373911094166725 0.02021434091247105
0 0.40931261008864545 0.4225315049800969 0.03641027868534721 0.021776840912470875
0 0.40931261008864545 0.4225315049800969 0.03641027868534721 0.021776840912470875
0 0.4332774401607636 0.4008302599230128 0.02852504350298606 0.018333505931498982
0 0.4332774401607636 0.4008302599230128 0.02852504350298606 0.018333505931498982
0 0.42960757950343725 0.39051484243252677 0.04113414627652787 0.023530341901054186
0 0.42960757950343725 0.39051484243252677 0.04113414627652787 0.023530341901054186
0 0.44408830680201367 0.3731190953982763 0.03321254350298623 0.018524506920082208
0 0.44408830680201367 0.3731190953982763 0.03321254350298623 0.018524506920082208
0 0.48126295811253444 0.28783285281265014 0.06333645459715279 0.038484179847775656
0 0.48126295811253444 0.28783285281265014 0.06333645459715279 0.038484179847775656
0 0.5384766992788192 0.24871861467564824 0.026926175911805572 0.016707338935304693
0 0.5384766992788192 0.24871861467564824 0.026926175911805572 0.016707338935304693
0 0.5367687289140971 0.2549049476794538 0.0190409407294446 0.013264003954332715
0 0.5367687289140971 0.2549049476794538 0.0190409407294446 0.013264003954332715
0 0.464895035334861 0.18472509885831742 0.04298758700597212 0.036094008897248564
0 0.464895035334861 0.18472509885831742 0.04298758700597212 0.036094008897248564
0 0.3994148524892013 0.2094266685162502 0.03641027868534721 0.021776840912470962
0 0.3994148524892013 0.2094266685162502 0.03641027868534721 0.021776840912470962
0 0.3891488465052776 0.24732591653908384 0.0556330573706945 0.04285334486680368
0 0.3891488465052776 0.24732591653908384 0.0556330573706945 0.04285334486680368
0 0.374068707162604 0.2568773300752371 0.03165004350298615 0.018460839923887827
0 0.374068707162604 0.2568773300752371 0.03165004350298615 0.018460839923887827
0 0.3578981932948956 0.2796781601132932 0.028525043502986146 0.018333505931498982
0 0.3578981932948956 0.2796781601132932 0.028525043502986146 0.018333505931498982
0 0.2846373055677426 0.5378779792769344 0.02856141109416672 0.01989600593149916
0 0.2846373055677426 0.5378779792769344 0.02856141109416672 0.01989600593149916
0 0.278932166225069 0.5478113947902541 0.03183188145888893 0.026273339923887917
0 0.278932166225069 0.5478113947902541 0.03183188145888893 0.026273339923887917
0 0.30254954454982586 0.6418306502274614 0.08768314437666672 0.07850168479069168
0 0.30254954454982586 0.6418306502274614 0.08768314437666672 0.07850168479069168
0 0.33534255433347165 0.7112000741437381 0.0908081443766667 0.07862901878308026