0 0.5016022278522995 0.3310189019335031 0.03820932813030105 0.02074885200509069
0 0.5016022278522995 0.3310189019335031 0.03820932813030105 0.02074885200509069
0 0.48789439191745 0.34133878393541206 0.03185020072563951 0.017551126670908877
0 0.48789439191745 0.34133878393541206 0.03185020072563951 0.017551126670908877
0 0.48784975189891655 0.36244162460218476 0.04127976442797028 0.019222714672181597
0 0.48784975189891655 0.36244162460218476 0.04127976442797028 0.019222714672181597
0 0.48669647966639795 0.37417855593573024 0.038045637023308564 0.01606135200509069
0 0.48669647966639795 0.37417855593573024 0.038045637023308564 0.01606135200509069
0 0.4688988883740709 0.5807194572724573 0.050709328130301046 0.020894302673454313
0 0.4688988883740709 0.5807194572724573 0.050709328130301046 0.020894302673454313
0 0.4447173439090338 0.6044478586091845 0.02387400961864685 0.012772720003181703
0 0.4447173439090338 0.6044478586091845 0.02387400961864685 0.012772720003181703
0 0.36294895561978086 0.34435579061904764 0.03977182813030113 0.020767033338636054
0 0.36294895561978086 0.34435579061904764 0.03977182813030113 0.020767033338636054
0 0.36158486306150944 0.30529329061904764 0.03815476442797028 0.01918635200509069
0 0.36158486306150944 0.30529329061904764 0.03815476442797028 0.01918635200509069
0 0.3895263245869221 0.2549478452816842 0.02063988221398514 0.009611357336090798
0 0.3895263245869221 0.2549478452816842 0.02063988221398514 0.009611357336090798
0 0.4331746316658309 0.20676433660886628 0.03017857332097762 0.014407945337363514