0 0.4615936700349984 0.3195451527741454 0.05039998933799979 0.04110564698048602
0 0.4615936700349984 0.3195451527741454 0.05039998933799979 0.04110564698048602
0 0.4782180960375437 0.3405036463146175 0.033012494668999894 0.02160448708094389
0 0.4782180960375437 0.3405036463146175 0.033012494668999894 0.02160448708094389
0 0.5842435660804963 0.6706866893527998 0.04707499466899989 0.023497481544205813
0 0.5842435660804963 0.6706866893527998 0.04707499466899989 0.023497481544205813
0 0.5949088934197688 0.7158038520207111 0.033012494668999894 0.02160448708094407
0 0.5949088934197688 0.7158038520207111 0.033012494668999894 0.02160448708094407
0 0.699196404081769 0.6955211441361037 0.042387494668999895 0.022866483389785232
0 0.699196404081769 0.6955211441361037 0.042387494668999895 0.022866483389785232
0 0.6607856953771343 0.4111011579779495 0.06753294533736351 0.038731806880027975
0 0.6607856953771343 0.4111011579779495 0.06753294533736351 0.038731806880027975