0 0.30949149565401274 0.53359375 0.024910719962933127 0.0421875
0 0.30949149565401274 0.53359375 0.024910719962933127 0.0421875
0 0.32285459120750903 0.53125 0.04771330290255769 0.06875
0 0.32285459120750903 0.53125 0.04771330290255769 0.06875
0 0.35553068195168186 0.53515625 0.01638889183263199 0.021875
0 0.35553068195168186 0.53515625 0.01638889183263199 0.021875
0 0.4504339541842005 0.546875 0.013154764427970278 0.01875
0 0.4504339541842005 0.546875 0.013154764427970278 0.01875
0 0.4686308826773213 0.51796875 0.023239092558271324 0.0390625
0 0.4686308826773213 0.51796875 0.023239092558271324 0.0390625
0 0.4867534001005165 0.5359375 0.01967758293962447 0.0265625
0 0.4867534001005165 0.5359375 0.01967758293962447 0.0265625
0 0.5064483412075089 0.53125 0.019459328130301046 0.0203125
0 0.5064483412075089 0.53125 0.019459328130301046 0.0203125
0 0.5816418033658938 0.45859375 0.021458337748947898 0.0328125
0 0.5816418033658938 0.45859375 0.021458337748947898 0.0328125
0 0.6127653177938641 0.43984375 0.02140377404661713 0.03125
0 0.6127653177938641 0.43984375 0.02140377404661713 0.03125
0 0.6999924992822099 0.44765625 0.0700793762235353 0.0828125
0 0.6999924992822099 0.44765625 0.0700793762235353 0.0828125
0 0.6250718556354793 0.5125 0.018115082939624473 0.0265625
0 0.6250718556354793 0.5125 0.018115082939624473 0.0265625
0 0.6307588604448027 0.50625 0.014826391832631814 0.021875
0 0.6307588604448027 0.50625 0.014826391832631814 0.021875
0 0.38149049202581564 0.61953125 0.021294646641955416 0.028125
0 0.38149049202581564 0.61953125 0.021294646641955416 0.028125
0 0.2884572546396874 0.64375 0.01800595553496285 0.0234375
0 0.2884572546396874 0.64375 0.01800595553496285 0.0234375