0 0.5013524449993293 0.7569505521226083 0.06995293507002245 0.0632882262518896
0 0.5013524449993293 0.7569505521226083 0.06995293507002245 0.0632882262518896
0 0.5329855887130229 0.7337251547252094 0.027363020678164318 0.018734589448421525
0 0.5329855887130229 0.7337251547252094 0.027363020678164318 0.018734589448421525
0 0.6323328870986652 0.43399744148632513 0.03866439371369381 0.027184126280124232
0 0.6323328870986652 0.43399744148632513 0.03866439371369381 0.027184126280124232
0 0.6387669776692058 0.3967704572713407 0.11094180810555195 0.07346686305535766
0 0.6387669776692058 0.3967704572713407 0.11094180810555195 0.07346686305535766
0 0.6087370293646168 0.35193609940706777 0.04840326674922295 0.035542657850155465
0 0.6087370293646168 0.35193609940706777 0.04840326674922295 0.035542657850155465
0 0.5385850411514411 0.39485237052434236 0.031832196856846906 0.014320105233436919
0 0.5385850411514411 0.39485237052434236 0.031832196856846906 0.014320105233436919