0 0.40159306447028287 0.5257909420606246 0.02560077729789594 0.009956881458888844
0 0.40159306447028287 0.5257909420606246 0.02560077729789594 0.009956881458888844
0 0.38552677591361995 0.49652166935920106 0.040464313695090404 0.02278418977951393
0 0.38552677591361995 0.49652166935920106 0.040464313695090404 0.02278418977951393
0 0.39249746915835976 0.4729568827900691 0.03683866594684391 0.014898954597152781
0 0.39249746915835976 0.4729568827900691 0.03683866594684391 0.014898954597152781
0 0.34840511258766976 0.3819331457078469 0.029326554595791875 0.019404616641249994
0 0.34840511258766976 0.3819331457078469 0.029326554595791875 0.019404616641249994
0 0.27353911320597857 0.5763565993550692 0.025901165946843906 0.014644381458888845
0 0.27353911320597857 0.5763565993550692 0.025901165946843906 0.014644381458888845
0 0.2969067620339593 0.5890741516917706 0.028926036397194554 0.013154616641249995
0 0.2969067620339593 0.5890741516917706 0.028926036397194554 0.013154616641249995