0 0.49770805728836576 0.2961773333845831 0.018895450668363623 0.013811127723940863
0 0.49770805728836576 0.2961773333845831 0.018895450668363623 0.013811127723940863
0 0.49374726328772933 0.30113798499373734 0.022020450668363622 0.01402964901126431
0 0.49374726328772933 0.30113798499373734 0.022020450668363622 0.01402964901126431
0 0.4147688352960017 0.2457727778204859 0.02518181333545435 0.01737317029858776
0 0.4147688352960017 0.2457727778204859 0.02518181333545435 0.01737317029858776
0 0.410753497294729 0.25542092942964023 0.026780676002545432 0.020607430942249483
0 0.410753497294729 0.25542092942964023 0.026780676002545432 0.020607430942249483
0 0.3924393019573656 0.2863649268317502 0.06618862133990877 0.05302644703379285
0 0.3924393019573656 0.2863649268317502 0.06618862133990877 0.05302644703379285
0 0.29169222525464 0.5588187170606086 0.01893181333545444 0.016936127723940864
0 0.29169222525464 0.5588187170606086 0.01893181333545444 0.016936127723940864
0 0.38045418590868596 0.645504980050059 0.02685340133672707 0.026857430942249395