0 0.4604430217716097 0.4445174465542096 0.020502676764564676 0.04606365989954213
0 0.4604430217716097 0.4445174465542096 0.020502676764564676 0.04606365989954213
0 0.5462020004009853 0.48632956526114873 0.04521925684847723 0.08650831795350467
0 0.5462020004009853 0.48632956526114873 0.04521925684847723 0.08650831795350467
0 0.6212728553800072 0.4855034284313495 0.017022479254075584 0.040955494463261743
0 0.6212728553800072 0.4855034284313495 0.017022479254075584 0.040955494463261743
0 0.650249960359029 0.49088210678668603 0.01785127344521662 0.051892994463261746
0 0.650249960359029 0.49088210678668603 0.01785127344521662 0.051892994463261746
0 0.6628208153380509 0.49846927868249435 0.01619368506293455 0.030017994463261744
0 0.6628208153380509 0.49846927868249435 0.01619368506293455 0.030017994463261744
0 0.698854326335713 0.4209302906787607 0.0486043659766839 0.06995181610792525
0 0.698854326335713 0.4209302906787607 0.0486043659766839 0.06995181610792525
0 0.6110000514406038 0.38635975468996175 0.029285680913749522 0.03951315620838329
0 0.6110000514406038 0.38635975468996175 0.029285680913749522 0.03951315620838329
0 0.2948790665874507 0.3639581282677706 0.016548882573423462 0.034705494463261745
0 0.2948790665874507 0.3639581282677706 0.016548882573423462 0.034705494463261745
0 0.23285174065272302 0.41715810519802765 0.021473180913749522 0.03846149261768232