0 0.48748612235293376 0.7173723190496525 0.03357732450563215 0.01419334430002106
0 0.48748612235293376 0.7173723190496525 0.03357732450563215 0.01419334430002106
0 0.48447573683532286 0.6827587097663227 0.0482953883676025 0.024963706142887253
0 0.48447573683532286 0.6827587097663227 0.0482953883676025 0.024963706142887253
0 0.48238871295010927 0.6682250401758486 0.04138982450563215 0.014968545323835514
0 0.48238871295010927 0.6682250401758486 0.04138982450563215 0.014968545323835514
0 0.4640811093634835 0.6304743329401477 0.028780563861970344 0.012165723685732387
0 0.4640811093634835 0.6304743329401477 0.028780563861970344 0.012165723685732387
0 0.46791630354728475 0.6200080025306219 0.0494208457929556 0.018868746347650144
0 0.46791630354728475 0.6200080025306219 0.0494208457929556 0.018868746347650144
0 0.4713251628338938 0.5490692927353849 0.03368658514929379 0.01575584430002088
0 0.4713251628338938 0.5490692927353849 0.03368658514929379 0.01575584430002088
0 0.4627478383282616 0.5607819937591993 0.017952324505632156 0.012642942252391976
0 0.4627478383282616 0.5607819937591993 0.017952324505632156 0.012642942252391976
0 0.48027309998032947 0.2657795741687252 0.02710880321830871 0.010448183480969497
0 0.48027309998032947 0.2657795741687252 0.02710880321830871 0.010448183480969497
0 0.4800381531986382 0.25804459427110665 0.023874542574646895 0.008575603071443626
0 0.4800381531986382 0.25804459427110665 0.023874542574646895 0.008575603071443626
0 0.36849971965849865 0.27764619880927305 0.04840464901126431 0.026526206142887254
0 0.36849971965849865 0.27764619880927305 0.04840464901126431 0.026526206142887254
0 0.3664619722563887 0.29569246891165457 0.037248627723940865 0.022315924709546842
0 0.3664619722563887 0.29569246891165457 0.037248627723940865 0.022315924709546842
0 0.35836025913105246 0.40045748901403605 0.02118658514929388 0.014515522661917756
0 0.35836025913105246 0.40045748901403605 0.02118658514929388 0.014515522661917756
0 0.3595899873395259 0.5492946874783142 0.05777964901126431 0.027456447371464777
0 0.3595899873395259 0.5492946874783142 0.05777964901126431 0.027456447371464777
0 0.3694734497085575 0.6631367251235407 0.06534077673520518 0.04682660819051634
0 0.3694734497085575 0.6631367251235407 0.06534077673520518 0.04682660819051634
0 0.38096832458250673 0.6984601132806746 0.03179630321830871 0.01091330409525817
0 0.38096832458250673 0.6984601132806746 0.03179630321830871 0.01091330409525817