0 0.4561156791791916 0.2382774186028211 0.07387711575678076 0.03521134134309047
0 0.4561156791791916 0.2382774186028211 0.07387711575678076 0.03521134134309047
0 0.453688629193309 0.25313934993636655 0.02894404735504672 0.014389764003817973
0 0.453688629193309 0.25313934993636655 0.02894404735504672 0.014389764003817973
0 0.5449521240728115 0.4019757445894581 0.036574536831702885 0.011355670671545148
0 0.5449521240728115 0.4019757445894581 0.036574536831702885 0.011355670671545148
0 0.5244443900695884 0.6200354012571854 0.03206904735504672 0.014426126670909057
0 0.5244443900695884 0.6200354012571854 0.03206904735504672 0.014426126670909057
0 0.48536720854190973 0.6743598219287306 0.04685958944842135 0.027089758672817866
0 0.48536720854190973 0.6743598219287306 0.04685958944842135 0.027089758672817866
0 0.4979350979762137 0.6328353932606852 0.0413530420933748 0.012972714672181595
0 0.4979350979762137 0.6328353932606852 0.0413530420933748 0.012972714672181595
0 0.682968792587485 0.49874056190327726 0.057251057878390375 0.017842028007635947
0 0.682968792587485 0.49874056190327726 0.057251057878390375 0.017842028007635947
0 0.6134584713431536 0.2981234912476403 0.07424113680346807 0.04146134134309047
0 0.6134584713431536 0.2981234912476403 0.07424113680346807 0.04146134134309047
0 0.6042500713149186 0.26856326058245844 0.038683068401734036 0.02074885200509069
0 0.6042500713149186 0.26856326058245844 0.038683068401734036 0.02074885200509069
0 0.513216276661295 0.35706323392745787 0.04015456314006229 0.019204533338636143