0 0.3526116894625301 0.56712821375428 0.01715278366526398 0.045853327181401934
0 0.3526116894625301 0.56712821375428 0.01715278366526398 0.045853327181401934
0 0.7433458168671917 0.5176700342192326 0.010084328130301046 0.021574496308841163
0 0.7433458168671917 0.5176700342192326 0.010084328130301046 0.021574496308841163
0 0.7355333168671917 0.5187216978099336 0.009920637023308388 0.016886996308841162
0 0.7355333168671917 0.5187216978099336 0.009920637023308388 0.016886996308841162
0 0.690875581295162 0.5435713466359992 0.010084328130301046 0.021574496308841163
0 0.690875581295162 0.5435713466359992 0.010084328130301046 0.021574496308841163
0 0.6869147675928312 0.5425346784313495 0.010193455534962936 0.024699496308841162
0 0.6869147675928312 0.5425346784313495 0.010193455534962936 0.024699496308841162
0 0.6547843138719669 0.5664829155122936 0.00830357332097762 0.015114163590700969
0 0.6547843138719669 0.5664829155122936 0.00830357332097762 0.015114163590700969
0 0.4056399749418926 0.6471163167737939 0.016607146641955416 0.030228327181401938
0 0.4056399749418926 0.6471163167737939 0.016607146641955416 0.030228327181401938
0 0.3957292616023814 0.6555147294417051 0.013263891832631991 0.02355766174512155
0 0.3957292616023814 0.6555147294417051 0.013263891832631991 0.02355766174512155
0 0.3450571390070431 0.6654755427812613 0.010248019237293704 0.026261996308841164
0 0.3450571390070431 0.6654755427812613 0.010248019237293704 0.026261996308841164
0 0.3403696390070431 0.6661065409356819 0.011865082939624561 0.028034829026981355
0 0.3403696390070431 0.6661065409356819 0.011865082939624561 0.028034829026981355