0 0.7403958644267499 0.47265625 0.0217798247398008 0.0578125
0 0.7403958644267499 0.47265625 0.0217798247398008 0.0578125
0 0.7085726543408416 0.46171875 0.021206614653892685 0.046875
0 0.7085726543408416 0.46171875 0.021206614653892685 0.046875
0 0.6969767350735363 0.4640625 0.009614017412854637 0.034375
0 0.6969767350735363 0.4640625 0.009614017412854637 0.034375
0 0.3743105189947342 0.50859375 0.03000176051544958 0.065625
0 0.3743105189947342 0.50859375 0.03000176051544958 0.065625
0 0.4121004460639558 0.49921875 0.026139776119281775 0.0515625
0 0.4121004460639558 0.49921875 0.026139776119281775 0.0515625
0 0.42098412313317723 0.48984375 0.039949970601357875 0.0765625
0 0.42098412313317723 0.48984375 0.039949970601357875 0.0765625
0 0.297829906149864 0.51015625 0.016525758706427317 0.0171875
0 0.297829906149864 0.51015625 0.016525758706427317 0.0171875
0 0.3418288896415206 0.5 0.016361984396167806 0.0140625
0 0.3418288896415206 0.5 0.016361984396167806 0.0140625
0 0.28811631218818634 0.36953125 0.049577276119281775 0.0515625
0 0.28811631218818634 0.36953125 0.049577276119281775 0.0515625
0 0.35514003787792686 0.36640625 0.014874727498762752 0.0453125
0 0.35514003787792686 0.36640625 0.014874727498762752 0.0453125
0 0.6281338025772479 0.328125 0.020633404567984216 0.0359375
0 0.6281338025772479 0.328125 0.020633404567984216 0.0359375
0 0.5958568911118587 0.3234375 0.0122476944820761 0.025
0 0.5958568911118587 0.3234375 0.0122476944820761 0.025
0 0.6842200282669884 0.325 0.02161605042954129 0.0546875
0 0.6842200282669884 0.325 0.02161605042954129 0.0546875
0 0.6946662053362098 0.315625 0.01627345318850324 0.0421875
0 0.6946662053362098 0.315625 0.01627345318850324 0.0421875
0 0.7382867305509805 0.34296875 0.0122476944820761 0.025
0 0.7382867305509805 0.34296875 0.0122476944820761 0.025
0 0.7488147947753317 0.33515625 0.022769114653892687 0.046875