0 0.45778659537032207 0.4225102493226315 0.008248876623205347 0.025409435775648782
0 0.45778659537032207 0.4225102493226315 0.008248876623205347 0.025409435775648782
0 0.48156896874711663 0.3962409984181203 0.01943183847375849 0.04004514586155707
0 0.48156896874711663 0.3962409984181203 0.01943183847375849 0.04004514586155707
0 0.5050201055165917 0.395793941091174 0.013100017856907443 0.03503009724103805
0 0.5050201055165917 0.395793941091174 0.013100017856907443 0.03503009724103805
0 0.5819041594943514 0.32060583333468645 0.016115923701106104 0.028943871551297563
0 0.5819041594943514 0.32060583333468645 0.016115923701106104 0.028943871551297563
0 0.37853369764379824 0.3171886635015542 0.012936376623205436 0.02565509724103805
0 0.37853369764379824 0.3171886635015542 0.012936376623205436 0.02565509724103805
0 0.37274734780595403 0.3440787121220732 0.009838650162155816 0.027053822930778536
0 0.37274734780595403 0.3440787121220732 0.009838650162155816 0.027053822930778536