0 0.4993926206865753 0.3461225226200838 0.07915190445914604 0.06769924497802293
0 0.4993926206865753 0.3461225226200838 0.07915190445914604 0.06769924497802293
0 0.5171153522492434 0.40002706855346315 0.06868429802252862 0.05103371435577007
0 0.5171153522492434 0.40002706855346315 0.06868429802252862 0.05103371435577007
0 0.5107343122724866 0.3752880532423367 0.07337179802252862 0.05155397966689641
0 0.5107343122724866 0.3752880532423367 0.07337179802252862 0.05155397966689641
0 0.6008394142696284 0.6550537437944209 0.0881991225281606 0.0640522756002758
0 0.6008394142696284 0.6550537437944209 0.0881991225281606 0.0640522756002758
0 0.6233371271428632 0.6885582268093021 0.024420845792955604 0.016663826555632255
0 0.6233371271428632 0.6885582268093021 0.024420845792955604 0.016663826555632255
0 0.5458401938548251 0.7442973338645895 0.07871486188449914 0.061449244978022934
0 0.5458401938548251 0.7442973338645895 0.07871486188449914 0.061449244978022934
0 0.48718110585553964 0.6703455327866357 0.04270095222957302 0.03419646602976236
0 0.48718110585553964 0.6703455327866357 0.04270095222957302 0.03419646602976236
0 0.48485378134990753 0.6592346110162601 0.03924817029858776 0.029162122489011465
0 0.48485378134990753 0.6592346110162601 0.03924817029858776 0.029162122489011465
0 0.40711727539782283 0.46766260754567773 0.07526207995351371 0.056414901437272034
0 0.40711727539782283 0.46766260754567773 0.07526207995351371 0.056414901437272034
0 0.40068160509923506 0.4421423422345514 0.10636996832111638 0.08002241507440608
0 0.40068160509923506 0.4421423422345514 0.10636996832111638 0.08002241507440608