0 0.5326014797671184 0.40294785168638664 0.05516027868534721 0.02477660151720862
0 0.5326014797671184 0.40294785168638664 0.05516027868534721 0.02477660151720862
0 0.6032789620996879 0.4913723650223062 0.045676175911805575 0.01932382697140156
0 0.6032789620996879 0.4913723650223062 0.045676175911805575 0.01932382697140156
0 0.6178142407850351 0.512832776841017 0.031468205547083274 0.011925915152690791
0 0.6178142407850351 0.512832776841017 0.031468205547083274 0.011925915152690791
0 0.6320592319513199 0.5553231657809106 0.039244337955902785 0.0110011439408634
0 0.6320592319513199 0.5553231657809106 0.039244337955902785 0.0110011439408634
0 0.5010683775622576 0.7902566619878886 0.05218074905006951 0.030771510001939718
0 0.5010683775622576 0.7902566619878886 0.05218074905006951 0.030771510001939718
0 0.68845731515757 0.7002847215404847 0.03960801386770836 0.0266261439408634
0 0.68845731515757 0.7002847215404847 0.03960801386770836 0.0266261439408634
0 0.6974868230413547 0.6862062460862919 0.05508754350298624 0.02165160151720862
0 0.6974868230413547 0.6862062460862919 0.05508754350298624 0.02165160151720862
0 0.5948994983844793 0.29886600062821983 0.02053070554708327 0.011033094849248925