0 0.4548712907070612 0.6888204273758186 0.02738137155129756 0.01841683124924458
0 0.4548712907070612 0.6888204273758186 0.02738137155129756 0.01841683124924458
0 0.4569251136378398 0.6796096527434212 0.02417448439616763 0.016525880514039314
0 0.4569251136378398 0.6796096527434212 0.02417448439616763 0.016525880514039314
0 0.471888372344267 0.6639001810518448 0.03543953301668683 0.023925458087257566
0 0.471888372344267 0.6639001810518448 0.03543953301668683 0.023925458087257566
0 0.451828177862191 0.6869294766406133 0.025736984396167804 0.016690105881641947
0 0.451828177862191 0.6869294766406133 0.025736984396167804 0.016690105881641947
0 0.5670581094539683 0.5867065023727968 0.02738137155129756 0.01841683124924458
0 0.5670581094539683 0.5867065023727968 0.02738137155129756 0.01841683124924458
0 0.7222889213034703 0.45769454961124423 0.06733798620519008 0.06923324007170742
0 0.7222889213034703 0.45769454961124423 0.06733798620519008 0.06923324007170742
0 0.6911783621675017 0.5266956056781984 0.033958920171816585 0.02532373271965511
0 0.6911783621675017 0.5266956056781984 0.033958920171816585 0.02532373271965511
0 0.6843960956591584 0.5361949542077878 0.030752033016686654 0.023432781984449848
0 0.6843960956591584 0.5361949542077878 0.030752033016686654 0.023432781984449848
0 0.6404336544564426 0.6855427707529277 0.0434976944820761 0.02943408492527073
0 0.6404336544564426 0.6855427707529277 0.0434976944820761 0.02943408492527073
0 0.6275651622583588 0.6912602178121068 0.04826708163720568 0.03148926102807863
0 0.6275651622583588 0.6912602178121068 0.04826708163720568 0.03148926102807863
0 0.6291686058359236 0.6906431931797095 0.051392081637205676 0.03181771176328389
0 0.6291686058359236 0.6906431931797095 0.051392081637205676 0.03181771176328389
0 0.5971030563108934 0.7179095485114583 0.05961401741285464 0.040451338601296884
0 0.5971030563108934 0.7179095485114583 0.05961401741285464 0.040451338601296884
0 0.6067303618288175 0.7440591260846766 0.03058825870642732 0.020307781984449845
0 0.6067303618288175 0.7440591260846766 0.03058825870642732 0.020307781984449845
0 0.5914019329505736 0.7817257104600543 0.037002033016686656 0.02408968345486038
0 0.5914019329505736 0.7817257104600543 0.037002033016686656 0.02408968345486038
0 0.5541475944159628 0.7730968016375914 0.034122694482076096 0.028448732719654934