0 0.38764147270229776 0.4850457740304591 0.04807793507002254 0.06201415258848364
0 0.38764147270229776 0.4850457740304591 0.04807793507002254 0.06201415258848364
0 0.4101692901134745 0.4641494451053815 0.03826628742738745 0.052093121018452496
0 0.4101692901134745 0.4641494451053815 0.03826628742738745 0.052093121018452496
0 0.48039189888098016 0.47494346096098417 0.04419095574818712 0.07892863680346807
0 0.48039189888098016 0.47494346096098417 0.04419095574818712 0.07892863680346807
0 0.5323182719165095 0.4797527873258131 0.017298815963434678 0.03684755261671846
0 0.5323182719165095 0.4797527873258131 0.017298815963434678 0.03684755261671846
0 0.6510361927185084 0.5394246479620962 0.04502570967712849 0.06339464206513981
0 0.6510361927185084 0.5394246479620962 0.04502570967712849 0.06339464206513981
0 0.33777636744944883 0.6085889608198098 0.05788958271265772 0.07193518415851478
0 0.33777636744944883 0.6085889608198098 0.05788958271265772 0.07193518415851478
0 0.2974039245215434 0.582739092361606 0.021695217535011226 0.030870568401734032