0 0.6801484335570147 0.5951255424561464 0.014471676959604097 0.014389808320625086
0 0.6801484335570147 0.5951255424561464 0.014471676959604097 0.014389808320625086
0 0.6845918926490724 0.6405107776385075 0.019932066772189748 0.04106141109416654
0 0.6845918926490724 0.6405107776385075 0.019932066772189748 0.04106141109416654
0 0.7393893897460785 0.5114058123077785 0.02154003087881229 0.042660278685347205
0 0.7393893897460785 0.5114058123077785 0.02154003087881229 0.042660278685347205
0 0.7125397332404455 0.47408699705329926 0.026136602665567034 0.03964438145888884
0 0.7125397332404455 0.47408699705329926 0.026136602665567034 0.03964438145888884
0 0.6884573755603136 0.47821079939000055 0.04799488229073816 0.09324216014423606
0 0.6884573755603136 0.47821079939000055 0.04799488229073816 0.09324216014423606
0 0.6289028676427548 0.39016463231191023 0.013318353919208192 0.028415940729444422