0 0.5655356765437751 0.22227915392268532 0.04276024431795715 0.03330339600572696
0 0.5655356765437751 0.22227915392268532 0.04276024431795715 0.03330339600572696
0 0.609807827923747 0.2366047359166402 0.03941705600635448 0.020767033338636144
0 0.609807827923747 0.2366047359166402 0.03941705600635448 0.020767033338636144
0 0.5870833940763711 0.24077461525304916 0.025245461850553142 0.014353401336727068
0 0.5870833940763711 0.24077461525304916 0.025245461850553142 0.014353401336727068
0 0.6756923319842321 0.5342149852403224 0.02376478246740401 0.019022720003181705
0 0.6756923319842321 0.5342149852403224 0.02376478246740401 0.019022720003181705
0 0.669000226871382 0.6491132792409587 0.0333306972400564 0.030069308004454242
0 0.669000226871382 0.6491132792409587 0.0333306972400564 0.030069308004454242
0 0.6817905531702759 0.6770837379058225 0.04100682954530477 0.022347714672181596
0 0.6817905531702759 0.6770837379058225 0.04100682954530477 0.022347714672181596
0 0.5947775227314668 0.6054547332511401 0.03780000892845372 0.017623852005090514
0 0.5947775227314668 0.6054547332511401 0.03780000892845372 0.017623852005090514
0 0.49075781899529325 0.255174017266094 0.02837046185055314 0.014389764003817973
0 0.49075781899529325 0.255174017266094 0.02837046185055314 0.014389764003817973
0 0.48538452638161933 0.24976890193350307 0.029905688311602674 0.012845445337363514
0 0.48538452638161933 0.24976890193350307 0.029905688311602674 0.012845445337363514
0 0.4716356720795483 0.23196378393541206 0.025409103084255057 0.023728401336727066