0 0.30882680754224506 0.5941566075819242 0.011646828130301046 0.020949536831702885
0 0.30882680754224506 0.5941566075819242 0.011646828130301046 0.020949536831702885
0 0.3343898027329216 0.6019081943995097 0.01342758293962456 0.027290542093374802
0 0.3343898027329216 0.6019081943995097 0.01342758293962456 0.027290542093374802
0 0.349260834584087 0.6019914943853923 0.015099210344286185 0.03050654735504672
0 0.349260834584087 0.6019914943853923 0.015099210344286185 0.03050654735504672
0 0.644937922333035 0.5863334862105358 0.031815484390903495 0.06266659997176519
0 0.644937922333035 0.5863334862105358 0.031815484390903495 0.06266659997176519
0 0.6629711597191633 0.5631157940889262 0.03261409255827132 0.04088260523343692
0 0.6629711597191633 0.5631157940889262 0.03261409255827132 0.04088260523343692
0 0.6934349313187097 0.6995384124765428 0.035193455534962934 0.025439615756780755
0 0.6934349313187097 0.6995384124765428 0.035193455534962934 0.025439615756780755
0 0.6393823483790853 0.7230067335796999 0.019459328130301046 0.021404563140062293