0 0.5279000329393914 0.34577090037383085 0.04884169158591121 0.03250096921791963
0 0.5279000329393914 0.34577090037383085 0.04884169158591121 0.03250096921791963
0 0.5296099984105161 0.3591250831941295 0.05832595222957302 0.034938663061503575
0 0.5296099984105161 0.3591250831941295 0.05832595222957302 0.034938663061503575
0 0.5552269934668376 0.47017753806099866 0.05174817029858776 0.029667700499114248
0 0.5552269934668376 0.47017753806099866 0.05174817029858776 0.029667700499114248
0 0.5598980679724697 0.4814797021624919 0.04851390965492612 0.027813469217919717
0 0.5598980679724697 0.4814797021624919 0.04851390965492612 0.027813469217919717
0 0.5592199968210323 0.6715731613971161 0.05988845222957302 0.03508452870210092
0 0.5592199968210323 0.6715731613971161 0.05988845222957302 0.03508452870210092
0 0.5515003319703261 0.6832709003738309 0.025983345792955602 0.016396350249557302
0 0.5515003319703261 0.6832709003738309 0.025983345792955602 0.016396350249557302
0 0.4993311806132734 0.7474780544920285 0.027436585149293792 0.014979715890154566
0 0.4993311806132734 0.7474780544920285 0.027436585149293792 0.014979715890154566
0 0.6364816193491929 0.7331163465051902 0.02431158514929379 0.01468798460895986
0 0.6364816193491929 0.7331163465051902 0.02431158514929379 0.01468798460895986
0 0.6618751032576495 0.696679428035942 0.02107732450563198 0.012833753327765152
0 0.6618751032576495 0.696679428035942 0.02107732450563198 0.012833753327765152
0 0.6812371084534297 0.6627840470043045 0.014718063861970521 0.010687790765375738
0 0.6812371084534297 0.6627840470043045 0.014718063861970521 0.010687790765375738
0 0.6193609132612222 0.3550852903487741 0.051278276735205 0.04514683485851698