0 0.29760175253188875 0.4677305365046009 0.03257937622353531 0.08523586939505616
0 0.29760175253188875 0.4677305365046009 0.03257937622353531 0.08523586939505616
0 0.39470244182478276 0.4214139037736252 0.02562004809323426 0.06441318636451801
0 0.39470244182478276 0.4214139037736252 0.02562004809323426 0.06441318636451801
0 0.3773239688666248 0.4173481571076051 0.015917665879249122 0.054272911818710766
0 0.3773239688666248 0.4173481571076051 0.015917665879249122 0.054272911818710766
0 0.5873710914619631 0.39706825270576007 0.023621038474587408 0.05178564060688347
0 0.5873710914619631 0.39706825270576007 0.023621038474587408 0.05178564060688347
0 0.6340451948200077 0.3650531070979067 0.034196439925866254 0.0869259151526907
0 0.6340451948200077 0.3650531070979067 0.034196439925866254 0.0869259151526907
0 0.6407713991738442 0.4679230155826376 0.008358137023308388 0.016262728788172608
0 0.6407713991738442 0.4679230155826376 0.008358137023308388 0.016262728788172608
0 0.6165997783926044 0.5161212705836075 0.02496528366526398 0.04566318636451801