0 0.21957508197804138 0.4277491873266971 0.031024506920082295 0.03610751363713405
0 0.21957508197804138 0.4277491873266971 0.031024506920082295 0.03610751363713405
0 0.23425966448755542 0.43330294414526416 0.02652800790866543 0.040274748326007526
0 0.23425966448755542 0.43330294414526416 0.02652800790866543 0.040274748326007526
0 0.2774194154761386 0.43338454283058975 0.03022601087441492 0.0546840918667586
0 0.2774194154761386 0.43338454283058975 0.03022601087441492 0.0546840918667586
0 0.2897920814837498 0.4378969169935936 0.029907675893442943 0.0468715918667586
0 0.2897920814837498 0.4378969169935936 0.029907675893442943 0.0468715918667586
0 0.4090540760465423 0.47703164331250536 0.04766817885919252 0.06284173134088888
0 0.4090540760465423 0.47703164331250536 0.04766817885919252 0.06284173134088888
0 0.7056359628909499 0.6519950058801601 0.04785917984777566 0.06752923134088888
0 0.7056359628909499 0.6519950058801601 0.04785917984777566 0.06752923134088888
0 0.7614959851340714 0.552249174302551 0.03427684091247105 0.039579357177884945
0 0.7614959851340714 0.552249174302551 0.03427684091247105 0.039579357177884945
0 0.6930616615218058 0.4983514446356544 0.024901840912470875 0.038538826555632254
0 0.6930616615218058 0.4983514446356544 0.024901840912470875 0.038538826555632254
0 0.6838139955141946 0.4941859140134016 0.02002333992388792 0.03333106124450573
0 0.6838139955141946 0.4941859140134016 0.02002333992388792 0.03333106124450573
0 0.6409234999628189 0.4682363544428883 0.024838173916276674 0.03697632655563225
0 0.6409234999628189 0.4682363544428883 0.024838173916276674 0.03697632655563225
0 0.6425151748676787 0.4291738544428883 0.037592841901054184 0.04461370071863584
0 0.6425151748676787 0.4291738544428883 0.037592841901054184 0.04461370071863584
0 0.44892168376492736 0.3653086331459535 0.026655341901054185 0.0433997483260077
0 0.44892168376492736 0.3653086331459535 0.026655341901054185 0.0433997483260077
0 0.3990490177573161 0.3566341364939383 0.02997134288963732 0.0484340918667586
0 0.3990490177573161 0.3566341364939383 0.02997134288963732 0.0484340918667586
0 0.3870583537268712 0.3427467623309345 0.04173651384016441 0.06996054425938691
0 0.3870583537268712 0.3427467623309345 0.04173651384016441 0.06996054425938691
0 0.3381751847535105 0.3483081874492947 0.025029174904859806 0.041663826555632166
0 0.3381751847535105 0.3483081874492947 0.025029174904859806 0.041663826555632166
0 0.32964510174970485 0.34579186771222953 0.021713173916276675 0.036629483014881184
0 0.32964510174970485 0.34579186771222953 0.021713173916276675 0.036629483014881184
0 0.27631185471545444 0.3257463166342756 0.03504084486680377 0.05832935717788494
0 0.27631185471545444 0.3257463166342756 0.03504084486680377 0.05832935717788494
0 0.2594426896964263 0.3160261771601453 0.04648768083635879 0.07204330957051344
0 0.2594426896964263 0.3160261771601453 0.04648768083635879 0.07204330957051344
0 0.3315020790122919 0.45429805479373153 0.025156508897248565 0.04478882655563225