0 0.4631322090045886 0.7549617734149299 0.05687729139585791 0.03626475292686617
0 0.4631322090045886 0.7549617734149299 0.05687729139585791 0.03626475292686617
0 0.4319393413131323 0.26576746320827543 0.02527273538950343 0.015770445745273955
0 0.4319393413131323 0.26576746320827543 0.02527273538950343 0.015770445745273955
0 0.4234546854689336 0.27196746623333756 0.022065914772652385 0.011064765027114643
0 0.4234546854689336 0.27196746623333756 0.022065914772652385 0.011064765027114643
0 0.3789837110364789 0.3646680506404888 0.023628414772652383 0.011073855386194254
0 0.3789837110364789 0.3646680506404888 0.023628414772652383 0.011073855386194254
0 0.34552592329077375 0.6855345416634984 0.023710235389503433 0.015761355386194255
0 0.34552592329077375 0.6855345416634984 0.023710235389503433 0.015761355386194255
0 0.3619145823813833 0.7293754452542945 0.029905688311602674 0.012672716822512697
0 0.3619145823813833 0.7293754452542945 0.029905688311602674 0.012672716822512697
0 0.382363450076135 0.7373061199223295 0.018913641233702094 0.009484084308955332
0 0.382363450076135 0.7373061199223295 0.018913641233702094 0.009484084308955332
0 0.40156346346881555 0.763196454231285 0.025300008928453722 0.017332945745273776