0 0.587231474273201 0.30295252789874894 0.057528276735205 0.04540953628657398
0 0.587231474273201 0.30295252789874894 0.057528276735205 0.04540953628657398
0 0.594814381330237 0.3447688810090267 0.03299817029858776 0.027734020735185095
0 0.594814381330237 0.3447688810090267 0.03299817029858776 0.027734020735185095
0 0.5962347696978396 0.36508138100902665 0.053529191585911205 0.032636134213055445
0 0.5962347696978396 0.36508138100902665 0.053529191585911205 0.032636134213055445
0 0.687914171306994 0.3769846416594432 0.09641581411407199 0.09074116013203684
0 0.687914171306994 0.3769846416594432 0.09641581411407199 0.09074116013203684
0 0.7086526422260003 0.429269603063795 0.06130884059717552 0.05505793836009261
0 0.7086526422260003 0.429269603063795 0.06130884059717552 0.05505793836009261
0 0.6728511720632986 0.5946314714426377 0.043826409654926124 0.027128427992499836
0 0.6728511720632986 0.5946314714426377 0.043826409654926124 0.027128427992499836
0 0.673200733327379 0.6218385204058784 0.03256112772394086 0.021484020735185183
0 0.673200733327379 0.6218385204058784 0.03256112772394086 0.021484020735185183
0 0.6744954355569519 0.6514576698874988 0.05385697351689629 0.03732363421305536
0 0.6744954355569519 0.6514576698874988 0.05385697351689629 0.03732363421305536
0 0.653002847809768 0.6550126053728691 0.03434214901126431 0.02474572177194432
0 0.653002847809768 0.6550126053728691 0.03434214901126431 0.02474572177194432
0 0.5525986562238567 0.618275440057036 0.030998627723940863 0.02134731969842587
0 0.5525986562238567 0.618275440057036 0.030998627723940863 0.02134731969842587
0 0.5591928636492097 0.6126405947224527 0.02899908514929379 0.014960618661666559
0 0.5591928636492097 0.6126405947224527 0.02899908514929379 0.014960618661666559
0 0.5287130419935693 0.6542327724321287 0.03924817029858776 0.028280824882222076
0 0.5287130419935693 0.6542327724321287 0.03924817029858776 0.028280824882222076
0 0.5177262655104657 0.685883313619675 0.05585651609154354 0.043710335249814845