0 0.35662225765299504 0.428125 0.008176373035529316 0.0078125
0 0.35662225765299504 0.428125 0.008176373035529316 0.0078125
0 0.3753722576529951 0.428125 0.011374147642635179 0.009375
0 0.3753722576529951 0.428125 0.011374147642635179 0.009375
0 0.379246428454994 0.36171875 0.018133569892376224 0.0203125
0 0.379246428454994 0.36171875 0.018133569892376224 0.0203125
0 0.4267528211352305 0.43203125 0.018206344499482087 0.021875
0 0.4267528211352305 0.43203125 0.018206344499482087 0.021875
0 0.6220267797789015 0.46640625 0.029653266749222952 0.0328125
0 0.6220267797789015 0.46640625 0.029653266749222952 0.0328125
0 0.6355798575291607 0.47734375 0.019987168320799498 0.0265625
0 0.6355798575291607 0.47734375 0.019987168320799498 0.0265625
0 0.6572365337078431 0.48203125 0.029143844499482086 0.021875
0 0.6572365337078431 0.48203125 0.029143844499482086 0.021875
0 0.6659801410276065 0.41171875 0.03197774607105863 0.015625
0 0.6659801410276065 0.41171875 0.03197774607105863 0.015625
0 0.622213024402218 0.3953125 0.021040246071058633 0.015625