0 0.3748423601771139 0.46147367524374444 0.026279080083912554 0.03818196159934022
0 0.3748423601771139 0.46147367524374444 0.026279080083912554 0.03818196159934022
0 0.43931925727268456 0.4688064536152744 0.028196777594401645 0.042914925705962934
0 0.43931925727268456 0.4688064536152744 0.028196777594401645 0.042914925705962934
0 0.4129576668158098 0.45011027790931146 0.0199106809137497 0.03643760517284953
0 0.4129576668158098 0.45011027790931146 0.0199106809137497 0.03643760517284953
0 0.39955801764564675 0.44816133300301875 0.01967388257342346 0.03331260517284953
0 0.39955801764564675 0.44816133300301875 0.01967388257342346 0.03331260517284953
0 0.5155974147412173 0.4569944268930971 0.012950285892771519 0.02688074874635884
0 0.5155974147412173 0.4569944268930971 0.012950285892771519 0.02688074874635884
0 0.5243687634964618 0.4595882294795219 0.013542281743586492 0.034693248746358665
0 0.5243687634964618 0.4595882294795219 0.013542281743586492 0.034693248746358665
0 0.6226277421258375 0.40865987846330754 0.016075285892771518 0.026971676959604098
0 0.6226277421258375 0.40865987846330754 0.016075285892771518 0.026971676959604098
0 0.6091572379766526 0.41606320150370335 0.021354781743586494 0.03492056927947225
0 0.6091572379766526 0.41606320150370335 0.021354781743586494 0.03492056927947225
0 0.6243086412960006 0.41026784256993015 0.014512785892771518 0.026926212852981378
0 0.6243086412960006 0.41026784256993015 0.014512785892771518 0.026926212852981378
0 0.6519600446153484 0.40483619648913843 0.0131870842330974 0.03000574874635866
0 0.6519600446153484 0.40483619648913843 0.0131870842330974 0.03000574874635866
0 0.6633711412960006 0.4114044452354972 0.012713487552445456 0.02375574874635884
0 0.6633711412960006 0.4114044452354972 0.012713487552445456 0.02375574874635884
0 0.37784711577619134 0.3571044239901033 0.02902557178554286 0.053852425705962936
0 0.37784711577619134 0.3571044239901033 0.02902557178554286 0.053852425705962936
0 0.369360109552414 0.36855038935036716 0.014749584233097402 0.030051212852981467
0 0.369360109552414 0.36855038935036716 0.014749584233097402 0.030051212852981467