0 0.5106326769907982 0.5257137468765004 0.040465503333979844 0.020147479254075583
0 0.5106326769907982 0.5257137468765004 0.040465503333979844 0.020147479254075583
0 0.5095173607702423 0.3001926060047071 0.06501896424430509 0.054617567636357923
0 0.5095173607702423 0.3001926060047071 0.06501896424430509 0.054617567636357923
0 0.6168995550106681 0.2386020653380509 0.04735323212215263 0.028433575934727708
0 0.6168995550106681 0.2386020653380509 0.04735323212215263 0.028433575934727708
0 0.6232611253141099 0.2491251682424803 0.059853232122152634 0.02938076929603195
0 0.6232611253141099 0.2491251682424803 0.059853232122152634 0.02938076929603195
0 0.6325562480431459 0.29558577114690976 0.02614791181871077 0.0159568867226084
0 0.6325562480431459 0.29558577114690976 0.02614791181871077 0.0159568867226084
0 0.587848494419302 0.6338446329744089 0.04119882697140156 0.04815408008391255