0 0.36566039883603735 0.8457671052859851 0.06723105866619025 0.05166914839527905
0 0.36566039883603735 0.8457671052859851 0.06723105866619025 0.05166914839527905
0 0.3333231462381473 0.8244649908835825 0.0342328883676025 0.02356834430002124
0 0.3333231462381473 0.8244649908835825 0.0342328883676025 0.02356834430002124
0 0.3808697716162996 0.7182622661050366 0.03212408514929388 0.015600804095258169
0 0.3808697716162996 0.7182622661050366 0.03212408514929388 0.015600804095258169
0 0.2913748549240081 0.4568607620787775 0.060686127723940865 0.024641527780990557
0 0.2913748549240081 0.4568607620787775 0.060686127723940865 0.024641527780990557
0 0.29699107039513284 0.44404463269306627 0.03212408514929388 0.015600804095258169
0 0.29699107039513284 0.44404463269306627 0.03212408514929388 0.015600804095258169
0 0.3675220916824563 0.44789644190739714 0.038483345792955606 0.01778346491430973
0 0.3675220916824563 0.44789644190739714 0.038483345792955606 0.01778346491430973
0 0.2967996822796318 0.39053203218115895 0.07816855866619025 0.052754429828619644
0 0.2967996822796318 0.39053203218115895 0.07816855866619025 0.052754429828619644
0 0.43008171186482846 0.30699653876695454 0.035467606436617415 0.01903588450478395
0 0.43008171186482846 0.30699653876695454 0.035467606436617415 0.01903588450478395
0 0.37284337621133157 0.4617978527264487 0.0337958457929556 0.01731834430002106