0 0.29350984984690065 0.4974285319512495 0.0534725098858317 0.05138613421305553
0 0.29350984984690065 0.4974285319512495 0.0534725098858317 0.05138613421305553
0 0.3128182653602202 0.4936685449107402 0.016389003954332716 0.020117010367592593
0 0.3128182653602202 0.4936685449107402 0.016389003954332716 0.020117010367592593
0 0.349762508440138 0.464205220311342 0.03603034190105418 0.04363242280870363
0 0.349762508440138 0.464205220311342 0.03603034190105418 0.04363242280870363
0 0.3795945884781941 0.4512458905281475 0.013264003954332715 0.019843608294074146
0 0.3795945884781941 0.4512458905281475 0.013264003954332715 0.019843608294074146
0 0.3988393369953193 0.44592340348763815 0.008385502965749492 0.014746005183796384
0 0.3988393369953193 0.44592340348763815 0.008385502965749492 0.014746005183796384
0 0.2773609264249156 0.46409862210203656 0.05041117688202608 0.05267523213953691
0 0.2773609264249156 0.46409862210203656 0.05041117688202608 0.05267523213953691
0 0.31342841901054175 0.4322231969842587 0.05822367688202608 0.053358737323333114
0 0.31342841901054175 0.4322231969842587 0.05822367688202608 0.053358737323333114
0 0.3306649985543063 0.4158265089069902 0.015081171939110228 0.026230309330833278
0 0.3306649985543063 0.4158265089069902 0.015081171939110228 0.026230309330833278
0 0.3656156601132932 0.39475188275245304 0.014890170950527092 0.02154280933083328
0 0.3656156601132932 0.39475188275245304 0.014890170950527092 0.02154280933083328
0 0.3742412436113904 0.396284988454629 0.014890170950527092 0.02154280933083328
0 0.3742412436113904 0.396284988454629 0.014890170950527092 0.02154280933083328
0 0.4711308310638203 0.42422335221532315 0.013391337946721472 0.022968608294074145
0 0.4711308310638203 0.42422335221532315 0.013391337946721472 0.022968608294074145
0 0.4757864975657231 0.423852205325601 0.011637836958138336 0.01814440725731483
0 0.4757864975657231 0.423852205325601 0.011637836958138336 0.01814440725731483
0 0.49962324558855675 0.41659607139536947 0.01182883794672147 0.02283190725731483
0 0.49962324558855675 0.41659607139536947 0.01182883794672147 0.02283190725731483
0 0.5074357455885568 0.41727957657916576 0.011765170950527093 0.021269407257314833
0 0.5074357455885568 0.41727957657916576 0.011765170950527093 0.021269407257314833
0 0.5332488290866539 0.4203163936856935 0.008512836958138337 0.017871005183796383
0 0.5332488290866539 0.4203163936856935 0.008512836958138337 0.017871005183796383
0 0.5394351620904596 0.4193006978327304 0.013391337946721472 0.022968608294074145
0 0.5394351620904596 0.4193006978327304 0.013391337946721472 0.022968608294074145
0 0.556527161596168 0.4184606592370823 0.006886669961943958 0.01617180414703707
0 0.556527161596168 0.4184606592370823 0.006886669961943958 0.01617180414703707
0 0.5988910751323212 0.4073761877479618 0.03140650889724857 0.04478481969842587
0 0.5988910751323212 0.4073761877479618 0.03140650889724857 0.04478481969842587
0 0.6295508261209044 0.41472935796476734 0.026400673916276672 0.03656221658814811
0 0.6295508261209044 0.41472935796476734 0.026400673916276672 0.03656221658814811
0 0.676839661596168 0.42898663906754503 0.01001166996194396 0.01644520622055552
0 0.676839661596168 0.42898663906754503 0.01001166996194396 0.01644520622055552
0 0.6845248276037792 0.4265451442513413 0.010139003954332537 0.019570206220555518
0 0.6845248276037792 0.4265451442513413 0.010139003954332537 0.019570206220555518
0 0.7190908285923624 0.4342400670600449 0.00975700197716627 0.01019520622055552
0 0.7190908285923624 0.4342400670600449 0.00975700197716627 0.01019520622055552
0 0.6988619002274614 0.37719925513731345 0.029271005931499162 0.030585618661666557
0 0.6988619002274614 0.37719925513731345 0.029271005931499162 0.030585618661666557
0 0.6537576472617119 0.35924077558967465 0.011765170950527093 0.021269407257314833
0 0.6537576472617119 0.35924077558967465 0.011765170950527093 0.021269407257314833
0 0.6242611482502951 0.3613309558912488 0.024456171939110406 0.0270505155513888
0 0.6242611482502951 0.3613309558912488 0.024456171939110406 0.0270505155513888
0 0.6077593977560035 0.35755184500527665 0.010075336958138337 0.01800770622055552