0 0.32999766937124975 0.5696176393760087 0.01644335391920828 0.029217606436617416
0 0.32999766937124975 0.5696176393760087 0.01644335391920828 0.029217606436617416
0 0.36219640393184355 0.5508183628929052 0.019886602665567032 0.04037362772394086
0 0.36219640393184355 0.5508183628929052 0.019886602665567032 0.04037362772394086
0 0.6965617290838104 0.38630130288933257 0.02163095909205772 0.0467328883676025
0 0.6965617290838104 0.38630130288933257 0.02163095909205772 0.0467328883676025
0 0.35270408049573626 0.4121547006400891 0.03440374373179385 0.05698197351689647
0 0.35270408049573626 0.4121547006400891 0.03440374373179385 0.05698197351689647
0 0.2922128613745486 0.4500264052154506 0.037574207838416564 0.05876299480421991
0 0.2922128613745486 0.4500264052154506 0.037574207838416564 0.05876299480421991
0 0.2533609615328333 0.5081231284802454 0.02117631802583091 0.031107888367602497
0 0.2533609615328333 0.5081231284802454 0.02117631802583091 0.031107888367602497
0 0.2651335358268703 0.4839972136295393 0.018187710345698972 0.03557686708027905
0 0.2651335358268703 0.4839972136295393 0.018187710345698972 0.03557686708027905
0 0.30320418566858576 0.4258458600429136 0.03146060015828454 0.06301345222957302