0 0.5898563437769251 0.2767292844927037 0.02510908430895533 0.019186376623205437
0 0.5898563437769251 0.2767292844927037 0.02510908430895533 0.019186376623205437
0 0.5638841962362532 0.30909177110002306 0.04229658430895533 0.019486385551659158
0 0.5638841962362532 0.30909177110002306 0.04229658430895533 0.019486385551659158
0 0.5472188710024841 0.3533366489410445 0.025054542154477843 0.009811376623205437
0 0.5472188710024841 0.3533366489410445 0.025054542154477843 0.009811376623205437
0 0.54708251561629 0.3767741489410445 0.06729658430895533 0.019922762174864595
0 0.54708251561629 0.3767741489410445 0.06729658430895533 0.019922762174864595
0 0.551956367977422 0.3448247195578955 0.028179542154477665 0.009865923701106106
0 0.551956367977422 0.3448247195578955 0.028179542154477665 0.009865923701106106
0 0.5780042209277294 0.7023468932590017 0.04694772287263689 0.013318206168510116
0 0.5780042209277294 0.7023468932590017 0.04694772287263689 0.013318206168510116
0 0.6369883354873058 0.7705707877391146 0.05644998789975162 0.03535684740221221
0 0.6369883354873058 0.7705707877391146 0.05644998789975162 0.03535684740221221
0 0.4565393288480063 0.36112978368192483 0.042278403590796286 0.016361385551659245
0 0.4565393288480063 0.36112978368192483 0.042278403590796286 0.016361385551659245
0 0.47094271731349213 0.30278149553247785 0.034465903590796286 0.016225017856907442
0 0.47094271731349213 0.30278149553247785 0.034465903590796286 0.016225017856907442