0 0.4075251643722059 0.7306065828838089 0.028506829545304768 0.0249965918667586
0 0.4075251643722059 0.7306065828838089 0.028506829545304768 0.0249965918667586
0 0.4778882573101912 0.6752330641021 0.029905688311602674 0.015795013637134047
0 0.4778882573101912 0.6752330641021 0.029905688311602674 0.015795013637134047
0 0.5655884492719466 0.2966838820425753 0.06140115016215582 0.03332594904464363
0 0.5655884492719466 0.2966838820425753 0.06140115016215582 0.03332594904464363
0 0.5180197483784422 0.20761541780940282 0.06479888555165925 0.049297792585394615
0 0.5180197483784422 0.20761541780940282 0.06479888555165925 0.049297792585394615
0 0.5502185937520595 0.23912981063151778 0.022065914772652385 0.01336540478525663
0 0.5502185937520595 0.23912981063151778 0.022065914772652385 0.01336540478525663
0 0.5487379143689106 0.23461573240189323 0.028315914772652384 0.0140590918667586
0 0.5487379143689106 0.23461573240189323 0.028315914772652384 0.0140590918667586
0 0.6294384894499885 0.21240326122755615 0.10446140340856669 0.08800833684478153
0 0.6294384894499885 0.21240326122755615 0.10446140340856669 0.08800833684478153
0 0.6637628965120032 0.25615752139410797 0.09163412094116268 0.06787096268177768
0 0.6637628965120032 0.25615752139410797 0.09163412094116268 0.06787096268177768
0 0.6397799257329962 0.29000884794974013 0.03464773538950343 0.01944027894826057
0 0.6397799257329962 0.29000884794974013 0.03464773538950343 0.01944027894826057
0 0.6755401477298191 0.2961763972311041 0.025272735389503254 0.018399748326007704
0 0.6755401477298191 0.2961763972311041 0.025272735389503254 0.018399748326007704
0 0.686000360798188 0.3223061948384758 0.02368296185055314 0.016663826555632165
0 0.686000360798188 0.3223061948384758 0.02368296185055314 0.016663826555632165
0 0.6889617195644862 0.3313343512977248 0.03774546185055314 0.018224622489011466
0 0.6889617195644862 0.3313343512977248 0.03774546185055314 0.018224622489011466
0 0.6567047784135096 0.5711746931644834 0.05035455600635448 0.025861996652015405
0 0.6567047784135096 0.5711746931644834 0.05035455600635448 0.025861996652015405
0 0.6510587504103323 0.5819379193607975 0.042487508928453724 0.021869887800137988
0 0.6510587504103323 0.5819379193607975 0.042487508928453724 0.021869887800137988
0 0.6295968076345029 0.6053728632608666 0.034702282467404186 0.02256527894826057
0 0.6295968076345029 0.6053728632608666 0.034702282467404186 0.02256527894826057