0 0.5864880491895426 0.2651719915736267 0.03195932813030104 0.02433419756795683
0 0.5864880491895426 0.2651719915736267 0.03195932813030104 0.02433419756795683
0 0.5876413214220613 0.2766896566952289 0.035084328130301046 0.02473636732475253
0 0.5876413214220613 0.2766896566952289 0.035084328130301046 0.02473636732475253
0 0.4934572678865313 0.47935665988550796 0.033521828130301044 0.024535282446354677
0 0.4934572678865313 0.47935665988550796 0.033521828130301044 0.024535282446354677
0 0.4640549661651 0.6309109755006745 0.028670637023308566 0.01924452781116113
0 0.4640549661651 0.6309109755006745 0.028670637023308566 0.01924452781116113
0 0.47216756652791975 0.6213118011086853 0.031795637023308565 0.01964669756795683
0 0.47216756652791975 0.6213118011086853 0.031795637023308565 0.01964669756795683
0 0.5518451428441222 0.6336121798711964 0.02387400961864685 0.015516273175967755
0 0.5518451428441222 0.6336121798711964 0.02387400961864685 0.015516273175967755
0 0.556696333951115 0.6283214252360029 0.022256945916316086 0.013752688297569904