0 0.4369005707209457 0.2864862240610881 0.04178939371369381 0.025472714672181596
0 0.4369005707209457 0.2864862240610881 0.04178939371369381 0.025472714672181596
0 0.3954728959900053 0.33681294072245194 0.030342471463952768 0.014407945337363514
0 0.3954728959900053 0.33681294072245194 0.030342471463952768 0.014407945337363514
0 0.3929214766357484 0.45872430338954284 0.049383569892376224 0.020876121339908772
0 0.3929214766357484 0.45872430338954284 0.049383569892376224 0.020876121339908772
0 0.408527205957584 0.4761027073917701 0.08455909057054053 0.03846361067790873
0 0.408527205957584 0.4761027073917701 0.08455909057054053 0.03846361067790873
0 0.38419713999414923 0.5117765780553611 0.02958049214211709 0.031577264003817974
0 0.38419713999414923 0.5117765780553611 0.02958049214211709 0.031577264003817974
0 0.4771786985139859 0.5964975707351787 0.0429880206781645 0.01767839600572696
0 0.4771786985139859 0.5964975707351787 0.0429880206781645 0.01767839600572696
0 0.4567377659251627 0.6158015540658607 0.08492296360606985 0.04627611067790873
0 0.4567377659251627 0.6158015540658607 0.08492296360606985 0.04627611067790873
0 0.3228871507475163 0.6533277313812705 0.05087329528527027 0.019331802673454135
0 0.3228871507475163 0.6533277313812705 0.05087329528527027 0.019331802673454135
0 0.28131619665195906 0.38785672537395266 0.0414255206781645 0.017660214672181596
0 0.28131619665195906 0.38785672537395266 0.0414255206781645 0.017660214672181596