0 0.38671875 0.5564732663268869 0.01875 0.028779764427970277
0 0.38671875 0.5564732663268869 0.01875 0.028779764427970277
0 0.48671875 0.4865278432760617 0.0296875 0.05884921034428636
0 0.48671875 0.4865278432760617 0.0296875 0.05884921034428636
0 0.690625 0.49911715643023824 0.0359375 0.06531746515360978
0 0.690625 0.49911715643023824 0.0359375 0.06531746515360978
0 0.6640625 0.41381457349061374 0.040625 0.06548115626060227
0 0.6640625 0.41381457349061374 0.040625 0.06548115626060227
0 0.54140625 0.39312507285764153 0.028125 0.05098214664195542
0 0.54140625 0.39312507285764153 0.028125 0.05098214664195542
0 0.39453125 0.43955858483854104 0.0359375 0.06531746515360978
0 0.39453125 0.43955858483854104 0.0359375 0.06531746515360978
0 0.3578125 0.48046383783376606 0.0453125 0.06876984736759476
0 0.3578125 0.48046383783376606 0.0453125 0.06876984736759476
0 0.31875 0.5486309952754945 0.0421875 0.05772321996293321
0 0.31875 0.5486309952754945 0.0421875 0.05772321996293321
0 0.3375 0.5063170097034648 0.0125 0.022311509618646853
0 0.3375 0.5063170097034648 0.0125 0.022311509618646853
0 0.3359375 0.5187624460011341 0.0171875 0.02716270072563951