0 0.5869567385011119 0.28293942953212736 0.029628711404351905 0.018825594710093263
0 0.5869567385011119 0.28293942953212736 0.029628711404351905 0.018825594710093263
0 0.5852384136188895 0.32034842427045557 0.02167951036759259 0.016808068401734034
0 0.5852384136188895 0.32034842427045557 0.02167951036759259 0.016808068401734034
0 0.5635882975491211 0.34570474004135365 0.03873030933083328 0.01624662628012441
0 0.5635882975491211 0.34570474004135365 0.03873030933083328 0.01624662628012441
0 0.5841249729497229 0.3064224321629633 0.040292809330833276 0.016337631541796238
0 0.5841249729497229 0.3064224321629633 0.040292809330833276 0.016337631541796238
0 0.5605220861447693 0.3629832453030255 0.06822231969842588 0.03350972099021767
0 0.5605220861447693 0.3629832453030255 0.06822231969842588 0.03350972099021767
0 0.5497411195566212 0.38848377424222064 0.030781108294074145 0.01422909997176518
0 0.5497411195566212 0.38848377424222064 0.030781108294074145 0.01422909997176518
0 0.4802222655978716 0.6233816899848839 0.07929652073518519 0.03570925782192056
0 0.4802222655978716 0.6233816899848839 0.07929652073518519 0.03570925782192056
0 0.4907209767193995 0.6810653873681654 0.03779252591898139 0.041064615756780755
0 0.4907209767193995 0.6810653873681654 0.03779252591898139 0.041064615756780755
0 0.6011403583405569 0.6272207795744796 0.053749716588147936 0.028003173635170953
0 0.6011403583405569 0.6272207795744796 0.053749716588147936 0.028003173635170953
0 0.6078974977374086 0.5677547743128079 0.047226314514629664 0.02451415258848364
0 0.6078974977374086 0.5677547743128079 0.047226314514629664 0.02451415258848364
0 0.6606492252587971 0.3734741532943553 0.052929510367592414 0.018628173635170952
0 0.6606492252587971 0.3734741532943553 0.052929510367592414 0.018628173635170952