0 0.5467488253500902 0.10121771832815737 0.058121582670272606 0.028918178859192477
0 0.5467488253500902 0.10121771832815737 0.058121582670272606 0.028918178859192477
0 0.5499920040181354 0.11124663433576858 0.029832950668363622 0.01370967292769345
0 0.5499920040181354 0.11124663433576858 0.029832950668363622 0.01370967292769345
0 0.5654742900620426 0.43420663186431063 0.03452045066836362 0.013900673916276673
0 0.5654742900620426 0.43420663186431063 0.03452045066836362 0.013900673916276673
0 0.6392208727323151 0.45777678304317426 0.029778406667727353 0.009022172927693362
0 0.6392208727323151 0.45777678304317426 0.029778406667727353 0.009022172927693362
0 0.6375492847310424 0.44846545003936866 0.03295795066836362 0.013837006920082296
0 0.6375492847310424 0.44846545003936866 0.03295795066836362 0.013837006920082296
0 0.6682800220400891 0.2682221931192864 0.06449885200509069 0.04011034684397004
0 0.6682800220400891 0.2682221931192864 0.06449885200509069 0.04011034684397004
0 0.6766368673615442 0.18034019114212008 0.0709852093411815 0.060677514828747635
0 0.6766368673615442 0.18034019114212008 0.0709852093411815 0.060677514828747635