0 0.245066475505876 0.4888609830963232 0.024361382573423462 0.03511165514643668
0 0.245066475505876 0.4888609830963232 0.024361382573423462 0.03511165514643668
0 0.2753217379534306 0.5089318630604696 0.024479781743586494 0.0366741551464365
0 0.2753217379534306 0.5089318630604696 0.024479781743586494 0.0366741551464365
0 0.20834588027511644 0.5950241523969717 0.01931868506293446 0.029931479043628785
0 0.20834588027511644 0.5950241523969717 0.01931868506293446 0.029931479043628785
0 0.21375543069003494 0.5952306136103626 0.01920028589277134 0.028368979043628784
0 0.21375543069003494 0.5952306136103626 0.01920028589277134 0.028368979043628784
0 0.5380431904382972 0.6727506103110046 0.02268048340326061 0.03338492977883405
0 0.5380431904382972 0.6727506103110046 0.02268048340326061 0.03338492977883405
0 0.5457372912681342 0.6734919834729916 0.02111798340326061 0.033220704411231414
0 0.5457372912681342 0.6734919834729916 0.02111798340326061 0.033220704411231414