0 0.5786946010589554 0.5080821176613568 0.03286704707790058 0.005419473516896467
0 0.5786946010589554 0.5080821176613568 0.03286704707790058 0.005419473516896467
0 0.5788309687537072 0.5002696176613568 0.042351141233702094 0.01232503737886681
0 0.5788309687537072 0.5002696176613568 0.042351141233702094 0.01232503737886681
0 0.6098724630716644 0.4653265351099529 0.0454761412337021 0.012543558666190257
0 0.6098724630716644 0.4653265351099529 0.0454761412337021 0.012543558666190257
0 0.5868401120160042 0.3990513250867098 0.043940914772652384 0.013996798022528534
0 0.5868401120160042 0.3990513250867098 0.043940914772652384 0.013996798022528534
0 0.696762762585197 0.538840808743065 0.037718188311602674 0.015122255447881728
0 0.696762762585197 0.538840808743065 0.037718188311602674 0.015122255447881728
0 0.6549201359619915 0.5667362158001008 0.025190914772652385 0.012685670298587758
0 0.6549201359619915 0.5667362158001008 0.025190914772652385 0.012685670298587758
0 0.6483877179429284 0.6280561280529169 0.061592064934808025 0.041761165102807675
0 0.6483877179429284 0.6280561280529169 0.061592064934808025 0.041761165102807675