0 0.20292436011978818 0.48427105081681765 0.058806553470410174 0.08652136696193899
0 0.20292436011978818 0.48427105081681765 0.058806553470410174 0.08652136696193899
0 0.257590080786693 0.5125087481882822 0.01926345222957293 0.031392942252391975
0 0.257590080786693 0.5125087481882822 0.01926345222957293 0.031392942252391975
0 0.2972699398212004 0.5188060234097364 0.03630884059717552 0.05325584430002106
0 0.2972699398212004 0.5188060234097364 0.03630884059717552 0.05325584430002106
0 0.2664023520740165 0.5102364693144782 0.015701409654925946 0.024832861842866195
0 0.2664023520740165 0.5102364693144782 0.015701409654925946 0.024832861842866195
0 0.3127692536831709 0.510903905354984 0.07138296312533629 0.11104414839527924
0 0.3127692536831709 0.510903905354984 0.07138296312533629 0.11104414839527924
0 0.5344910703951328 0.4676107438170282 0.03987088317182241 0.05981592470954702
0 0.5344910703951328 0.4676107438170282 0.03987088317182241 0.05981592470954702
0 0.5944559322796318 0.42006719118849284 0.019044930942249395 0.028267942252391976
0 0.5944559322796318 0.42006719118849284 0.019044930942249395 0.028267942252391976
0 0.6017603338887861 0.4168586221099259 0.017482430942249393 0.028112902047629083
0 0.6017603338887861 0.4168586221099259 0.017482430942249393 0.028112902047629083
0 0.6652165465099193 0.4656353308123496 0.04546531930985207 0.05106108552859858
0 0.6652165465099193 0.4656353308123496 0.04546531930985207 0.05106108552859858
0 0.6070437775683842 0.5550502540551736 0.05883940445914604 0.06480140716670171
0 0.6070437775683842 0.5550502540551736 0.05883940445914604 0.06480140716670171
0 0.28540944216698894 0.6096696326930663 0.05549588317182241 0.061366326757175925
0 0.28540944216698894 0.6096696326930663 0.05549588317182241 0.061366326757175925
0 0.24206363375290013 0.5770484667549419 0.05604218639013112 0.06917882675717593