0 0.3033631684111378 0.5354755325946721 0.029454376223535306 0.08358538981258548
0 0.3033631684111378 0.5354755325946721 0.029454376223535306 0.08358538981258548
0 0.3879539340202345 0.4720147746771133 0.02405754809323426 0.06313649749271769
0 0.3879539340202345 0.4720147746771133 0.02405754809323426 0.06313649749271769
0 0.369957902169069 0.47175636190327397 0.014355165879249121 0.05348871285298138
0 0.369957902169069 0.47175636190327397 0.014355165879249121 0.05348871285298138
0 0.5712004544386545 0.4119397780423255 0.022058538474587407 0.05059103338609479
0 0.5712004544386545 0.4119397780423255 0.022058538474587407 0.05059103338609479
0 0.6096801118803831 0.37171794332344715 0.03107143992586625 0.08519335391920828
0 0.6096801118803831 0.37171794332344715 0.03107143992586625 0.08519335391920828
0 0.6404886569783924 0.4701410714575502 0.008358137023308565 0.015852320533113407
0 0.6404886569783924 0.4701410714575502 0.008358137023308565 0.015852320533113407
0 0.6282267591553107 0.5221127484171544 0.023402783665263983 0.0443864974927175