0 0.34722281658745074 0.45200897389917644 0.01955548340326043 0.03325893063178072
0 0.34722281658745074 0.45200897389917644 0.01955548340326043 0.03325893063178072
0 0.3619714782051684 0.47580158950223994 0.024953378424238615 0.04318182080408448
0 0.3619714782051684 0.47580158950223994 0.024953378424238615 0.04318182080408448
0 0.3868073800746238 0.3872768351627379 0.015601689212119307 0.021956170516911476
0 0.3868073800746238 0.3872768351627379 0.015601689212119307 0.021956170516911476
0 0.5858816522704406 0.5476867628589762 0.026871075934727706 0.048051950861519185
0 0.5858816522704406 0.5476867628589762 0.026871075934727706 0.048051950861519185
0 0.6122782089091365 0.5633827888640819 0.052676559337988135 0.08204140172303838
0 0.6122782089091365 0.5633827888640819 0.052676559337988135 0.08204140172303838
0 0.7102546902378045 0.5393669723675933 0.036009277594401645 0.0460227312061269
0 0.7102546902378045 0.5393669723675933 0.036009277594401645 0.0460227312061269