0 0.19556901338938532 0.5048585806413193 0.04686709172016941 0.08958975867281786
0 0.19556901338938532 0.5048585806413193 0.04686709172016941 0.08958975867281786
0 0.22527015015886048 0.5052943853039559 0.030123876623205436 0.025345445337363513
0 0.22527015015886048 0.5052943853039559 0.030123876623205436 0.025345445337363513
0 0.3149599415547183 0.5401955492918655 0.01129205600635439 0.02043976933481808
0 0.3149599415547183 0.5401955492918655 0.01129205600635439 0.02043976933481808
0 0.30712016801576797 0.5387239559595928 0.008194329545304769 0.021965906667727353
0 0.30712016801576797 0.5387239559595928 0.008194329545304769 0.021965906667727353
0 0.6362173327884204 0.5458342852482766 0.035629582791715644 0.07227498933799978
0 0.6362173327884204 0.5458342852482766 0.035629582791715644 0.07227498933799978
0 0.7742667577073424 0.5309439872295048 0.046648903408566686 0.07708975867281787
0 0.7742667577073424 0.5309439872295048 0.046648903408566686 0.07708975867281787
0 0.740318451700988 0.5110223859007318 0.014498876623205348 0.025163632001908985
0 0.740318451700988 0.5110223859007318 0.014498876623205348 0.025163632001908985
0 0.7417463583559656 0.6375939765675046 0.0065772824674041885 0.018822725334181813
0 0.7417463583559656 0.6375939765675046 0.0065772824674041885 0.018822725334181813
0 0.6913060275928448 0.6577161199077315 0.011319329545304768 0.02200226933481808
0 0.6913060275928448 0.6577161199077315 0.011319329545304768 0.02200226933481808
0 0.6803958011317952 0.6594058892425496 0.011401150162155815 0.02668976933481808
0 0.6803958011317952 0.6594058892425496 0.011401150162155815 0.02668976933481808
0 0.6367139849791711 0.663821216581822 0.0128545560063543 0.020457950668363624
0 0.6367139849791711 0.663821216581822 0.0128545560063543 0.020457950668363624
0 0.6281475085181214 0.665483713916322 0.011346603084255058 0.023564769334818082
0 0.6281475085181214 0.665483713916322 0.011346603084255058 0.023564769334818082
0 0.5992821688265468 0.6681638185869128 0.009729556006354478 0.020421588001272716
0 0.5992821688265468 0.6681638185869128 0.009729556006354478 0.020421588001272716
0 0.27287362743068905 0.636017126631138 0.012909103084255058 0.023582950668363623