0 0.48982817368607634 0.7226841705867735 0.05489657825883114 0.04200726196314157
0 0.48982817368607634 0.7226841705867735 0.05489657825883114 0.04200726196314157
0 0.42591968890958276 0.6078480888865666 0.039217036104353474 0.030898044259386914
0 0.42591968890958276 0.6078480888865666 0.039217036104353474 0.030898044259386914
0 0.4030634510098312 0.5709584732161221 0.040761355386194256 0.027946466029762362
0 0.4030634510098312 0.5709584732161221 0.040761355386194256 0.027946466029762362
0 0.3980805143397436 0.5196569579049959 0.04072499394987581 0.021696466029762364
0 0.3980805143397436 0.5196569579049959 0.04072499394987581 0.021696466029762364
0 0.39277993598271654 0.5479562317086816 0.04861930718159231 0.036626074881639784
0 0.39277993598271654 0.5479562317086816 0.04861930718159231 0.036626074881639784
0 0.4163714512062229 0.44283176914950156 0.04390453610435348 0.03141830957051326
0 0.4163714512062229 0.44283176914950156 0.04390453610435348 0.03141830957051326
0 0.43491237294739166 0.40897533039400724 0.017251132513557366 0.012845139474130286
0 0.43491237294739166 0.40897533039400724 0.017251132513557366 0.012845139474130286
0 0.45411637002052546 0.3548931025237007 0.023519313231716587 0.016663826555632165
0 0.45411637002052546 0.3548931025237007 0.023519313231716587 0.016663826555632165
0 0.32635952956325 0.4039537673529116 0.08784543364502548 0.06908661914102687
0 0.32635952956325 0.4039537673529116 0.08784543364502548 0.06908661914102687
0 0.3234208819243821 0.4356381738121605 0.03604658430895542 0.02273870071863584
0 0.3234208819243821 0.4356381738121605 0.03604658430895542 0.02273870071863584
0 0.33369076141287735 0.4562966653196012 0.028215903590796197 0.0187465918667586
0 0.33369076141287735 0.4562966653196012 0.028215903590796197 0.0187465918667586
0 0.328276553567355 0.4650646891232871 0.017242042154477666 0.011282639474130107
0 0.328276553567355 0.4650646891232871 0.017242042154477666 0.011282639474130107
0 0.37259976707021814 0.7026462878086127 0.014107951795398144 0.009373295933379211
0 0.37259976707021814 0.7026462878086127 0.014107951795398144 0.009373295933379211
0 0.3625435110200939 0.7187065463011721 0.047038626463433084 0.03332765311126433
0 0.3625435110200939 0.7187065463011721 0.047038626463433084 0.03332765311126433
0 0.38376452604720857 0.742922740201241 0.05019089754067192 0.03836199665201523
0 0.38376452604720857 0.742922740201241 0.05019089754067192 0.03836199665201523