0 0.6147940653467934 0.60546875 0.01767857332097762 0.0140625
0 0.6147940653467934 0.60546875 0.01767857332097762 0.0140625
0 0.6159572612631093 0.59453125 0.020858137023308566 0.015625
0 0.6159572612631093 0.59453125 0.020858137023308566 0.015625
0 0.5575024428362731 0.27734375 0.060684528855940556 0.0375
0 0.5575024428362731 0.27734375 0.060684528855940556 0.0375
0 0.65255699329176 0.37421875 0.05125496515360979 0.0359375
0 0.65255699329176 0.37421875 0.05125496515360979 0.0359375
0 0.6993228327699885 0.6234375 0.017569445916315908 0.0109375
0 0.6993228327699885 0.6234375 0.017569445916315908 0.0109375
0 0.699104577960665 0.6296875 0.027108137023308564 0.015625
0 0.699104577960665 0.6296875 0.027108137023308564 0.015625