0 0.33125642600871474 0.5837940871705214 0.049019381458888844 0.027821163111827297
0 0.33125642600871474 0.5837940871705214 0.049019381458888844 0.027821163111827297
0 0.32142748432933976 0.5703231213713884 0.061664851823611144 0.0347992052052021
0 0.32142748432933976 0.5703231213713884 0.061664851823611144 0.0347992052052021
0 0.32248475731510384 0.3908176318947321 0.029978440729444424 0.01422909997176518
0 0.32248475731510384 0.3908176318947321 0.029978440729444424 0.01422909997176518
0 0.3219217128621872 0.38148813452556796 0.03470230832062508 0.016064615756780753
0 0.3219217128621872 0.38148813452556796 0.03470230832062508 0.016064615756780753
0 0.333895689210833 0.3363198476938651 0.03790004350298615 0.01937162628012441
0 0.333895689210833 0.3363198476938651 0.03790004350298615 0.01937162628012441
0 0.4265734984813886 0.34340503462439004 0.03946254350298624 0.019462631541796237