0 0.32300164700522854 0.6573842113615637 0.04321645407749282 0.08929884933607006
0 0.32300164700522854 0.6573842113615637 0.04321645407749282 0.08929884933607006
0 0.5977886983380121 0.6362576033430909 0.015335494985435006 0.04383181323171641
0 0.5977886983380121 0.6362576033430909 0.015335494985435006 0.04383181323171641
0 0.7240389612701359 0.5925616246167215 0.024011813011265915 0.07356476502711473
0 0.7240389612701359 0.5925616246167215 0.024011813011265915 0.07356476502711473
0 0.7092861394833812 0.5895229830279778 0.01868781551854859 0.05166249394987581
0 0.7092861394833812 0.5895229830279778 0.01868781551854859 0.05166249394987581
0 0.7138252238065481 0.7019775312325797 0.01005696159934022 0.023492042154477845
0 0.7138252238065481 0.7019775312325797 0.01005696159934022 0.023492042154477845
0 0.67272285068701 0.7186201305686497 0.005096676959604096 0.014089771077238921
0 0.67272285068701 0.7186201305686497 0.005096676959604096 0.014089771077238921
0 0.3190151774883295 0.7675450065411035 0.023466243731793845 0.05481476502711473