0 0.599593624544973 0.6486418734086329 0.045825952229573017 0.0301965773392725
0 0.599593624544973 0.6486418734086329 0.045825952229573017 0.0301965773392725
0 0.6036366323386433 0.5948265300763602 0.045607430942249574 0.027071577339272325
0 0.6036366323386433 0.5948265300763602 0.045607430942249574 0.027071577339272325
0 0.6050298875344233 0.5589344834102238 0.0367787341605581 0.03477498933799979
0 0.6050298875344233 0.5589344834102238 0.0367787341605581 0.03477498933799979
0 0.6208191424781019 0.44983220341340535 0.04906021287323466 0.031795440006363404
0 0.6208191424781019 0.44983220341340535 0.04906021287323466 0.031795440006363404
0 0.5961801393760087 0.32074414007795093 0.04774908514929379 0.013045440006363406
0 0.5961801393760087 0.32074414007795093 0.04774908514929379 0.013045440006363406
0 0.652473698042199 0.36667480541849606 0.019514824505632154 0.011155676002545255
0 0.652473698042199 0.36667480541849606 0.019514824505632154 0.011155676002545255
0 0.5895805781119284 0.2933458460773146 0.02096806386197052 0.009611357336090798
0 0.5895805781119284 0.2933458460773146 0.02096806386197052 0.009611357336090798
0 0.6520970036062963 0.2831446900859051 0.027982888367602498 0.020621582670272608
0 0.6520970036062963 0.2831446900859051 0.027982888367602498 0.020621582670272608
0 0.6957098818344402 0.44914240742358674 0.052982888367602496 0.020912484006999677
0 0.6957098818344402 0.44914240742358674 0.052982888367602496 0.020912484006999677
0 0.6532867070963769 0.6797106074156326 0.031217149011264312 0.022220445337363514