0 0.6954389193378102 0.4984871294691698 0.037485131032858734 0.08966251785690744
0 0.6954389193378102 0.4984871294691698 0.037485131032858734 0.08966251785690744
0 0.7095510377567973 0.3850286014659926 0.02184028366526398 0.04410455600635439
0 0.7095510377567973 0.3850286014659926 0.02184028366526398 0.04410455600635439
0 0.6680827895708956 0.3428098737871269 0.00674107332097762 0.014171594155801336
0 0.6680827895708956 0.3428098737871269 0.00674107332097762 0.014171594155801336
0 0.5788020347615722 0.35061446550729636 0.011974210344286362 0.029878414772652385
0 0.5788020347615722 0.35061446550729636 0.011974210344286362 0.029878414772652385
0 0.41259668140352773 0.3254077341749827 0.011701391832631991 0.022065914772652385
0 0.41259668140352773 0.3254077341749827 0.011701391832631991 0.022065914772652385
0 0.34925343321762625 0.2835708360414218 0.03272321996293313 0.04273297077900686
0 0.34925343321762625 0.2835708360414218 0.03272321996293313 0.04273297077900686