0 0.5235669587046347 0.32216023729230026 0.032976132001908985 0.01674096091032524
0 0.5235669587046347 0.32216023729230026 0.032976132001908985 0.01674096091032524
0 0.5179254860359529 0.3068700771405794 0.014171588001272717 0.010522911818710767
0 0.5179254860359529 0.3068700771405794 0.014171588001272717 0.010522911818710767
0 0.5874680160725421 0.5818220218400472 0.018840906667727177 0.009343049091614476
0 0.5874680160725421 0.5818220218400472 0.018840906667727177 0.009343049091614476
0 0.5920378847469508 0.6391721362341335 0.03926249466899989 0.0203761439408634
0 0.5920378847469508 0.6391721362341335 0.03926249466899989 0.0203761439408634
0 0.5727162674251776 0.7226702913848845 0.01573408800127272 0.010650457576345218
0 0.5727162674251776 0.7226702913848845 0.01573408800127272 0.010650457576345218
0 0.5751872867599956 0.7337991100213364 0.015715906667727354 0.009087957576345219
0 0.5751872867599956 0.7337991100213364 0.015715906667727354 0.009087957576345219
0 0.6546844301002227 0.7910214207818804 0.020421588001272716 0.011033094849248925
0 0.6546844301002227 0.7910214207818804 0.020421588001272716 0.011033094849248925
0 0.6616338640992682 0.7845641266912358 0.021965906667727353 0.009598140606883554
0 0.6616338640992682 0.7845641266912358 0.021965906667727353 0.009598140606883554
0 0.6939736494270866 0.746617587601561 0.03303067600254543 0.021428460910325242
0 0.6939736494270866 0.746617587601561 0.03303067600254543 0.021428460910325242
0 0.700078198758723 0.7346277706320992 0.023564769334818082 0.012850686364518004
0 0.700078198758723 0.7346277706320992 0.023564769334818082 0.012850686364518004
0 0.5935880100254535 0.23577606926467162 0.03462953866963616 0.024681006667959783