0 0.543331626985996 0.6808760434232977 0.03555806840173403 0.021713173916276675
0 0.543331626985996 0.6808760434232977 0.03555806840173403 0.021713173916276675
0 0.5415948217384416 0.6973141269213947 0.016353042093374803 0.013136669961943782
0 0.5415948217384416 0.6973141269213947 0.016353042093374803 0.013136669961943782
0 0.5421232556851949 0.42060704688333866 0.020949536831702885 0.011765170950527093
0 0.5421232556851949 0.42060704688333866 0.020949536831702885 0.011765170950527093
0 0.5321181951053815 0.364898216350991 0.04364358418674961 0.026719008897248563
0 0.5321181951053815 0.364898216350991 0.04364358418674961 0.026719008897248563
0 0.4919551976656302 0.2917127257425312 0.017824536831702886 0.011637836958138336
0 0.4919551976656302 0.2917127257425312 0.017824536831702886 0.011637836958138336
0 0.4918109844973332 0.2808070592406284 0.017733531570031148 0.010075336958138337
0 0.4918109844973332 0.2808070592406284 0.017733531570031148 0.010075336958138337
0 0.5569347265342381 0.2064490463890471 0.022603042093374624 0.013391337946721472
0 0.5569347265342381 0.2064490463890471 0.022603042093374624 0.013391337946721472
0 0.5652554607492226 0.21078637790997795 0.024074536831702888 0.01189250494291585
0 0.5652554607492226 0.21078637790997795 0.024074536831702888 0.01189250494291585
0 0.6065406134082935 0.2379417855146322 0.03583108418674961 0.026400673916276585
0 0.6065406134082935 0.2379417855146322 0.03583108418674961 0.026400673916276585
0 0.6161053292074264 0.24768420003936864 0.02581904735504672 0.015081171939110228
0 0.6161053292074264 0.24768420003936864 0.02581904735504672 0.015081171939110228
0 0.6339496507341066 0.7442116901535369 0.03913809471009326 0.02965300790866543