0 0.5135082950956624 0.683933066020612 0.04070140965492612 0.028233771910269746
0 0.5135082950956624 0.683933066020612 0.04070140965492612 0.028233771910269746
0 0.5299802470731338 0.6377849300654772 0.05730975544788173 0.044214780674377605
0 0.5299802470731338 0.6377849300654772 0.05730975544788173 0.044214780674377605
0 0.5507733483139712 0.6872370704249585 0.04015510643661742 0.020421271910269746
0 0.5507733483139712 0.6872370704249585 0.04015510643661742 0.020421271910269746
0 0.5088058255140384 0.24483002655983405 0.04015510643661742 0.020421271910269746
0 0.5088058255140384 0.24483002655983405 0.04015510643661742 0.020421271910269746
0 0.5307301019971419 0.2090438379754668 0.025764824505632156 0.014007114022572598
0 0.5307301019971419 0.2090438379754668 0.025764824505632156 0.014007114022572598
0 0.5301837987788331 0.2012313379754668 0.03357732450563215 0.01496636840462653
0 0.5301837987788331 0.2012313379754668 0.03357732450563215 0.01496636840462653