0 0.3015376825873567 0.5677049205807234 0.03387809253146719 0.0178977312061269
0 0.3015376825873567 0.5677049205807234 0.03387809253146719 0.0178977312061269
0 0.28859905208852565 0.5321732659540483 0.032433991701630305 0.01927760114869237
0 0.28859905208852565 0.5321732659540483 0.032433991701630305 0.01927760114869237
0 0.31260951162236206 0.1313412789725542 0.036032588382282335 0.025892861263561474
0 0.31260951162236206 0.1313412789725542 0.036032588382282335 0.025892861263561474
0 0.2935402029090738 0.15012171971920418 0.03134508838228234 0.025344971091257662
0 0.2935402029090738 0.15012171971920418 0.03134508838228234 0.025344971091257662
0 0.26148564212119313 0.17436076595404837 0.07507177759440165 0.05058848264199223
0 0.26148564212119313 0.17436076595404837 0.07507177759440165 0.05058848264199223
0 0.19632442863866445 0.3025669436821925 0.05802598755244537 0.03001218206764609
0 0.19632442863866445 0.3025669436821925 0.05802598755244537 0.03001218206764609