0 0.6404935736866275 0.8194490172384128 0.07952567391627667 0.04396754382053949
0 0.6404935736866275 0.8194490172384128 0.07952567391627667 0.04396754382053949
0 0.6010198968046014 0.7664070962045539 0.028570668973360823 0.014390815775394116
0 0.6010198968046014 0.7664070962045539 0.028570668973360823 0.014390815775394116
0 0.5869600553978389 0.7265910391932676 0.049328837946721646 0.02782237716873439
0 0.5869600553978389 0.7265910391932676 0.049328837946721646 0.02782237716873439
0 0.6022003948274351 0.7572239470809647 0.02219333498097207 0.0104984122697509
0 0.6022003948274351 0.7572239470809647 0.02219333498097207 0.0104984122697509
0 0.5917603019377977 0.7108562672607054 0.10315417490485981 0.05153280696670137
0 0.5917603019377977 0.7108562672607054 0.10315417490485981 0.05153280696670137
0 0.584872337489611 0.48458154357532157 0.05564250494291585 0.030152280674377606
0 0.584872337489611 0.48458154357532157 0.05564250494291585 0.030152280674377606
0 0.6172272396570577 0.4201481882945643 0.025445668973360824 0.01400711402257251
0 0.6172272396570577 0.4201481882945643 0.025445668973360824 0.01400711402257251
0 0.6192526546760858 0.41262346460918053 0.02538200197716627 0.012444614022572686
0 0.6192526546760858 0.41262346460918053 0.02538200197716627 0.012444614022572686
0 0.5577448103035737 0.35298938130557056 0.04352450692008212 0.03799247366309135
0 0.5577448103035737 0.35298938130557056 0.04352450692008212 0.03799247366309135
0 0.48348890961900165 0.41927401292323657 0.05340884288963732 0.051643578921556
0 0.48348890961900165 0.41927401292323657 0.05340884288963732 0.051643578921556
0 0.5022958953217266 0.7472892409906743 0.05009284190105419 0.04657237716873439
0 0.5022958953217266 0.7472892409906743 0.05009284190105419 0.04657237716873439
0 0.5428227362341976 0.788023012900944 0.06096667490485981 0.04635283330360984