0 0.24464233436979677 0.5218213802742395 0.03208906203449331 0.052945217535011226
0 0.24464233436979677 0.5218213802742395 0.03208906203449331 0.052945217535011226
0 0.6238995330886705 0.697486890408434 0.03968323821317572 0.04862159057054054
0 0.6238995330886705 0.697486890408434 0.03968323821317572 0.04862159057054054
0 0.6056760719637999 0.7037925483901514 0.011956344499482085 0.02238442224974104
0 0.6056760719637999 0.7037925483901514 0.011956344499482085 0.02238442224974104
0 0.5583644243211647 0.7153507866033271 0.02340326674922295 0.03383134449948209
0 0.5583644243211647 0.7153507866033271 0.02340326674922295 0.03383134449948209
0 0.5474996989282707 0.7142977088530682 0.013664393713693813 0.025582196856846907
0 0.5474996989282707 0.7142977088530682 0.013664393713693813 0.025582196856846907
0 0.5133965266785296 0.7267998629058441 0.012174668320799498 0.027071922249741042
0 0.5133965266785296 0.7267998629058441 0.012174668320799498 0.027071922249741042
0 0.5081097131962944 0.7231483240307146 0.013664393713693813 0.025582196856846907
0 0.5081097131962944 0.7231483240307146 0.013664393713693813 0.025582196856846907
0 0.48243762510695304 0.7220053550479613 0.011883569892376045 0.020821922249741043
0 0.48243762510695304 0.7220053550479613 0.011883569892376045 0.020821922249741043
0 0.47551553701761196 0.7199890907799376 0.012029119106587771 0.023946922249740866
0 0.47551553701761196 0.7199890907799376 0.012029119106587771 0.023946922249740866
0 0.26334733085514006 0.6558132365605458 0.04607878742738745 0.052037688998963993
0 0.26334733085514006 0.6558132365605458 0.04607878742738745 0.052037688998963993
0 0.24041925310488113 0.6459673556671337 0.018351893713693723 0.025800520678164317
0 0.24041925310488113 0.6459673556671337 0.018351893713693723 0.025800520678164317
0 0.20324889288963338 0.6071617208447802 0.016789393713693722 0.025727746071058634
0 0.20324889288963338 0.6071617208447802 0.016789393713693722 0.025727746071058634
0 0.1911298825505512 0.6163012803980742 0.01871576674922295 0.03361302067816432
0 0.1911298825505512 0.6163012803980742 0.01871576674922295 0.03361302067816432
0 0.19105710794344533 0.6178637803980742 0.023548815963434677 0.03695634449948208