0 0.6681896184754837 0.5176785030687225 0.05873638257342364 0.04005155562232225
0 0.6681896184754837 0.5176785030687225 0.05873638257342364 0.04005155562232225
0 0.7349645666106727 0.6229759784478406 0.048414189212119395 0.02634504635193515
0 0.7349645666106727 0.6229759784478406 0.048414189212119395 0.02634504635193515
0 0.657940125323961 0.5968171118455452 0.033759693361304244 0.016722782446354677
0 0.657940125323961 0.5968171118455452 0.033759693361304244 0.016722782446354677
0 0.6121819525080885 0.8199231742704327 0.05345688672260831 0.031635800987128704
0 0.6121819525080885 0.8199231742704327 0.05345688672260831 0.031635800987128704
0 0.6991375008484144 0.834208385021513 0.04036489087179333 0.0222146219599459
0 0.6991375008484144 0.834208385021513 0.04036489087179333 0.0222146219599459
0 0.6116258454544742 0.8330033393920349 0.039275987552445456 0.028263537081548405