0 0.33402341106980477 0.22623919240395834 0.047990960910325245 0.03545165258848364
0 0.33402341106980477 0.22623919240395834 0.047990960910325245 0.03545165258848364
0 0.31831853379884084 0.2742517581748564 0.04617336939505616 0.03223564732681172
0 0.31831853379884084 0.2742517581748564 0.04617336939505616 0.03223564732681172
0 0.34126143940863385 0.3726059581889739 0.05449605242559432 0.03894067363517104
0 0.34126143940863385 0.3726059581889739 0.05449605242559432 0.03894067363517104
0 0.318669091225405 0.336243523959872 0.033035640606883555 0.023695105233437007
0 0.318669091225405 0.336243523959872 0.033035640606883555 0.023695105233437007
0 0.4088637854658308 0.2776127056287251 0.024840503333979847 0.018552578925077688
0 0.4088637854658308 0.2776127056287251 0.024840503333979847 0.018552578925077688
0 0.5682695759326314 0.595658508386618 0.03211086939505616 0.03141659997176518
0 0.5682695759326314 0.595658508386618 0.03211086939505616 0.03141659997176518
0 0.44401887502424586 0.6217344319512017 0.028348140606883555 0.023422089448421345
0 0.44401887502424586 0.6217344319512017 0.028348140606883555 0.023422089448421345