0 0.5000520638459338 0.7518523428300239 0.06753611049510884 0.03625176051544958
0 0.5000520638459338 0.7518523428300239 0.06753611049510884 0.03625176051544958
0 0.5261034135353503 0.4256583350281078 0.04576752630835923 0.010187227498762752
0 0.5261034135353503 0.4256583350281078 0.04576752630835923 0.010187227498762752
0 0.5367146898437095 0.4183781015364511 0.035012036831702883 0.012739017412854636
0 0.5367146898437095 0.4183781015364511 0.035012036831702883 0.012739017412854636
0 0.6254355556004902 0.3885478386461524 0.053762036831702886 0.013721663274411534
0 0.6254355556004902 0.3885478386461524 0.053762036831702886 0.013721663274411534
0 0.6306922029978892 0.4193850808442363 0.04264252630835923 0.010023453188503239
0 0.6306922029978892 0.4193850808442363 0.04264252630835923 0.010023453188503239
0 0.6217267266754126 0.4118625079134578 0.034739021046687316 0.008051517412854637
0 0.6217267266754126 0.4118625079134578 0.034739021046687316 0.008051517412854637
0 0.6067409505788148 0.642249370758328 0.033358531570031144 0.011094630257724702
0 0.6067409505788148 0.642249370758328 0.033358531570031144 0.011094630257724702
0 0.5976011690087837 0.6511739914051144 0.03005152104668731 0.00780585594746519
0 0.5976011690087837 0.6511739914051144 0.03005152104668731 0.00780585594746519