0 0.5687234140676259 0.4572702822216269 0.051400673916276673 0.04110564698048602
0 0.5687234140676259 0.4572702822216269 0.051400673916276673 0.04110564698048602
0 0.6327646453217266 0.7704612619202532 0.03338550296574958 0.018479487080944067
0 0.6327646453217266 0.7704612619202532 0.03338550296574958 0.018479487080944067
0 0.6415666423559772 0.7576607582290944 0.028952670950527094 0.024098488926523488
0 0.6415666423559772 0.7576607582290944 0.028952670950527094 0.024098488926523488
0 0.6744918888959359 0.7457766616691084 0.03245967292769336 0.03389415436280387
0 0.6744918888959359 0.7457766616691084 0.03245967292769336 0.03389415436280387
0 0.7149763315581119 0.4808426413677346 0.0432061719391104 0.030678983389785232
0 0.7149763315581119 0.4808426413677346 0.0432061719391104 0.030678983389785232
0 0.7098285751323212 0.44984805957238405 0.030706171939110405 0.028996321644663682
0 0.7098285751323212 0.44984805957238405 0.030706171939110405 0.028996321644663682