0 0.563032184754905 0.65 0.04256930800445424 0.0328125
0 0.563032184754905 0.65 0.04256930800445424 0.0328125
0 0.5869327614178598 0.62265625 0.036228401336727244 0.025
0 0.5869327614178598 0.62265625 0.036228401336727244 0.025
0 0.5905299287475871 0.59609375 0.0330852200031817 0.0234375
0 0.5905299287475871 0.59609375 0.0330852200031817 0.0234375
0 0.7228237133990879 0.484375 0.0708215773392725 0.04375
0 0.7228237133990879 0.484375 0.0708215773392725 0.04375
0 0.5061260147199066 0.3921875 0.0707852146721816 0.040625
0 0.5061260147199066 0.3921875 0.0707852146721816 0.040625
0 0.364526671347863 0.10703125 0.07565452800763603 0.05625
0 0.364526671347863 0.10703125 0.07565452800763603 0.05625
0 0.4014908693507264 0.128125 0.0755454400063634 0.046875
0 0.4014908693507264 0.128125 0.0755454400063634 0.046875
0 0.49216986600890866 0.065625 0.048910214672181596 0.040625
0 0.49216986600890866 0.065625 0.048910214672181596 0.040625
0 0.548901671347863 0.10703125 0.02205681333545435 0.015625
0 0.548901671347863 0.10703125 0.02205681333545435 0.015625
0 0.5498011000159083 0.1171875 0.0314863573360908 0.0203125
0 0.5498011000159083 0.1171875 0.0314863573360908 0.0203125