0 0.5065303192294446 0.4783199766312392 0.04445932813030105 0.022350188998963995
0 0.5065303192294446 0.4783199766312392 0.04445932813030105 0.022350188998963995
0 0.5099554195922641 0.487059275845451 0.03028770072563951 0.018570217535011223
0 0.5099554195922641 0.487059275845451 0.03028770072563951 0.018570217535011223
0 0.5084623853788461 0.6453255401134745 0.030233137023308387 0.017007717535011225
0 0.5084623853788461 0.6453255401134745 0.030233137023308387 0.017007717535011225
0 0.510406831295162 0.6563358147205804 0.05227182813030105 0.02271406203449331
0 0.510406831295162 0.6563358147205804 0.05227182813030105 0.02271406203449331
0 0.4163368835647475 0.5981358629013348 0.023819445916316084 0.012029119106587771
0 0.4163368835647475 0.5981358629013348 0.023819445916316084 0.012029119106587771
0 0.44260917376861536 0.3677056542576637 0.06419147477225665 0.05134848428423435
0 0.44260917376861536 0.3677056542576637 0.06419147477225665 0.05134848428423435
0 0.445724250084818 0.3452313407754284 0.039608137023308565 0.017444365177646404
0 0.445724250084818 0.3452313407754284 0.039608137023308565 0.017444365177646404