0 0.29218258783376594 0.3790059514591813 0.023983137023308565 0.017400987552445367
0 0.29218258783376594 0.3790059514591813 0.023983137023308565 0.017400987552445367
0 0.28385916714519344 0.3191573547785292 0.02236607332097771 0.015720088382282338
0 0.28385916714519344 0.3191573547785292 0.02236607332097771 0.015720088382282338
0 0.3066468811176768 0.43620314482048544 0.023928573320977708 0.015838487552445456
0 0.3066468811176768 0.43620314482048544 0.023928573320977708 0.015838487552445456
0 0.4685244100584353 0.8100102655710544 0.059558538474587405 0.05438076929603177
0 0.4685244100584353 0.8100102655710544 0.059558538474587405 0.05438076929603177
0 0.4888468337422328 0.8341465051980922 0.030396828130301045 0.02256208423309758
0 0.4888468337422328 0.8341465051980922 0.030396828130301045 0.02256208423309758
0 0.5244123115097141 0.84852923652676 0.049583337748947895 0.03648287427505394