0 0.49722905193779765 0.6331832780064724 0.06288200197716627 0.010465941558013725
0 0.49722905193779765 0.6331832780064724 0.06288200197716627 0.010465941558013725
0 0.48396641209045954 0.365255438314898 0.05883117193911023 0.02600912094116259
0 0.48396641209045954 0.365255438314898 0.05883117193911023 0.02600912094116259
0 0.47223307463802966 0.34591510308755036 0.05682300296574958 0.015044347402212211
0 0.47223307463802966 0.34591510308755036 0.05682300296574958 0.015044347402212211
0 0.6224532505314727 0.3870741168872681 0.01001166996194378 0.015788641233702095
0 0.6224532505314727 0.3870741168872681 0.01001166996194378 0.015788641233702095
0 0.6038969101132932 0.3537803758157218 0.020567167984777514 0.006604556006354479
0 0.6038969101132932 0.3537803758157218 0.020567167984777514 0.006604556006354479
0 0.6072765780980708 0.35997582873782114 0.020567167984777514 0.006604556006354389
0 0.6072765780980708 0.35997582873782114 0.020567167984777514 0.006604556006354389
0 0.636323385435895 0.6315371830398921 0.024519838935304607 0.026971603084255235
0 0.636323385435895 0.6315371830398921 0.024519838935304607 0.026971603084255235