0 0.4358987149471483 0.3715997585223385 0.0403726944820761 0.026364092558271414
0 0.4358987149471483 0.3715997585223385 0.0403726944820761 0.026364092558271414
0 0.4825457428754524 0.47304569663410617 0.04834896879233561 0.029761911069925696
0 0.4825457428754524 0.47304569663410617 0.04834896879233561 0.029761911069925696
0 0.48608017865110115 0.48096732403876796 0.04670458163720568 0.02814484736759475
0 0.48608017865110115 0.48096732403876796 0.04670458163720568 0.02814484736759475
0 0.48360363183960453 0.5229911329317753 0.0403726944820761 0.026364092558271324
0 0.48360363183960453 0.5229911329317753 0.0403726944820761 0.026364092558271324
0 0.5736155574384879 0.6930159454529798 0.02409259724103805 0.013318455534962937
0 0.5736155574384879 0.6930159454529798 0.02409259724103805 0.013318455534962937
0 0.4462408299397252 0.6433383492665113 0.024256371551297562 0.016443455534962938
0 0.4462408299397252 0.6433383492665113 0.024256371551297562 0.016443455534962938