0 0.5112435896717086 0.44659121307166433 0.04386817466803503 0.021076159090609538
0 0.5112435896717086 0.44659121307166433 0.04386817466803503 0.021076159090609538
0 0.5081685866466465 0.455239510149565 0.029787493949875808 0.017705697240056394
0 0.5081685866466465 0.455239510149565 0.029787493949875808 0.017705697240056394
0 0.5192475080932276 0.6136559821463878 0.02977840359079629 0.016143197240056396
0 0.5192475080932276 0.6136559821463878 0.02977840359079629 0.016143197240056396
0 0.5177486406067849 0.6246207556853381 0.05168976502711473 0.022775026785361162
0 0.5177486406067849 0.6246207556853381 0.05168976502711473 0.022775026785361162
0 0.6088276376799188 0.5667752536567432 0.023501132513557364 0.011346603084255058
0 0.6088276376799188 0.5667752536567432 0.023501132513557364 0.011346603084255058
0 0.5692010145361353 0.33619345536102657 0.06278180113146803 0.049528441558013545
0 0.5692010145361353 0.33619345536102657 0.06278180113146803 0.049528441558013545
0 0.5643862495090206 0.3144002759778776 0.03916249394987581 0.01786933847375849
0 0.5643862495090206 0.3144002759778776 0.03916249394987581 0.01786933847375849