0 0.6354924042160504 0.6797428579588143 0.012827282467404189 0.018968188311602675
0 0.6354924042160504 0.6797428579588143 0.012827282467404189 0.018968188311602675
0 0.6307639939076248 0.6774809285756653 0.014444329545304769 0.022120461850553143
0 0.6307639939076248 0.6774809285756653 0.014444329545304769 0.022120461850553143
0 0.32878270819380984 0.6139810848236058 0.04004434740221221 0.05693183847375849
0 0.32878270819380984 0.6139810848236058 0.04004434740221221 0.05693183847375849
0 0.3168594066516822 0.6024668863657334 0.020803423701106105 0.028479556006354302
0 0.3168594066516822 0.6024668863657334 0.020803423701106105 0.028479556006354302
0 0.28273382264215063 0.5725845174531656 0.020776150162155817 0.0269170560063543
0 0.28273382264215063 0.5725845174531656 0.020776150162155817 0.0269170560063543
0 0.27331791233372515 0.5704044086868677 0.019213650162155815 0.02688978246740419
0 0.27331791233372515 0.5704044086868677 0.019213650162155815 0.02688978246740419
0 0.29635421752930063 0.4574680320636622 0.032095479707460586 0.04898297077900686
0 0.29635421752930063 0.4574680320636622 0.032095479707460586 0.04898297077900686
0 0.6152423595737815 0.5941326404262185 0.030478432629560005 0.045830697240056395
0 0.6152423595737815 0.5941326404262185 0.030478432629560005 0.045830697240056395
0 0.6706292889569305 0.5884769297934813 0.020803423701106105 0.028479556006354302
0 0.6706292889569305 0.5884769297934813 0.020803423701106105 0.028479556006354302
0 0.6815667889569305 0.5882860150208289 0.022420470779006864 0.03163182954530477