0 0.4702353014905233 0.38794094050063044 0.05301799214211709 0.03485560124083724
0 0.4702353014905233 0.38794094050063044 0.05301799214211709 0.03485560124083724
0 0.5582617245688338 0.6856678823386433 0.06083049214211726 0.03540190445914586
0 0.5582617245688338 0.6856678823386433 0.06083049214211726 0.03540190445914586
0 0.5602416015333045 0.6936442733041359 0.04803939371369381 0.028277819309851893
0 0.5602416015333045 0.6936442733041359 0.04803939371369381 0.028277819309851893
0 0.5639466443373754 0.7150658052351211 0.07220463978475244 0.04554172896477802
0 0.5639466443373754 0.7150658052351211 0.07220463978475244 0.04554172896477802
0 0.5649269474805285 0.7276750658787827 0.038518844499482084 0.024497255447881727
0 0.5649269474805285 0.7276750658787827 0.038518844499482084 0.024497255447881727
0 0.583529244213541 0.7658142042463854 0.032050520678164315 0.019372712873234655
0 0.583529244213541 0.7658142042463854 0.032050520678164315 0.019372712873234655
0 0.715489873659211 0.7429062179921402 0.03946491439185813 0.044809755447881724
0 0.715489873659211 0.7429062179921402 0.03946491439185813 0.044809755447881724
0 0.6912925483901514 0.6902675370498907 0.025946069892376224 0.02206067029858776
0 0.6912925483901514 0.6902675370498907 0.025946069892376224 0.02206067029858776
0 0.6529963358175388 0.6374267603146856 0.036883569892376046 0.022825494804219915
0 0.6529963358175388 0.6374267603146856 0.036883569892376046 0.022825494804219915
0 0.651052846156621 0.6286691193491929 0.03844606989237605 0.022934755447881726
0 0.651052846156621 0.6286691193491929 0.03844606989237605 0.022934755447881726
0 0.5951603728306415 0.431947302637231 0.03368579528527036 0.021044473516896468
0 0.5951603728306415 0.431947302637231 0.03368579528527036 0.021044473516896468
0 0.6021038856509231 0.38383758456821615 0.066100188998964 0.04822968639013112
0 0.6021038856509231 0.38383758456821615 0.066100188998964 0.04822968639013112
0 0.5837541459900053 0.3739327068442754 0.02474744292790536 0.029763909654925945
0 0.5837541459900053 0.3739327068442754 0.02474744292790536 0.029763909654925945
0 0.5817935397036991 0.34871418555695194 0.03368579528527036 0.021044473516896468
0 0.5817935397036991 0.34871418555695194 0.03368579528527036 0.021044473516896468
0 0.5784330992569929 0.3367222839477976 0.04327911910658777 0.02638753737886681