0 0.44170426994854123 0.5842950311465082 0.006831881458888844 0.025364021046687314
0 0.44170426994854123 0.5842950311465082 0.006831881458888844 0.025364021046687314
0 0.4677394398764232 0.6084983705949295 0.016497822188333445 0.03841005261671846
0 0.4677394398764232 0.6084983705949295 0.016497822188333445 0.03841005261671846
0 0.491231491263194 0.6075196995200073 0.010175087005972116 0.034921031570031145
0 0.491231491263194 0.6075196995200073 0.010175087005972116 0.034921031570031145
0 0.5733341700247911 0.6764509810194511 0.014680749050069507 0.02738154735504672
0 0.5733341700247911 0.6764509810194511 0.014680749050069507 0.02738154735504672
0 0.37182556820118 0.6960068048946185 0.011483013867708359 0.024074536831702888
0 0.37182556820118 0.6960068048946185 0.011483013867708359 0.024074536831702888
0 0.3638318834556592 0.6697250259554235 0.008430749050069509 0.027017526308359407
0 0.3638318834556592 0.6697250259554235 0.008430749050069509 0.027017526308359407