0 0.4994479540284719 0.3800667737631772 0.03949891109416672 0.02034167490485981
0 0.4994479540284719 0.3800667737631772 0.03949891109416672 0.02034167490485981
0 0.5122382415475344 0.40170169323082955 0.025181837955902786 0.008831171939110228
0 0.5122382415475344 0.40170169323082955 0.025181837955902786 0.008831171939110228
0 0.5104757197960413 0.41023177623463514 0.02053070554708327 0.010202670950527093
0 0.5104757197960413 0.41023177623463514 0.02053070554708327 0.010202670950527093
0 0.5145605417000343 0.5707063612156071 0.0282704703647223 0.007396005931498984
0 0.5145605417000343 0.5707063612156071 0.0282704703647223 0.007396005931498984
0 0.4780034862292009 0.6630556872993305 0.03470230832062491 0.015463173916276673
0 0.4780034862292009 0.6630556872993305 0.03470230832062491 0.015463173916276673
0 0.475150589952673 0.684835186805039 0.037790940729444424 0.01402800790866543
0 0.475150589952673 0.684835186805039 0.037790940729444424 0.01402800790866543
0 0.5565635909026035 0.7147402041052444 0.012718205547083273 0.009884335969555024
0 0.5565635909026035 0.7147402041052444 0.012718205547083273 0.009884335969555024
0 0.5409924890789924 0.7453853676413977 0.020494337955902785 0.008640170950527094
0 0.5409924890789924 0.7453853676413977 0.020494337955902785 0.008640170950527094
0 0.5882688390027425 0.6628567105310351 0.0173329703647223 0.006950336958138337
0 0.5882688390027425 0.6628567105310351 0.0173329703647223 0.006950336958138337
0 0.4942883285535067 0.3665626892764969 0.032994337955902786 0.009149506920082207