0 0.5036384978522934 0.22204167212109613 0.05113977611928178 0.05636874634765014
0 0.5036384978522934 0.22204167212109613 0.05113977611928178 0.05636874634765014
0 0.5096871019907364 0.24009399119966304 0.021131371551297563 0.017640522661917755
0 0.5096871019907364 0.24009399119966304 0.021131371551297563 0.017640522661917755
0 0.5420968102676224 0.2741831066948791 0.044070904567984216 0.040123585528598585
0 0.5420968102676224 0.2741831066948791 0.044070904567984216 0.040123585528598585
0 0.556165954320157 0.30232020464725 0.01940509724103805 0.014360482457154867
0 0.556165954320157 0.30232020464725 0.01940509724103805 0.014360482457154867
0 0.5636951713034704 0.321779983521054 0.014471935775648781 0.009207861842866195
0 0.5636951713034704 0.321779983521054 0.014471935775648781 0.009207861842866195
0 0.5365295629811558 0.2024570979234565 0.05262038896415202 0.05496128655241304
0 0.5365295629811558 0.2024570979234565 0.05262038896415202 0.05496128655241304
0 0.5713239648356067 0.23553240311152818 0.05294793758467105 0.061211286552413036
0 0.5713239648356067 0.23553240311152818 0.05294793758467105 0.061211286552413036
0 0.5891732061291794 0.2508594206543733 0.025736984396167627 0.016543143276206606
0 0.5891732061291794 0.2508594206543733 0.025736984396167627 0.016543143276206606
0 0.61233074513876 0.28353502737816677 0.021131371551297563 0.017640522661917755
0 0.61233074513876 0.28353502737816677 0.021131371551297563 0.017640522661917755
0 0.6118803657855463 0.2921287773781668 0.021131371551297563 0.017640522661917755
0 0.6118803657855463 0.2921287773781668 0.021131371551297563 0.017640522661917755
0 0.5903971121675017 0.3906316995281773 0.02253009724103805 0.014670562866680647
0 0.5903971121675017 0.3906316995281773 0.02253009724103805 0.014670562866680647
0 0.5909327007021125 0.39524167942579586 0.017760710085908293 0.012642942252391976
0 0.5909327007021125 0.39524167942579586 0.017760710085908293 0.012642942252391976
0 0.6006418933751662 0.41759389799245544 0.022448210085908294 0.013108062866680825
0 0.6006418933751662 0.41759389799245544 0.022448210085908294 0.013108062866680825
0 0.6001915140219525 0.42618764799245545 0.020967597241038048 0.014515522661917756
0 0.6001915140219525 0.42618764799245545 0.020967597241038048 0.014515522661917756
0 0.5988403759623117 0.45196889799245554 0.017678822930778538 0.011080442252391975
0 0.5988403759623117 0.45196889799245554 0.017678822930778538 0.011080442252391975
0 0.6001162709193575 0.45728260778769253 0.02253009724103805 0.014670562866680826
0 0.6001162709193575 0.45728260778769253 0.02253009724103805 0.014670562866680826
0 0.6015592622129302 0.4742375474805482 0.015952548620519025 0.007800402047629084
0 0.6015592622129302 0.4742375474805482 0.015952548620519025 0.007800402047629084
0 0.6157136154468621 0.5155783753305376 0.04538774310259512 0.0355911257333613
0 0.6157136154468621 0.5155783753305376 0.04538774310259512 0.0355911257333613
0 0.6109918159218319 0.5463572057400634 0.0356851944820761 0.02841088450478395
0 0.6109918159218319 0.5463572057400634 0.0356851944820761 0.02841088450478395
0 0.5999414512679394 0.5940849268662596 0.016116322930778536 0.010925402047629085
0 0.5999414512679394 0.5940849268662596 0.016116322930778536 0.010925402047629085
0 0.6026570154922906 0.6015873464567336 0.019323210085908295 0.012797982457155044
0 0.6026570154922906 0.6015873464567336 0.019323210085908295 0.012797982457155044
0 0.597730498079436 0.6362724268662594 0.009866322930778538 0.010305241228577344
0 0.597730498079436 0.6362724268662594 0.009866322930778538 0.010305241228577344
0 0.6534825310961228 0.6105335196995577 0.02959896879233561 0.030915723685732387
0 0.6534825310961228 0.6105335196995577 0.02959896879233561 0.030915723685732387
0 0.6683163150173208 0.5647619480614544 0.020967597241038048 0.014515522661917756
0 0.6683163150173208 0.5647619480614544 0.020967597241038048 0.014515522661917756
0 0.664403420964786 0.5356170887781246 0.026228307326946164 0.025918143276206607
0 0.664403420964786 0.5356170887781246 0.026228307326946164 0.025918143276206607
0 0.6668257360936484 0.5190557985733617 0.017678822930778538 0.011080442252391975