0 0.5729608020523609 0.19494839537083278 0.050581881458888846 0.027328787427387445
0 0.5729608020523609 0.19494839537083278 0.050581881458888846 0.027328787427387445
0 0.5180167692829512 0.309105094708879 0.02372844072944442 0.01359161910658786
0 0.5180167692829512 0.309105094708879 0.02372844072944442 0.01359161910658786
0 0.5195779628621872 0.37614704549466726 0.06460801386770836 0.026421258891340216
0 0.5195779628621872 0.37614704549466726 0.06460801386770836 0.026421258891340216
0 0.4872531592912148 0.5243683757261256 0.04262391109416672 0.02071491439185813
0 0.4872531592912148 0.5243683757261256 0.04262391109416672 0.02071491439185813
0 0.5201559250587843 0.5524912216733497 0.04941942496187508 0.04444351282028158
0 0.5201559250587843 0.5524912216733497 0.04941942496187508 0.04444351282028158
0 0.48923258016902726 0.573441576511914 0.06181032218833345 0.04033820967712849
0 0.48923258016902726 0.573441576511914 0.06181032218833345 0.04033820967712849
0 0.48525163535552024 0.6774206011190198 0.03953527868534721 0.022131865177646405
0 0.48525163535552024 0.6774206011190198 0.03953527868534721 0.022131865177646405
0 0.4536925108304855 0.692157343261137 0.06162848423243048 0.03252570967712849
0 0.4536925108304855 0.692157343261137 0.06162848423243048 0.03252570967712849
0 0.34150163535552025 0.6841158649727587 0.034775043502986144 0.018788541356328813
0 0.34150163535552025 0.6841158649727587 0.034775043502986144 0.018788541356328813
0 0.36103549819704817 0.5489767315981471 0.031577308320625 0.015517992142117265
0 0.36103549819704817 0.5489767315981471 0.031577308320625 0.015517992142117265
0 0.3658866523573606 0.5417271577768296 0.05359777868534721 0.022786836641599174
0 0.3658866523573606 0.5417271577768296 0.05359777868534721 0.022786836641599174
0 0.39675871191225665 0.35533373945603 0.039389808320625 0.015881865177646403
0 0.39675871191225665 0.35533373945603 0.039389808320625 0.015881865177646403
0 0.39706848964767333 0.3084951267595829 0.029978440729444424 0.013882717535011312
0 0.39706848964767333 0.3084951267595829 0.029978440729444424 0.013882717535011312
0 0.439112478914097 0.2121081242783836 0.047602351823611146 0.03343323821317572