0 0.4629759987269063 0.39832322000446807 0.0392988573360908 0.024188505119072713
0 0.4629759987269063 0.39832322000446807 0.0392988573360908 0.024188505119072713
0 0.5100799074235868 0.6149983241687252 0.06469884667409058 0.06104414839527923
0 0.5100799074235868 0.6149983241687252 0.06469884667409058 0.06104414839527923
0 0.6277128500954502 0.6416515588115072 0.04565794533736352 0.034183665938124365
0 0.6277128500954502 0.6416515588115072 0.04565794533736352 0.034183665938124365
0 0.6314918307606321 0.6303264582995999 0.05817612667090888 0.03698648757622749
0 0.6314918307606321 0.6303264582995999 0.05817612667090888 0.03698648757622749
0 0.6309373000874959 0.5826702082995998 0.025199994668999894 0.019668143276206605
0 0.6309373000874959 0.5826702082995998 0.025199994668999894 0.019668143276206605
0 0.514701036043907 0.27273935304252916 0.04118862133990877 0.0524685453238356