0 0.6501492853620545 0.6055293066924523 0.009232888367602499 0.020996005183796386
0 0.6501492853620545 0.6055293066924523 0.009232888367602499 0.020996005183796386
0 0.6597428066493779 0.6032245129130078 0.009560670298587759 0.025683505183796383
0 0.6597428066493779 0.6032245129130078 0.009560670298587759 0.025683505183796383
0 0.6773677132022108 0.710880479501156 0.012543558666190436 0.04613270622055552
0 0.6773677132022108 0.710880479501156 0.012543558666190436 0.04613270622055552
0 0.6305801945127774 0.7280098994351376 0.015701409654926123 0.02466780933083328
0 0.6305801945127774 0.7280098994351376 0.015701409654926123 0.02466780933083328
0 0.2930637690184096 0.6874766249767587 0.017810212873234654 0.03261701036759259
0 0.2930637690184096 0.6874766249767587 0.017810212873234654 0.03261701036759259
0 0.25429084612193176 0.6911586995761569 0.035183383171822416 0.05898402073518518
0 0.25429084612193176 0.6911586995761569 0.035183383171822416 0.05898402073518518