0 0.57852961597566 0.31590282884261245 0.042769381458888846 0.029682387800137898
0 0.57852961597566 0.31590282884261245 0.042769381458888846 0.029682387800137898
0 0.5536387187492016 0.31781558051660486 0.05221711664124999 0.033847918422390766
0 0.5536387187492016 0.31781558051660486 0.05221711664124999 0.033847918422390766
0 0.5502052474345488 0.33769452609066614 0.042696646276527875 0.0265573878001379
0 0.5502052474345488 0.33769452609066614 0.042696646276527875 0.0265573878001379
0 0.4802752603523267 0.3798038355385819 0.028415940729444422 0.0156215918667586
0 0.4802752603523267 0.3798038355385819 0.028415940729444422 0.0156215918667586
0 0.4701976244281255 0.6833649460644516 0.044150043502986236 0.022043309570513436
0 0.4701976244281255 0.6833649460644516 0.044150043502986236 0.022043309570513436
0 0.5233239308488895 0.7562753644868424 0.05872168977951393 0.04547910550389265
0 0.5233239308488895 0.7562753644868424 0.05872168977951393 0.04547910550389265
0 0.5199268271254173 0.7777168100609038 0.06144664627652787 0.028638449044643723
0 0.5199268271254173 0.7777168100609038 0.06144664627652787 0.028638449044643723
0 0.3856414396826048 0.6996947095789882 0.055342116641249994 0.03419476196314175
0 0.3856414396826048 0.6996947095789882 0.055342116641249994 0.03419476196314175
0 0.3696163961796186 0.6807729918752334 0.04742051386770836 0.028640153111264333
0 0.3696163961796186 0.6807729918752334 0.04742051386770836 0.028640153111264333
0 0.39110365757878496 0.36523129462717974 0.06340918977951393 0.04599937081501917