0 0.4930922005336602 0.6995179624225427 0.01871550790866543 0.03981365989954213
0 0.4930922005336602 0.6995179624225427 0.01871550790866543 0.03981365989954213
0 0.5140586165412715 0.7054824541174354 0.025220175893442942 0.0469049907721029
0 0.5140586165412715 0.7054824541174354 0.025220175893442942 0.0469049907721029
0 0.5257455330431743 0.7078411995034868 0.0237850098858317 0.04981965805396271
0 0.5257455330431743 0.7078411995034868 0.0237850098858317 0.04981965805396271
0 0.5865702865032153 0.6995327591518841 0.026973676882026253 0.0518028234902431
0 0.5865702865032153 0.6995327591518841 0.026973676882026253 0.0518028234902431
0 0.7746154090503479 0.5378886880970758 0.02770850593149916 0.03170065620838312
0 0.7746154090503479 0.5378886880970758 0.02770850593149916 0.03170065620838312
0 0.7679767954004639 0.6815335217380057 0.016452670950527094 0.022415827181401938
0 0.7679767954004639 0.6815335217380057 0.016452670950527094 0.022415827181401938
0 0.7595594589366172 0.6953256081473048 0.025029174904859806 0.042217490772102906
0 0.7595594589366172 0.6953256081473048 0.025029174904859806 0.042217490772102906
0 0.711029117035563 0.7296406266030991 0.015144838935304605 0.028455494463261743
0 0.711029117035563 0.7296406266030991 0.015144838935304605 0.028455494463261743