0 0.4437091887940762 0.3450929427791249 0.04847604135632881 0.03519320616851011
0 0.4437091887940762 0.3450929427791249 0.04847604135632881 0.03519320616851011
0 0.42798998945603 0.3976685178602028 0.04676799214211709 0.03204093262955983
0 0.42798998945603 0.3976685178602028 0.04676799214211709 0.03204093262955983
0 0.41928492349259533 0.4337287487854793 0.03761131596343468 0.03656479139585791
0 0.41928492349259533 0.4337287487854793 0.03761131596343468 0.03656479139585791
0 0.37918000020939696 0.540592403411862 0.05167381596343468 0.03681025324641087
0 0.37918000020939696 0.540592403411862 0.05167381596343468 0.03681025324641087
0 0.3755198451231637 0.6694577431034364 0.047675520678164406 0.018005706168510115
0 0.3755198451231637 0.6694577431034364 0.047675520678164406 0.018005706168510115
0 0.32941113255055116 0.620303222810897 0.020894696856846907 0.0128545560063543
0 0.32941113255055116 0.620303222810897 0.020894696856846907 0.0128545560063543
0 0.3757724021952583 0.6975554695644861 0.02238442224974104 0.011319329545304768
0 0.3757724021952583 0.6975554695644861 0.02238442224974104 0.011319329545304768
0 0.31149157837394076 0.70336118466145 0.02921661910658786 0.02392842370110628
0 0.31149157837394076 0.70336118466145 0.02921661910658786 0.02392842370110628
0 0.30450748594137333 0.5348702832814782 0.052726893713693726 0.025900026785361165
0 0.30450748594137333 0.5348702832814782 0.052726893713693726 0.025900026785361165
0 0.39772675475751096 0.30998728571711026 0.03234161910658786 0.023982970779006775