0 0.26350616104568875 0.5701998981929272 0.0375601841585147 0.057493506667959694
0 0.26350616104568875 0.5701998981929272 0.0375601841585147 0.057493506667959694
0 0.2578631057981343 0.5862235109200236 0.02571263154179624 0.040975686364518
0 0.2578631057981343 0.5862235109200236 0.02571263154179624 0.040975686364518
0 0.5726444845679203 0.42431241077994064 0.022405621018452494 0.037595594849248924
0 0.5726444845679203 0.42431241077994064 0.022405621018452494 0.037595594849248924
0 0.5819284793062485 0.4266401853257479 0.023877115756780753 0.03616064060688355
0 0.5819284793062485 0.4266401853257479 0.023877115756780753 0.03616064060688355
0 0.6307377056287251 0.4376891266912358 0.02396812101845249 0.03772314060688355
0 0.6307377056287251 0.4376891266912358 0.02396812101845249 0.03772314060688355
0 0.6394679635212329 0.43604687835822575 0.02047909997176518 0.031218049091614474
0 0.6394679635212329 0.43604687835822575 0.02047909997176518 0.031218049091614474
0 0.6026651845114506 0.3671056886597278 0.015245568401734032 0.021460411818710855
0 0.6026651845114506 0.3671056886597278 0.015245568401734032 0.021460411818710855
0 0.5447161766189428 0.36473024562725 0.018643584186749607 0.026403003333979845
0 0.5447161766189428 0.36473024562725 0.018643584186749607 0.026403003333979845
0 0.29225205830191336 0.4540167887998107 0.026911110495108838 0.03485323212215263
0 0.29225205830191336 0.4540167887998107 0.026911110495108838 0.03485323212215263
0 0.24861617939095307 0.4889180762224955 0.020388094710093264 0.029655549091614476
0 0.24861617939095307 0.4889180762224955 0.020388094710093264 0.029655549091614476
0 0.24434590834426562 0.4948492118284092 0.01699007892507769 0.02471295757634522