0 0.534157622569311 0.6263702106779856 0.023628414772652383 0.011483013867708359
0 0.534157622569311 0.6263702106779856 0.023628414772652383 0.011483013867708359
0 0.5294525316599205 0.5827474972471176 0.06290910308425506 0.024892203647222288
0 0.5294525316599205 0.5827474972471176 0.06290910308425506 0.024892203647222288
0 0.516396972810897 0.34642879075010374 0.03780000892845372 0.018060322188333443
0 0.516396972810897 0.34642879075010374 0.03780000892845372 0.018060322188333443
0 0.5226430186709816 0.3017702541809718 0.03303068831160268 0.013263719414791719
0 0.5226430186709816 0.3017702541809718 0.03303068831160268 0.013263719414791719
0 0.4260816643689106 0.2860562948341663 0.023573867694751626 0.008358013867708357
0 0.4260816643689106 0.2860562948341663 0.023573867694751626 0.008358013867708357
0 0.4462757930240063 0.6502817957840967 0.04876478246740419 0.01987739532659738
0 0.4462757930240063 0.6502817957840967 0.04876478246740419 0.01987739532659738
0 0.4405712638030129 0.6191772661488191 0.03297614123370209 0.01013871941479163