0 0.41365630201142095 0.5491323773170487 0.017426517412854635 0.035193871551297565
0 0.41365630201142095 0.5491323773170487 0.017426517412854635 0.035193871551297565
0 0.4182209712787264 0.547034288782438 0.017508404567984213 0.03675637155129756
0 0.4182209712787264 0.547034288782438 0.017508404567984213 0.03675637155129756
0 0.5800459418800843 0.6318673914505429 0.013973968792335612 0.028780097241038048
0 0.5800459418800843 0.6318673914505429 0.013973968792335612 0.028780097241038048
0 0.7701043758467107 0.6013145115315023 0.035098696291098366 0.07507524310259513
0 0.7701043758467107 0.6013145115315023 0.035098696291098366 0.07507524310259513
0 0.8114730042954132 0.5879004647200057 0.015208920171816232 0.022611984396167628
0 0.8114730042954132 0.5879004647200057 0.015208920171816232 0.022611984396167628
0 0.8673678002023987 0.5246059266149363 0.027292840343633173 0.0450601944820761
0 0.8673678002023987 0.5246059266149363 0.027292840343633173 0.0450601944820761
0 0.5210604454981288 0.725385018090223 0.018989017412854636 0.03527575870642732