0 0.5798783736068286 0.7328125 0.0720585384745874 0.05
0 0.5798783736068286 0.7328125 0.0720585384745874 0.05
0 0.5553694469278063 0.71875 0.044568455534962935 0.0234375
0 0.5553694469278063 0.71875 0.044568455534962935 0.0234375
0 0.5317335394860777 0.6796875 0.03988095553496294 0.0234375
0 0.5317335394860777 0.6796875 0.03988095553496294 0.0234375
0 0.5039284872164922 0.62578125 0.06095734736759475 0.0453125
0 0.5039284872164922 0.62578125 0.06095734736759475 0.0453125
0 0.47863831053746997 0.61171875 0.03686508293962447 0.0265625
0 0.47863831053746997 0.61171875 0.03686508293962447 0.0265625
0 0.3882935966498046 0.40234375 0.03977182813030113 0.0203125
0 0.3882935966498046 0.40234375 0.03977182813030113 0.0203125
0 0.407209776957024 0.33046875 0.10676092068857254 0.059375
0 0.407209776957024 0.33046875 0.10676092068857254 0.059375
0 0.3959201020921002 0.2734375 0.030342264427970278 0.01875
0 0.3959201020921002 0.2734375 0.030342264427970278 0.01875