0 0.4984425446346732 0.6459809338392895 0.049583337748947895 0.03478617688202608
0 0.4984425446346732 0.6459809338392895 0.049583337748947895 0.03478617688202608
0 0.3650744508104574 0.35657624113993247 0.03168650961864685 0.013773339923887828
0 0.3650744508104574 0.35657624113993247 0.03168650961864685 0.013773339923887828
0 0.35937008783376595 0.3719465731551549 0.02721726442797028 0.019832338935304693
0 0.35937008783376595 0.3719465731551549 0.02721726442797028 0.019832338935304693
0 0.33209082521989425 0.3950193172236559 0.030669646641955418 0.029334672927693362
0 0.33209082521989425 0.3950193172236559 0.030669646641955418 0.029334672927693362
0 0.3573463186812903 0.6714372371855998 0.04138889183263199 0.023530341901054186
0 0.3573463186812903 0.6714372371855998 0.04138889183263199 0.023530341901054186
0 0.36929324717441114 0.7007891561589605 0.028943455534962848 0.02458350593149916
0 0.36929324717441114 0.7007891561589605 0.028943455534962848 0.02458350593149916