0 0.47081500922982294 0.7876393566248339 0.034574994668999895 0.01898901741285446
0 0.47081500922982294 0.7876393566248339 0.034574994668999895 0.01898901741285446
0 0.35733431190327714 0.7316615943003619 0.02200226933481808 0.012083920171816587
0 0.35733431190327714 0.7316615943003619 0.02200226933481808 0.012083920171816587
0 0.4091359059516385 0.37790915253181934 0.03135908800127254 0.011012743102595035
0 0.4091359059516385 0.37790915253181934 0.03135908800127254 0.011012743102595035
0 0.4666131459659561 0.2753883401164904 0.048673857336090795 0.022851001809022265
0 0.4666131459659561 0.2753883401164904 0.048673857336090795 0.022851001809022265
0 0.3554301979630926 0.29066810210227806 0.018859088001272718 0.010357645861557074
0 0.3554301979630926 0.29066810210227806 0.018859088001272718 0.010357645861557074
0 0.35691088196213816 0.29778123925740785 0.021947725334181812 0.007396420171816587
0 0.35691088196213816 0.29778123925740785 0.021947725334181812 0.007396420171816587