0 0.2640117873965425 0.4671294544276767 0.023892033338636143 0.039198855386194255
0 0.2640117873965425 0.4671294544276767 0.023892033338636143 0.039198855386194255
0 0.3087612133990879 0.4861385296614459 0.038136346674090583 0.05490566861791084
0 0.3087612133990879 0.4861385296614459 0.038136346674090583 0.05490566861791084
0 0.2574077987348605 0.5038072978118185 0.016079533338636143 0.03915340359079629
0 0.2574077987348605 0.5038072978118185 0.016079533338636143 0.03915340359079629
0 0.7001583727323151 0.4876344146108901 0.016079533338636053 0.03915340359079629
0 0.7001583727323151 0.4876344146108901 0.016079533338636053 0.03915340359079629
0 0.7340339334022696 0.5120486073311019 0.011210220003181703 0.023501132513557364
0 0.7340339334022696 0.5120486073311019 0.011210220003181703 0.023501132513557364
0 0.7418464334022696 0.5120940591265 0.011319308004454243 0.032876132513557366
0 0.7418464334022696 0.5120940591265 0.011319308004454243 0.032876132513557366