0 0.5014654868332583 0.37621510346107445 0.045280549091614476 0.021042840343632997
0 0.5014654868332583 0.37621510346107445 0.045280549091614476 0.021042840343632997
0 0.4248711648628266 0.3606144369073025 0.07219373545613247 0.04579053482570909
0 0.4248711648628266 0.3606144369073025 0.07219373545613247 0.04579053482570909
0 0.3895072339583204 0.48486416440606533 0.08491687606301594 0.06823874491161738
0 0.3895072339583204 0.48486416440606533 0.08491687606301594 0.06823874491161738
0 0.3951193762321938 0.5151691400958058 0.03695786606107632 0.014383404567984214
0 0.3951193762321938 0.5151691400958058 0.03695786606107632 0.014383404567984214
0 0.5897290851856651 0.8807897388071819 0.06712359818322895 0.040857373360319825
0 0.5897290851856651 0.8807897388071819 0.06712359818322895 0.040857373360319825
0 0.6774683301846952 0.8502999773872212 0.0737562354561323 0.04587242198083885
0 0.6774683301846952 0.8502999773872212 0.0737562354561323 0.04587242198083885
0 0.6510175294260908 0.8242254782917323 0.04215554909161447 0.02087906603337366
0 0.6510175294260908 0.8242254782917323 0.04215554909161447 0.02087906603337366
0 0.4913566474440211 0.5022796364777612 0.032653003333980024 0.018825243102595125
0 0.4913566474440211 0.5022796364777612 0.032653003333980024 0.018825243102595125
0 0.4910379119878887 0.4599283621675017 0.046587957576345394 0.017999727498762753