0 0.29732992187853224 0.5027592407469663 0.018233174452321598 0.03734050333397985
0 0.29732992187853224 0.5027592407469663 0.018233174452321598 0.03734050333397985
0 0.35144076035833427 0.5053901621085749 0.01657974623907634 0.0340879575763454
0 0.35144076035833427 0.5053901621085749 0.01657974623907634 0.0340879575763454
0 0.7437539439818559 0.5853500184575756 0.014653533386094963 0.021460411818710768
0 0.7437539439818559 0.5853500184575756 0.014653533386094963 0.021460411818710768
0 0.6737824247815262 0.6028083275511296 0.036511813011265916 0.07624350666795969
0 0.6737824247815262 0.6028083275511296 0.036511813011265916 0.07624350666795969
0 0.4474017812080168 0.6275524624081373 0.02323892319868044 0.048660640606883555
0 0.4474017812080168 0.6275524624081373 0.02323892319868044 0.048660640606883555
0 0.4153932632613282 0.6309484004396453 0.0266821719450391 0.059853232122152634
0 0.4153932632613282 0.6309484004396453 0.0266821719450391 0.059853232122152634
0 0.35415188638086625 0.6523927078662094 0.025483384798020658 0.07222568636451801
0 0.35415188638086625 0.6523927078662094 0.025483384798020658 0.07222568636451801
0 0.25485892854244974 0.6041143177183679 0.02581835391920828 0.030165732122152632