0 0.5243288076246169 0.8389950827307532 0.028315914772652384 0.014890210976004781
0 0.5243288076246169 0.8389950827307532 0.028315914772652384 0.014890210976004781
0 0.538381624995057 0.7957687357458668 0.017296594155801336 0.008665545596447366
0 0.538381624995057 0.7957687357458668 0.017296594155801336 0.008665545596447366
0 0.5470611497518234 0.7572425560712016 0.023573867694751626 0.01110642581333714
0 0.5470611497518234 0.7572425560712016 0.023573867694751626 0.01110642581333714
0 0.5492548952875966 0.7489781986525355 0.029905688311602674 0.01667230603022709
0 0.5492548952875966 0.7489781986525355 0.029905688311602674 0.01667230603022709
0 0.5526293112780649 0.7190584362880916 0.026753414772652383 0.014670615921782116
0 0.5526293112780649 0.7190584362880916 0.026753414772652383 0.014670615921782116
0 0.556699202511767 0.7289824239236479 0.015734094155801338 0.008445950542224879
0 0.556699202511767 0.7289824239236479 0.015734094155801338 0.008445950542224879
0 0.556652563713697 0.6370145189778704 0.025081820616851047 0.008201020867559805
0 0.556652563713697 0.6370145189778704 0.025081820616851047 0.008201020867559805
0 0.5505468396882792 0.5551057338152028 0.02664432061685105 0.008420615921782292
0 0.5505468396882792 0.5551057338152028 0.02664432061685105 0.008420615921782292
0 0.5443456582765354 0.46772819865253545 0.028315914772652384 0.014890210976004781
0 0.5443456582765354 0.46772819865253545 0.028315914772652384 0.014890210976004781
0 0.5418655405817836 0.45958630607120166 0.020448867694751627 0.010667235704892164
0 0.5418655405817836 0.45958630607120166 0.020448867694751627 0.010667235704892164
0 0.5375229139585782 0.4340373184356455 0.023546594155801338 0.009543925813337139
0 0.5375229139585782 0.4340373184356455 0.023546594155801338 0.009543925813337139
0 0.5366189330333017 0.42689627090853416 0.018913641233702094 0.012010140650669854
0 0.5366189330333017 0.42689627090853416 0.018913641233702094 0.012010140650669854
0 0.5040598031636854 0.3475043698240845 0.03305796185055314 0.018673996138672246
0 0.5040598031636854 0.3475043698240845 0.03305796185055314 0.018673996138672246
0 0.5822802605500115 0.3639528725352088 0.018859094155801337 0.008885140650669855
0 0.5822802605500115 0.3639528725352088 0.018859094155801337 0.008885140650669855
0 0.5798137796247349 0.3565922299538751 0.022011367694751628 0.01088683075911483
0 0.5798137796247349 0.3565922299538751 0.022011367694751628 0.01088683075911483
0 0.606177456572252 0.43823075082143487 0.009565914772652385 0.012255070325334927
0 0.606177456572252 0.43823075082143487 0.009565914772652385 0.012255070325334927
0 0.6178645734529296 0.7952493335112136 0.028288641233702096 0.01332771097600478
0 0.6178645734529296 0.7952493335112136 0.028288641233702096 0.01332771097600478
0 0.6222793380634262 0.780283118673881 0.044077282467404014 0.02489866151822966
0 0.6222793380634262 0.780283118673881 0.044077282467404014 0.02489866151822966
0 0.630277024346434 0.702694438999216 0.029851141233702094 0.013547306030227269