0 0.3144885658231601 0.39443704783194505 0.048402438829583436 0.06972603110277768
0 0.3144885658231601 0.39443704783194505 0.048402438829583436 0.06972603110277768
0 0.42626121399954897 0.35334457318527857 0.02910692496187508 0.044648118661666555
0 0.42626121399954897 0.35334457318527857 0.02910692496187508 0.044648118661666555
0 0.47833286027607674 0.37070843897222316 0.02391027868534721 0.0223630155513888
0 0.47833286027607674 0.37070843897222316 0.02391027868534721 0.0223630155513888
0 0.5321839056789239 0.32998640268564916 0.02285692496187508 0.04410131451462958
0 0.5321839056789239 0.32998640268564916 0.02285692496187508 0.04410131451462958
0 0.5685571635627087 0.31193017832180664 0.011664851823611145 0.03220690725731483
0 0.5685571635627087 0.31193017832180664 0.011664851823611145 0.03220690725731483
0 0.6083470153863197 0.3397626524028252 0.04422408510611113 0.09119092799249992
0 0.6083470153863197 0.3397626524028252 0.04422408510611113 0.09119092799249992
0 0.696064567723021 0.30782029382592724 0.03194098423243048 0.032421520735185186
0 0.696064567723021 0.30782029382592724 0.03194098423243048 0.032421520735185186
0 0.6899633041396532 0.4829276005648625 0.04378767401194459 0.07244092799249983
0 0.6899633041396532 0.4829276005648625 0.04378767401194459 0.07244092799249983
0 0.6204327073500352 0.522672897219029 0.035247822188333444 0.04050742280870363
0 0.6204327073500352 0.522672897219029 0.035247822188333444 0.04050742280870363
0 0.6521002814382296 0.5042455259654641 0.03230466014423605 0.048046520735185186
0 0.6521002814382296 0.5042455259654641 0.03230466014423605 0.048046520735185186
0 0.4557344277147575 0.5433448565971305 0.022966027735416717 0.048788814514629665
0 0.4557344277147575 0.5433448565971305 0.022966027735416717 0.048788814514629665
0 0.43849237632798665 0.5425048180014823 0.027362587005972116 0.03669891762490742
0 0.43849237632798665 0.5425048180014823 0.027362587005972116 0.03669891762490742
0 0.42212184070878517 0.5118405783690749 0.01693423328249999 0.05761701036759259
0 0.42212184070878517 0.5118405783690749 0.01693423328249999 0.05761701036759259
0 0.31229289902941015 0.5355405014606024 0.05501611474138901 0.08589783524981467