0 0.25397316035213546 0.42894590054384923 0.025238102176918263 0.054025880514039316
0 0.25397316035213546 0.42894590054384923 0.025238102176918263 0.054025880514039316
0 0.22140619701262435 0.4184659178241942 0.018169646641955417 0.029931479043628785
0 0.22140619701262435 0.4184659178241942 0.018169646641955417 0.029931479043628785
0 0.7202181753282598 0.6622178242436416 0.04765873920022692 0.07195003566047582
0 0.7202181753282598 0.6622178242436416 0.04765873920022692 0.07195003566047582
0 0.27028266271438817 0.5906200556902859 0.02280258293962447 0.028861655146436682
0 0.27028266271438817 0.5906200556902859 0.02280258293962447 0.028861655146436682
0 0.2549577630772079 0.5803840520142598 0.023511911069925694 0.04917415514643668
0 0.2549577630772079 0.5803840520142598 0.023511911069925694 0.04917415514643668
0 0.21067204973769674 0.568672379037585 0.048040685116542824 0.08288753566047599
0 0.21067204973769674 0.568672379037585 0.048040685116542824 0.08288753566047599