0 0.5103315712267484 0.7310482047816791 0.06741475897699054 0.04297572625188941
0 0.5103315712267484 0.7310482047816791 0.06741475897699054 0.04297572625188941
0 0.5195838513791735 0.7105004863517103 0.04387726502711473 0.0244231473268119
0 0.5195838513791735 0.7105004863517103 0.04387726502711473 0.0244231473268119
0 0.5199418788011242 0.5035602416133821 0.023501132513557364 0.01230257892507769
0 0.5199418788011242 0.5035602416133821 0.023501132513557364 0.01230257892507769
0 0.44169363807270223 0.3435867311606255 0.021929542154477667 0.010649073663405862
0 0.44169363807270223 0.3435867311606255 0.021929542154477667 0.010649073663405862
0 0.4432197766363838 0.3374277364222974 0.017223861436318443 0.007251057878390377
0 0.4432197766363838 0.3374277364222974 0.017223861436318443 0.007251057878390377
0 0.4341129422292324 0.38297545485226625 0.023510222872636887 0.01386507892507769
0 0.4341129422292324 0.38297545485226625 0.023510222872636887 0.01386507892507769
0 0.3873828670936592 0.2709157996329467 0.025090903590796198 0.017081084186749605
0 0.3873828670936592 0.2709157996329467 0.025090903590796198 0.017081084186749605
0 0.4810555990414825 0.26309486533325765 0.04550339754067192 0.03545165258848364
0 0.4810555990414825 0.26309486533325765 0.04550339754067192 0.03545165258848364
0 0.5054016140685971 0.2863804468891713 0.015679542154477664 0.01028505261671846
0 0.5054016140685971 0.2863804468891713 0.015679542154477664 0.01028505261671846
0 0.6580463876799187 0.6154749546405048 0.03915340359079629 0.017900131541796326
0 0.6580463876799187 0.6154749546405048 0.03915340359079629 0.017900131541796326
0 0.6548810019449076 0.7425911914863251 0.02976931323171659 0.01579159997176518
0 0.6548810019449076 0.7425911914863251 0.02976931323171659 0.01579159997176518