0 0.30542124660909803 0.49548900362384396 0.021950243102595034 0.03290809484924893
0 0.30542124660909803 0.49548900362384396 0.021950243102595034 0.03290809484924893
0 0.30903424751360914 0.4710789349873922 0.020223968792335522 0.029655549091614476
0 0.30903424751360914 0.4710789349873922 0.020223968792335522 0.029655549091614476
0 0.32769903833221203 0.4563309087745949 0.027292840343632996 0.045790732122152636
0 0.32769903833221203 0.4563309087745949 0.027292840343632996 0.045790732122152636
0 0.34069036126299057 0.4459355427135187 0.04587242198083885 0.07375623545613248
0 0.34069036126299057 0.4459355427135187 0.04587242198083885 0.07375623545613248
0 0.5067115089335699 0.36548328391952706 0.015372694482076099 0.02614791181871077
0 0.5067115089335699 0.36548328391952706 0.015372694482076099 0.02614791181871077
0 0.5425671217784401 0.36411223149393274 0.034279824739800804 0.060363415152690704
0 0.5425671217784401 0.36411223149393274 0.034279824739800804 0.060363415152690704
0 0.6214434735420339 0.22465137664274412 0.011756371551297561 0.016517820303441778
0 0.6214434735420339 0.22465137664274412 0.011756371551297561 0.016517820303441778
0 0.28281366350155424 0.3479761458977174 0.03214411465389251 0.04929836939505616
0 0.28281366350155424 0.3479761458977174 0.03214411465389251 0.04929836939505616
0 0.24951316259704298 0.37480958392922537 0.011756371551297561 0.016517820303441687
0 0.24951316259704298 0.37480958392922537 0.011756371551297561 0.016517820303441687
0 0.16487148971169305 0.4758456675685867 0.016771420171816497 0.023150457576345394