0 0.6107515028360785 0.6531122529212048 0.030042056006354477 0.02290981969842587
0 0.6107515028360785 0.6531122529212048 0.030042056006354477 0.02290981969842587
0 0.6113145645244759 0.6405439024028252 0.025327282467404188 0.020937216588147935
0 0.6113145645244759 0.6405439024028252 0.025327282467404188 0.020937216588147935
0 0.62529919804754 0.5900264925536123 0.023710235389503252 0.0176755155513888
0 0.62529919804754 0.5900264925536123 0.023710235389503252 0.0176755155513888
0 0.4935001785690748 0.30109927653111207 0.02998750892845372 0.01978481969842587
0 0.4935001785690748 0.30109927653111207 0.02998750892845372 0.01978481969842587
0 0.49596665949435137 0.3079254749759731 0.023710235389503433 0.0176755155513888
0 0.49596665949435137 0.3079254749759731 0.023710235389503433 0.0176755155513888
0 0.5813586887153445 0.26915691795421404 0.022120461850553143 0.015976314514629573
0 0.5813586887153445 0.26915691795421404 0.022120461850553143 0.015976314514629573
0 0.7032236006453279 0.5268730901972699 0.03637387662320535 0.028144123845462943
0 0.7032236006453279 0.5268730901972699 0.03637387662320535 0.028144123845462943
0 0.7071804435833131 0.5742559381237513 0.02373750892845372 0.0192380155513888
0 0.7071804435833131 0.5742559381237513 0.02373750892845372 0.0192380155513888