0 0.4785450972929667 0.6329256585696452 0.012690897540672097 0.03368658514929379
0 0.4785450972929667 0.6329256585696452 0.012690897540672097 0.03368658514929379
0 0.486371232831586 0.631128211787954 0.022129530054229286 0.045279649011264314
0 0.486371232831586 0.631128211787954 0.022129530054229286 0.045279649011264314
0 0.5268916937021704 0.6519377385231591 0.022138620413308985 0.04684214901126431
0 0.5268916937021704 0.6519377385231591 0.022138620413308985 0.04684214901126431
0 0.5834007689359396 0.6113398716949815 0.023701120413308983 0.04695140965492613
0 0.5834007689359396 0.6113398716949815 0.023701120413308983 0.04695140965492613
0 0.4801616185665972 0.7580895495351379 0.02366475897699054 0.04070140965492595
0 0.4801616185665972 0.7580895495351379 0.02366475897699054 0.04070140965492595
0 0.4428434257481896 0.7242172940872562 0.018904536104353477 0.027873627723940864
0 0.4428434257481896 0.7242172940872562 0.018904536104353477 0.027873627723940864
0 0.38338206733693314 0.7349091396281102 0.05352497579950315 0.07246486188449897
0 0.38338206733693314 0.7349091396281102 0.05352497579950315 0.07246486188449897