0 0.5151273871564038 0.2993449505082276 0.04502407366340577 0.024423147326811723
0 0.5151273871564038 0.2993449505082276 0.04502407366340577 0.024423147326811723
0 0.5080429292497787 0.28729997681658687 0.035012036831702883 0.012939615756780754
0 0.5080429292497787 0.28729997681658687 0.035012036831702883 0.012939615756780754
0 0.5319739819370843 0.3443011347373295 0.044933068401734035 0.02286064732681172
0 0.5319739819370843 0.3443011347373295 0.044933068401734035 0.02286064732681172
0 0.5202728295603622 0.6120423715831499 0.03675654735504672 0.01615562101845249
0 0.5202728295603622 0.6120423715831499 0.03675654735504672 0.01615562101845249
0 0.4993009059251913 0.6646514320923762 0.01608002630835923 0.008722552616718459
0 0.4993009059251913 0.6646514320923762 0.01608002630835923 0.008722552616718459
0 0.5229428032520029 0.6196728610598061 0.015898015785015575 0.00559755261671846
0 0.5229428032520029 0.6196728610598061 0.015898015785015575 0.00559755261671846
0 0.45446654806091835 0.6991853267883521 0.056598610495108836 0.03599768415851479
0 0.45446654806091835 0.6991853267883521 0.056598610495108836 0.03599768415851479
0 0.5825383401542931 0.6792683979620963 0.08269067363517095 0.056203768345264395
0 0.5825383401542931 0.6792683979620963 0.08269067363517095 0.056203768345264395
0 0.5995207138035816 0.6416850979762138 0.019205026308359407 0.008904563140062115
0 0.5995207138035816 0.6416850979762138 0.019205026308359407 0.008904563140062115
0 0.6044357269577612 0.6375058321911983 0.014517526308359407 0.008631547355046721
0 0.6044357269577612 0.6375058321911983 0.014517526308359407 0.008631547355046721
0 0.6119142979903313 0.6160480611445107 0.02269404735504672 0.015336573663405772
0 0.6119142979903313 0.6160480611445107 0.02269404735504672 0.015336573663405772
0 0.6313846348079167 0.5892202506352845 0.02591005261671846 0.017081084186749605
0 0.6313846348079167 0.5892202506352845 0.02591005261671846 0.017081084186749605
0 0.6367524871987562 0.33664128220531564 0.04640456314006229 0.02138915258848364
0 0.6367524871987562 0.33664128220531564 0.04640456314006229 0.02138915258848364
0 0.6427518582172087 0.300476269051136 0.06210515785015538 0.05033319994353027
0 0.6427518582172087 0.300476269051136 0.06210515785015538 0.05033319994353027
0 0.6250939213572709 0.2828183321911982 0.028853042093374803 0.014138094710093262
0 0.6250939213572709 0.2828183321911982 0.028853042093374803 0.014138094710093262
0 0.5392874110456887 0.5128313268589392 0.020949536831702885 0.012120568401734033
0 0.5392874110456887 0.5128313268589392 0.020949536831702885 0.012120568401734033