0 0.5660182701444464 0.7711320680373432 0.04720688672260831 0.028433575934727708
0 0.5660182701444464 0.7711320680373432 0.04720688672260831 0.028433575934727708
0 0.580056536741186 0.7386388767506314 0.024266294191141215 0.012713487552445456
0 0.580056536741186 0.7386388767506314 0.024266294191141215 0.012713487552445456
0 0.5934669186899095 0.6771210362937568 0.0374766892121194 0.023035680913749523
0 0.5934669186899095 0.6771210362937568 0.0374766892121194 0.023035680913749523
0 0.6053982336269751 0.6479304437622895 0.06006208423309758 0.03406826929603195
0 0.6053982336269751 0.6479304437622895 0.06006208423309758 0.03406826929603195
0 0.6145830568624104 0.6032332504009853 0.029072193361304243 0.014631185062934548
0 0.6145830568624104 0.6032332504009853 0.029072193361304243 0.014631185062934548
0 0.589132770969639 0.5784467379534307 0.03544059253146727 0.01666728174358667
0 0.589132770969639 0.5784467379534307 0.03544059253146727 0.01666728174358667
0 0.6134886178507838 0.29845066201870296 0.06737767676456467 0.04860436597668398
0 0.6134886178507838 0.29845066201870296 0.06737767676456467 0.04860436597668398
0 0.5841437373519527 0.26374469791147437 0.028835395020978184 0.011506185062934372
0 0.5841437373519527 0.26374469791147437 0.028835395020978184 0.011506185062934372
0 0.5968204134918175 0.21328275662476265 0.029308991701630305 0.01775618506293437
0 0.5968204134918175 0.21328275662476265 0.029308991701630305 0.01775618506293437
0 0.5991282746946166 0.19189300869935508 0.05897318091374952 0.040199870125868876
0 0.5991282746946166 0.19189300869935508 0.05897318091374952 0.040199870125868876
0 0.6005966089277142 0.22163970828443658 0.028835395020978184 0.011506185062934372
0 0.6005966089277142 0.22163970828443658 0.028835395020978184 0.011506185062934372
0 0.6804975964801594 0.2391572497762854 0.027272895020978183 0.01138778589277134
0 0.6804975964801594 0.2391572497762854 0.027272895020978183 0.01138778589277134
0 0.6683877601724696 0.21414559438234507 0.019460395020978183 0.010795790041956277
0 0.6683877601724696 0.21414559438234507 0.019460395020978183 0.010795790041956277
0 0.6922405798834199 0.26969685475530725 0.059801975104890735 0.05113737012586892
0 0.6922405798834199 0.26969685475530725 0.059801975104890735 0.05113737012586892
0 0.683492541916056 0.24757340102104086 0.014772895020978182 0.010440592531467275
0 0.683492541916056 0.24757340102104086 0.014772895020978182 0.010440592531467275
0 0.7170881371468157 0.34874481471335095 0.0531016892121194 0.024219672615379828
0 0.7170881371468157 0.34874481471335095 0.0531016892121194 0.024219672615379828
0 0.7024695300932013 0.3632100564149812 0.025947193361304244 0.014394386722608399
0 0.7024695300932013 0.3632100564149812 0.025947193361304244 0.014394386722608399
0 0.6881039898507524 0.6298773381585677 0.021259693361304243 0.014039189212119395
0 0.6881039898507524 0.6298773381585677 0.021259693361304243 0.014039189212119395
0 0.677119868274991 0.671567930690035 0.030634693361304245 0.014749584233097402
0 0.677119868274991 0.671567930690035 0.030634693361304245 0.014749584233097402
0 0.6692957128810507 0.6823753761259315 0.025828794191141213 0.012831886722608488
0 0.6692957128810507 0.6823753761259315 0.025828794191141213 0.012831886722608488
0 0.665484551263333 0.7046647732215021 0.025213487552445457 0.025213487552445457
0 0.665484551263333 0.7046647732215021 0.025213487552445457 0.025213487552445457
0 0.6595072384008599 0.7294755190723172 0.033641294191141216 0.013423882573423463
0 0.6595072384008599 0.7294755190723172 0.033641294191141216 0.013423882573423463
0 0.6453622280278977 0.7501907607739475 0.05932837842423862 0.04488737012586874