0 0.3666368007240428 0.43739515961900166 0.04442270934118149 0.059595175893442945
0 0.3666368007240428 0.43739515961900166 0.04442270934118149 0.059595175893442945
0 0.3861680507240428 0.43819099707143155 0.019095445337363424 0.030451503954332715
0 0.3861680507240428 0.43819099707143155 0.019095445337363424 0.030451503954332715
0 0.49701464405631557 0.4348988538012334 0.017642033338636055 0.039762836958138335
0 0.49701464405631557 0.4348988538012334 0.017642033338636055 0.039762836958138335
0 0.6692436327179976 0.40521530688071355 0.025472714672181596 0.04164367193911023
0 0.6692436327179976 0.40521530688071355 0.025472714672181596 0.04164367193911023
0 0.6666271627148159 0.381682306386422 0.022256808004454242 0.03370383794672147
0 0.6666271627148159 0.381682306386422 0.022256808004454242 0.03370383794672147
0 0.43310559070654364 0.31125842395345765 0.028652258672817864 0.04645850593149907
0 0.43310559070654364 0.31125842395345765 0.028652258672817864 0.04645850593149907
0 0.337584005370771 0.28940598718559973 0.014280676002545345 0.01932300296574958
0 0.337584005370771 0.28940598718559973 0.014280676002545345 0.01932300296574958
0 0.3815703627068618 0.31150116307904274 0.01918635200509069 0.038264003954332715
0 0.3815703627068618 0.31150116307904274 0.01918635200509069 0.038264003954332715
0 0.3160180880410436 0.3150771492388783 0.04609429734245411 0.06903384288963732