0 0.5174896176270691 0.3629919092370823 0.030753092531467276 0.016659819698425872
0 0.5174896176270691 0.3629919092370823 0.030753092531467276 0.016659819698425872
0 0.48939958380889015 0.39120509213055454 0.062334979254075586 0.04425713939685174
0 0.48939958380889015 0.39120509213055454 0.062334979254075586 0.04425713939685174
0 0.5121509221911726 0.37117555612680453 0.029308991701630305 0.01808561866166656
0 0.5121509221911726 0.37117555612680453 0.029308991701630305 0.01808561866166656
0 0.4000705163730249 0.7294187001418047 0.030634693361304245 0.01509731969842587
0 0.4000705163730249 0.7294187001418047 0.030634693361304245 0.01509731969842587
0 0.2579799499860668 0.5911586995761569 0.03591418921211931 0.02331992280870363
0 0.2579799499860668 0.5911586995761569 0.03591418921211931 0.02331992280870363
0 0.24070993961310463 0.5699870371350457 0.04420028589277143 0.03025342799249984
0 0.24070993961310463 0.5699870371350457 0.04420028589277143 0.03025342799249984
0 0.34586307136133554 0.35505439571194375 0.03915758838228234 0.025155824882222167
0 0.34586307136133554 0.35505439571194375 0.03915758838228234 0.025155824882222167
0 0.37995465144524815 0.32028841644712885 0.03579579004195628 0.02175742280870363
0 0.37995465144524815 0.32028841644712885 0.03579579004195628 0.02175742280870363
0 0.4282154753053834 0.27496564599476764 0.06846658008391256 0.04324144354388881