0 0.3626831644503744 0.8284241928464189 0.050891337946721474 0.025371340597175517
0 0.3626831644503744 0.8284241928464189 0.050891337946721474 0.025371340597175517
0 0.3985715849066098 0.812913807328808 0.04295150395433271 0.02170003737886681
0 0.3985715849066098 0.812913807328808 0.04295150395433271 0.02170003737886681
0 0.4025560893552342 0.7920385786161315 0.05564250494291585 0.0272616225281606
0 0.4025560893552342 0.7920385786161315 0.05564250494291585 0.0272616225281606
0 0.4288930962753163 0.7609742489147193 0.05532416996194378 0.0194491225281606
0 0.4288930962753163 0.7609742489147193 0.05532416996194378 0.0194491225281606
0 0.4539713507239407 0.7415740388914761 0.032014003954332716 0.020935212873234653
0 0.4539713507239407 0.7415740388914761 0.032014003954332716 0.020935212873234653
0 0.5272231669218324 0.8281778104309012 0.03357650395433272 0.02104447351689629
0 0.5272231669218324 0.8281778104309012 0.03357650395433272 0.02104447351689629
0 0.5833232696973014 0.7396505419935693 0.06039367193911023 0.02915190445914604
0 0.5833232696973014 0.7396505419935693 0.06039367193911023 0.02915190445914604
0 0.4056651377958097 0.5619140360414845 0.06951400395433271 0.02355746832111638
0 0.4056651377958097 0.5619140360414845 0.06951400395433271 0.02355746832111638
0 0.40888161558986935 0.271469352501345 0.07145850593149898 0.033041728964778014
0 0.40888161558986935 0.271469352501345 0.07145850593149898 0.033041728964778014
0 0.39065553901185435 0.2380723444555733 0.07809050790866542 0.042853771539425004
0 0.39065553901185435 0.2380723444555733 0.07809050790866542 0.042853771539425004
0 0.5249032050194655 0.2505937598104825 0.05270850593149916 0.03173060124083724
0 0.5249032050194655 0.2505937598104825 0.05270850593149916 0.03173060124083724
0 0.5553281926621759 0.3114819833273789 0.03332183596955503 0.014794473516896467
0 0.5553281926621759 0.3114819833273789 0.03332183596955503 0.014794473516896467
0 0.5549143571869124 0.32163823332737895 0.041007001977166266 0.012215776735205176
0 0.5549143571869124 0.32163823332737895 0.041007001977166266 0.012215776735205176
0 0.5776860123201086 0.3780739036259667 0.04263316897336082 0.01388753737886681