0 0.5362718875397218 0.6010823338085391 0.06653418977951393 0.044419421820650486
0 0.5362718875397218 0.6010823338085391 0.06653418977951393 0.044419421820650486
0 0.5621622403132635 0.598499338809509 0.04131598423243066 0.03300368969849785
0 0.5621622403132635 0.598499338809509 0.04131598423243066 0.03300368969849785
0 0.5707566435236454 0.5655433175976816 0.03960801386770836 0.0266261439408634
0 0.5707566435236454 0.5655433175976816 0.03960801386770836 0.0266261439408634
0 0.6571162900845137 0.35264444699467756 0.057341027735416716 0.05146664727484325
0 0.6571162900845137 0.35264444699467756 0.057341027735416716 0.05146664727484325
0 0.69319730081809 0.45030056805672364 0.026926175911805572 0.017793277879787083
0 0.69319730081809 0.45030056805672364 0.026926175911805572 0.017793277879787083
0 0.6630909203091315 0.4995034715404847 0.052326219414791805 0.03702151000193972