0 0.560324260741542 0.5709053324762884 0.06269999466899989 0.01937004809323426
0 0.560324260741542 0.5709053324762884 0.06269999466899989 0.01937004809323426
0 0.5578259694064057 0.557542236922792 0.04387726933481808 0.012465283665263982
0 0.5578259694064057 0.557542236922792 0.04387726933481808 0.012465283665263982
0 0.5637203387173614 0.39297130543444636 0.04227840666772735 0.009285719962933037
0 0.5637203387173614 0.39297130543444636 0.04227840666772735 0.009285719962933037
0 0.5310987427195885 0.4082317176854984 0.034574994668999895 0.018387901451278842
0 0.5310987427195885 0.4082317176854984 0.034574994668999895 0.018387901451278842
0 0.675574901376498 0.34143114200226804 0.020421588001272716 0.010084328130301046
0 0.675574901376498 0.34143114200226804 0.020421588001272716 0.010084328130301046
0 0.6622941987189521 0.4081275686812903 0.03918976933481808 0.012301592558271323
0 0.6622941987189521 0.4081275686812903 0.03918976933481808 0.012301592558271323