0 0.4859673372856118 0.5275419478669721 0.031160719962933216 0.04426345222957302
0 0.4859673372856118 0.5275419478669721 0.031160719962933216 0.04426345222957302
0 0.7356796498068163 0.591528766168418 0.05272818511654265 0.08162134059717552
0 0.7356796498068163 0.591528766168418 0.05272818511654265 0.08162134059717552
0 0.8517064430907272 0.6398027391811113 0.04124504809323426 0.06523151609154336
0 0.8517064430907272 0.6398027391811113 0.04124504809323426 0.06523151609154336
0 0.8705110067930579 0.6400541114571705 0.029598219962933214 0.044154191585911204
0 0.8705110067930579 0.6400541114571705 0.029598219962933214 0.044154191585911204
0 0.851428679295729 0.7439821407902656 0.030833337748948253 0.03488845222957302
0 0.851428679295729 0.7439821407902656 0.030833337748948253 0.03488845222957302
0 0.8162997111468945 0.7472217552726547 0.016498019237293705 0.026092606436617417
0 0.8162997111468945 0.7472217552726547 0.016498019237293705 0.026092606436617417
0 0.7668899881887364 0.7451947155479994 0.01973214664195542 0.029436127723940685
0 0.7668899881887364 0.7451947155479994 0.01973214664195542 0.029436127723940685
0 0.7183607189514427 0.7235271651796823 0.018169646641955417 0.02932686708027905
0 0.7183607189514427 0.7235271651796823 0.018169646641955417 0.02932686708027905
0 0.648702983379413 0.7471938941444604 0.04258929328391083 0.059090776735205
0 0.648702983379413 0.7471938941444604 0.04258929328391083 0.059090776735205
0 0.46068957349061374 0.6334695197747142 0.017896828130301044 0.02151436708027905
0 0.46068957349061374 0.6334695197747142 0.017896828130301044 0.02151436708027905
0 0.4247520734906137 0.6359825145789341 0.03272321996293322 0.04437271287323483
0 0.4247520734906137 0.6359825145789341 0.03272321996293322 0.04437271287323483
0 0.40419403683012484 0.6303716529465367 0.04760417549789597 0.06879355866619044