0 0.30900599634325676 0.6245934939830203 0.050790932629559825 0.04851664558877822
0 0.30900599634325676 0.6245934939830203 0.050790932629559825 0.04851664558877822
0 0.3292912228043064 0.6243326781284615 0.01595228246740401 0.01975129549649317
0 0.3292912228043064 0.6243326781284615 0.01595228246740401 0.01975129549649317
0 0.3772474817327601 0.6445741293927658 0.03352161201270887 0.0427277205426357
0 0.3772474817327601 0.6445741293927658 0.03352161201270887 0.0427277205426357
0 0.41089577881066075 0.6498519147102263 0.012827282467404189 0.019551036397194466
0 0.41089577881066075 0.6498519147102263 0.012827282467404189 0.019551036397194466
0 0.4327707788106608 0.6512537284053167 0.006495461850553141 0.01446301819859741
0 0.4327707788106608 0.6512537284053167 0.006495461850553141 0.01446301819859741
0 0.3072759009696394 0.6595995496585464 0.04769320616851021 0.04987888648947969
0 0.3072759009696394 0.6595995496585464 0.04769320616851021 0.04987888648947969
0 0.3560543202065186 0.6822348156976753 0.05550570616851021 0.05037953423772627
0 0.3560543202065186 0.6822348156976753 0.05550570616851021 0.05037953423772627
0 0.37888784820969584 0.6938429441675904 0.012936376623205436 0.025801036397194464
0 0.37888784820969584 0.6938429441675904 0.012936376623205436 0.025801036397194464
0 0.42125262621287307 0.7067026920081222 0.014417056006354479 0.021213665946843818
0 0.42125262621287307 0.7067026920081222 0.014417056006354479 0.021213665946843818
0 0.4289969423654972 0.7032970897563688 0.0144170560063543 0.021213665946843818
0 0.4289969423654972 0.7032970897563688 0.0144170560063543 0.021213665946843818
0 0.5108957788106607 0.6562602058877827 0.011319329545304768 0.022575906847545114
0 0.5108957788106607 0.6562602058877827 0.011319329545304768 0.022575906847545114
0 0.5155560052717105 0.6549980945367307 0.01123750892845372 0.017888406847545113
0 0.5155560052717105 0.6549980945367307 0.01123750892845372 0.017888406847545113
0 0.5413508920411857 0.6574314821059446 0.009729556006354301 0.020913277297895938
0 0.5413508920411857 0.6574314821059446 0.009729556006354301 0.020913277297895938
0 0.5491088449632849 0.6548071298541911 0.011292056006354478 0.02101340684754529
0 0.5491088449632849 0.6548071298541911 0.011292056006354478 0.02101340684754529
0 0.5723690669601078 0.6461528230989309 0.008112508928453721 0.017688147748246764
0 0.5723690669601078 0.6461528230989309 0.008112508928453721 0.017688147748246764
0 0.5786054301906326 0.6457720912975282 0.011319329545304768 0.02257590684754529
0 0.5786054301906326 0.6457720912975282 0.011319329545304768 0.02257590684754529
0 0.5949434963432567 0.6429172015688461 0.006522735389503431 0.016025518198597412
0 0.5949434963432567 0.6429172015688461 0.006522735389503431 0.016025518198597412
0 0.6410099728043065 0.6443085232835011 0.02886138555165907 0.04398983189368781
0 0.6410099728043065 0.6443085232835011 0.02886138555165907 0.04398983189368781
0 0.6672997374148031 0.6303857256275396 0.024037517856907442 0.03587694324473976
0 0.6672997374148031 0.6303857256275396 0.024037517856907442 0.03587694324473976
0 0.7074610872526472 0.6064265939184219 0.008085235389503431 0.016125647748246586
0 0.7074610872526472 0.6064265939184219 0.008085235389503431 0.016125647748246586
0 0.7152872240221224 0.6077084916666685 0.00967500892845372 0.01778827729789594
0 0.7152872240221224 0.6077084916666685 0.00967500892845372 0.01778827729789594
0 0.7454559650936686 0.5924735178848303 0.009538641233702095 0.009975777297895939
0 0.7454559650936686 0.5924735178848303 0.009538641233702095 0.009975777297895939
0 0.7496037228043064 0.6512675269841288 0.027026150162155815 0.02826470234403846
0 0.7496037228043064 0.6512675269841288 0.027026150162155815 0.02826470234403846
0 0.7134031700443628 0.6786019825673698 0.011292056006354478 0.021013406847545112
0 0.7134031700443628 0.6786019825673698 0.011292056006354478 0.021013406847545112
0 0.6846060142001642 0.6829995858988575 0.02231137662320535 0.026401813695090582
0 0.6846060142001642 0.6829995858988575 0.02231137662320535 0.026401813695090582
0 0.6698986318949159 0.6898608551771889 0.00967500892845372 0.01778827729789594