0 0.5712722792807297 0.3404993883116737 0.06457157733927232 0.048979376063015945
0 0.5712722792807297 0.3404993883116737 0.06457157733927232 0.048979376063015945
0 0.5396848299252307 0.5062040077067299 0.04563976400381797 0.031823826971401556
0 0.5396848299252307 0.5062040077067299 0.04563976400381797 0.031823826971401556
0 0.4637463018778238 0.8612898625579184 0.06609771467218159 0.04598192182065049
0 0.4637463018778238 0.8612898625579184 0.06609771467218159 0.04598192182065049
0 0.44387869720723305 0.8917904345283503 0.08977157200827239 0.06820760818516831
0 0.44387869720723305 0.8917904345283503 0.08977157200827239 0.06820760818516831
0 0.5607843865372788 0.9064432527057601 0.08831816000954511 0.07745506242753422
0 0.5607843865372788 0.9064432527057601 0.08831816000954511 0.07745506242753422
0 0.5759917632081876 0.8739815680082319 0.025163632001908985 0.016103232122152634
0 0.5759917632081876 0.8739815680082319 0.025163632001908985 0.016103232122152634
0 0.6572535905872309 0.5309493030053225 0.03303067600254543 0.021428460910325242
0 0.6572535905872309 0.5309493030053225 0.03303067600254543 0.021428460910325242