0 0.25557647524652893 0.40596518699337814 0.028834112012708867 0.04441098892652331
0 0.25557647524652893 0.40596518699337814 0.028834112012708867 0.04441098892652331
0 0.30324636201600413 0.39876878909010244 0.0447591209411625 0.06370181610792525
0 0.30324636201600413 0.39876878909010244 0.0447591209411625 0.06370181610792525
0 0.26402990341186194 0.3681947734026772 0.02099433847375849 0.04179682533582252
0 0.26402990341186194 0.3681947734026772 0.02099433847375849 0.04179682533582252
0 0.663950262585197 0.49752268212250844 0.02099433847375849 0.04179682533582252
0 0.663950262585197 0.49752268212250844 0.02099433847375849 0.04179682533582252
0 0.7039712905883743 0.4820029478099336 0.014498876623205348 0.026892994463261745
0 0.7039712905883743 0.4820029478099336 0.014498876623205348 0.026892994463261745
0 0.7117292435104735 0.48407628421923266 0.014635244317957152 0.034705494463261745
0 0.7117292435104735 0.48407628421923266 0.014635244317957152 0.034705494463261745