0 0.3774170342191643 0.5840097903637591 0.030753092531467276 0.017532471091257662
0 0.3774170342191643 0.5840097903637591 0.030753092531467276 0.017532471091257662
0 0.4040648124382658 0.4507711559668225 0.03423329004195637 0.02258523120612672
0 0.4040648124382658 0.4507711559668225 0.03423329004195637 0.02258523120612672
0 0.4083621487459558 0.4252638510529745 0.027628092531467273 0.017167210976388424
0 0.4083621487459558 0.4252638510529745 0.027628092531467273 0.017167210976388424
0 0.4058883441818524 0.41630484093810527 0.0359141892121194 0.024330361263561428
0 0.4058883441818524 0.41630484093810527 0.0359141892121194 0.024330361263561428
0 0.2638308987459558 0.40837057074027266 0.03963118506293446 0.03250812137843084
0 0.2638308987459558 0.40837057074027266 0.03963118506293446 0.03250812137843084
0 0.2276799111935104 0.42779020947671126 0.043845088382282335 0.02680601155073461
0 0.2276799111935104 0.42779020947671126 0.043845088382282335 0.02680601155073461
0 0.2234301190769617 0.442268699361842 0.03290758838228234 0.025527601148692368
0 0.2234301190769617 0.442268699361842 0.03290758838228234 0.025527601148692368
0 0.24899788152451632 0.4689022253669477 0.031108290041956276 0.022219971091257663
0 0.24899788152451632 0.4689022253669477 0.031108290041956276 0.022219971091257663
0 0.26980728899304907 0.48552154617103227 0.07327247925407558 0.04728085258455757
0 0.26980728899304907 0.48552154617103227 0.07327247925407558 0.04728085258455757
0 0.25916486430307684 0.5323559609125766 0.05056868506293437 0.033786531780473084
0 0.25916486430307684 0.5323559609125766 0.05056868506293437 0.033786531780473084
0 0.2571404230163651 0.5486708958838593 0.055492983403260435 0.03745942195277685
0 0.2571404230163651 0.5486708958838593 0.055492983403260435 0.03745942195277685
0 0.3214486089044922 0.7193385186981553 0.044437084233097404 0.03461851155073461
0 0.3214486089044922 0.7193385186981553 0.044437084233097404 0.03461851155073461
0 0.31272480434038874 0.7096489883535476 0.04588118506293437 0.03323864160816932
0 0.31272480434038874 0.7096489883535476 0.04588118506293437 0.03323864160816932
0 0.33386425330077035 0.8051238293873707 0.0872883576783142 0.0891842629865998