0 0.44476852619345186 0.753334010656942 0.03661946159934022 0.02742620071863584
0 0.44476852619345186 0.753334010656942 0.03661946159934022 0.02742620071863584
0 0.4739188171013941 0.711403235179264 0.03340353338609479 0.023954357177884945
0 0.4739188171013941 0.711403235179264 0.03340353338609479 0.023954357177884945
0 0.7411073509497074 0.4466996776505357 0.02237510517284953 0.01961540478525663
0 0.7411073509497074 0.4466996776505357 0.02237510517284953 0.01961540478525663
0 0.721991289587794 0.5123272337504667 0.07636392319868043 0.055199244978022935
0 0.721991289587794 0.5123272337504667 0.07636392319868043 0.055199244978022935
0 0.6302681055020539 0.7053946231019994 0.04930131802583091 0.03506357488163978
0 0.6302681055020539 0.7053946231019994 0.04930131802583091 0.03506357488163978
0 0.6170466914745735 0.7327400771686201 0.06037521034569906 0.040965027274268095
0 0.6170466914745735 0.7327400771686201 0.06037521034569906 0.040965027274268095
0 0.6055840057394807 0.7937659921204286 0.07135817445232177 0.04374147966689641
0 0.6055840057394807 0.7937659921204286 0.07135817445232177 0.04374147966689641
0 0.5136298379510766 0.8450794358978999 0.03206835391920819 0.031593435407509675