0 0.3778621714063627 0.49655177342347195 0.023020837748947986 0.03344899749271768
0 0.3778621714063627 0.49655177342347195 0.023020837748947986 0.03344899749271768
0 0.6132019598809502 0.5397548894833812 0.04878472958158007 0.056051423198680436
0 0.6132019598809502 0.5397548894833812 0.04878472958158007 0.056051423198680436
0 0.746624584290387 0.5757569224737645 0.019786710344286362 0.030233069279472245
0 0.746624584290387 0.5757569224737645 0.019786710344286362 0.030233069279472245
0 0.34906010352768063 0.6123502696625482 0.021349210344286274 0.030278533386094965
0 0.34906010352768063 0.6123502696625482 0.021349210344286274 0.030278533386094965
0 0.24814738955519727 0.4995440442731545 0.02296627404661713 0.031886497492717505
0 0.24814738955519727 0.4995440442731545 0.02296627404661713 0.031886497492717505
0 0.25310770806685157 0.5072201519532864 0.018060519237293703 0.02550010517284953
0 0.25310770806685157 0.5072201519532864 0.018060519237293703 0.02550010517284953