0 0.5541167231176047 0.6157696603648521 0.03368532218833344 0.041722782446354675
0 0.5541167231176047 0.6157696603648521 0.03368532218833344 0.041722782446354675
0 0.5367636093261462 0.5060468540200727 0.06642508700597212 0.042820564892709356
0 0.5367636093261462 0.5060468540200727 0.06642508700597212 0.042820564892709356
0 0.5780035923243058 0.37037152305441107 0.062028527735416714 0.054717310257515805
0 0.5780035923243058 0.37037152305441107 0.062028527735416714 0.054717310257515805
0 0.41741027801975716 0.2975171154578312 0.051054660144236055 0.05174721610873094
0 0.41741027801975716 0.2975171154578312 0.051054660144236055 0.05174721610873094
0 0.38516735457649354 0.6189519510586863 0.06177395459715278 0.0437798102575158
0 0.38516735457649354 0.6189519510586863 0.06177395459715278 0.0437798102575158
0 0.35010267676482687 0.651826998855536 0.031904616641249994 0.03214669756795683
0 0.35010267676482687 0.651826998855536 0.031904616641249994 0.03214669756795683