0 0.4790869304380464 0.18305098206012654 0.05777964901126431 0.029114055622322298
0 0.4790869304380464 0.18305098206012654 0.05777964901126431 0.029114055622322298
0 0.47447048625424515 0.19270451986413195 0.028889824505632156 0.014557027811161128
0 0.47447048625424515 0.19270451986413195 0.028889824505632156 0.014557027811161128
0 0.4121736739817585 0.508670605464987 0.03503056386197052 0.013798867324752528
0 0.4121736739817585 0.508670605464987 0.03503056386197052 0.013798867324752528
0 0.335753285614156 0.5193310313018906 0.030124542574646897 0.010070612689558977
0 0.335753285614156 0.5193310313018906 0.030124542574646897 0.010070612689558977
0 0.33791671915429555 0.5109383661802884 0.03346806386197034 0.013597782446354678
0 0.33791671915429555 0.5109383661802884 0.03346806386197034 0.013597782446354678
0 0.3342393341408877 0.32679572495711107 0.06468521287323466 0.03929339513591366
0 0.3342393341408877 0.32679572495711107 0.06468521287323466 0.03929339513591366
0 0.33801418018594487 0.23899409763951435 0.06923060124083724 0.06000806489270936
0 0.33801418018594487 0.23899409763951435 0.06923060124083724 0.06000806489270936