0 0.5350251502636812 0.7237713218379623 0.018968205547083273 0.009702282467404188
0 0.5350251502636812 0.7237713218379623 0.018968205547083273 0.009702282467404188
0 0.5301369753018061 0.6816520056853381 0.025254573138263937 0.011373876623205348
0 0.5301369753018061 0.6816520056853381 0.025254573138263937 0.011373876623205348
0 0.536895468367952 0.6698105247600616 0.026926175911805572 0.016088650162155816
0 0.536895468367952 0.6698105247600616 0.026926175911805572 0.016088650162155816
0 0.5028412445847572 0.3483991749222174 0.04262391109416672 0.019486385551659248
0 0.5028412445847572 0.3483991749222174 0.04262391109416672 0.019486385551659248
0 0.5143775034184725 0.3067747366106147 0.04578527868534721 0.021103432629559826
0 0.5143775034184725 0.3067747366106147 0.04578527868534721 0.021103432629559826
0 0.49235637984336833 0.26729917938644426 0.05537848423243048 0.03064207386326192
0 0.49235637984336833 0.26729917938644426 0.05537848423243048 0.03064207386326192
0 0.5436454696991321 0.22107301583160788 0.026926175911805572 0.016088650162155816
0 0.5436454696991321 0.22107301583160788 0.026926175911805572 0.016088650162155816
0 0.7001578813619797 0.632571803170276 0.04098867591180557 0.016334112012708957
0 0.7001578813619797 0.632571803170276 0.04098867591180557 0.016334112012708957
0 0.7121493882958339 0.6440860016281483 0.03790004350298624 0.0178420649348082
0 0.7121493882958339 0.6440860016281483 0.03790004350298624 0.0178420649348082
0 0.5905679418668063 0.7931428847441756 0.057195557370694414 0.04160684740221221