0 0.42477892240037873 0.6900771675175571 0.06501896424430527 0.05712257223995003
0 0.42477892240037873 0.6900771675175571 0.06501896424430527 0.05712257223995003
0 0.4491570401284449 0.671631553350359 0.05487868969849785 0.046651791895342146
0 0.4491570401284449 0.671631553350359 0.05487868969849785 0.046651791895342146
0 0.44871037210081627 0.5998072831206206 0.08051641848667046 0.05738637281429604
0 0.44871037210081627 0.5998072831206206 0.08051641848667046 0.05738637281429604
0 0.45135688210275593 0.548062153063186 0.037595594849248924 0.024512991320996137
0 0.45135688210275593 0.548062153063186 0.037595594849248924 0.024512991320996137
0 0.4098704969558842 0.4185978611678437 0.06476387272903601 0.05399757223994985
0 0.4098704969558842 0.4185978611678437 0.06476387272903601 0.05399757223994985
0 0.296526505580698 0.715310512922788 0.07672173879011232 0.06777598264199228
0 0.296526505580698 0.715310512922788 0.07672173879011232 0.06777598264199228
0 0.3157390201245655 0.76014614875559 0.031600686364518 0.026907471091257663