0 0.47716444482076026 0.30972220888415897 0.052627033016686656 0.026948300987128703
0 0.47716444482076026 0.30972220888415897 0.052627033016686656 0.026948300987128703
0 0.47774762098547063 0.2764300862017557 0.028943871551297563 0.01924452781116113
0 0.47774762098547063 0.2764300862017557 0.028943871551297563 0.01924452781116113
0 0.5590418023501054 0.8207669720672823 0.06783595318850325 0.050633064892709356
0 0.5590418023501054 0.8207669720672823 0.06783595318850325 0.050633064892709356
0 0.6288774310259504 0.39132527233195386 0.026146420171816585 0.025092358054365427
0 0.6288774310259504 0.39132527233195386 0.026146420171816585 0.025092358054365427
0 0.6232891723195231 0.3735345176967603 0.04793953301668665 0.026345046351935242
0 0.6232891723195231 0.3735345176967603 0.04793953301668665 0.026345046351935242
0 0.6256019448207603 0.3288252723319539 0.07877345318850323 0.05204065904149422
0 0.6256019448207603 0.3288252723319539 0.07877345318850323 0.05204065904149422