0 0.4293223348926213 0.7528848498041517 0.07029708944842153 0.031772063487172986
0 0.4293223348926213 0.7528848498041517 0.07029708944842153 0.031772063487172986
0 0.44590986639206526 0.6701790935803744 0.050439615756780756 0.038045374275053764
0 0.44590986639206526 0.6701790935803744 0.050439615756780756 0.038045374275053764
0 0.44069872162550217 0.6383962973146409 0.05641659997176518 0.03383147095570571
0 0.44069872162550217 0.6383962973146409 0.05641659997176518 0.03383147095570571
0 0.4284031189523139 0.593521505198092 0.03666554209337462 0.0152231809137497
0 0.4284031189523139 0.593521505198092 0.03666554209337462 0.0152231809137497
0 0.46015916609559915 0.35816434565496685 0.04824007892507787 0.026989475104890737
0 0.46015916609559915 0.35816434565496685 0.04824007892507787 0.026989475104890737
0 0.34180327922154385 0.315453859552414 0.024074536831702888 0.01271348755244528
0 0.34180327922154385 0.315453859552414 0.024074536831702888 0.01271348755244528
0 0.3406125055440205 0.32242590996733245 0.02701752630835923 0.00982528589277134
0 0.3406125055440205 0.32242590996733245 0.02701752630835923 0.00982528589277134
0 0.3252003371705213 0.3714787166060283 0.02545502630835923 0.00970688672260831
0 0.3252003371705213 0.3714787166060283 0.02545502630835923 0.00970688672260831
0 0.32313730823132614 0.3799540674358653 0.027199536831702887 0.01295028589277134
0 0.32313730823132614 0.3799540674358653 0.027199536831702887 0.01295028589277134
0 0.2953407189946663 0.6281664244894796 0.03519404735504663 0.01666728174358667
0 0.2953407189946663 0.6281664244894796 0.03519404735504663 0.01666728174358667
0 0.2869065927145419 0.6651928278088275 0.05550654735504672 0.01820647095570589
0 0.2869065927145419 0.6651928278088275 0.05550654735504672 0.01820647095570589
0 0.296312413817699 0.7192650211701317 0.03859206314006212 0.021591580083912553
0 0.296312413817699 0.7192650211701317 0.03859206314006212 0.021591580083912553
0 0.29636562172432424 0.7318242207552131 0.03519404735504663 0.016667281743586494