0 0.40134471712885417 0.32578125 0.025327282467404188 0.01875
0 0.40134471712885417 0.32578125 0.025327282467404188 0.01875
0 0.37977585998740926 0.53203125 0.02998750892845372 0.0171875
0 0.37977585998740926 0.53203125 0.02998750892845372 0.0171875
0 0.37756847768216095 0.52421875 0.0331397824674041 0.01875
0 0.37756847768216095 0.52421875 0.0331397824674041 0.01875
0 0.39342925690315417 0.55546875 0.023655688311602762 0.0125
0 0.39342925690315417 0.55546875 0.023655688311602762 0.0125
0 0.4303274646965175 0.72421875 0.015843188311602675 0.0125
0 0.4303274646965175 0.72421875 0.015843188311602675 0.0125
0 0.39791043101129736 0.7015625 0.015788641233702005 0.009375
0 0.39791043101129736 0.7015625 0.015788641233702005 0.009375
0 0.3972110016281484 0.696875 0.014226141233702094 0.009375
0 0.3972110016281484 0.696875 0.014226141233702094 0.009375
0 0.3919331664008007 0.6859375 0.017432961850553142 0.0140625
0 0.3919331664008007 0.6859375 0.017432961850553142 0.0140625
0 0.28766227232442965 0.43828125 0.025300008928453722 0.0171875