0 0.3464309565464532 0.7278637496470642 0.03497520072563942 0.019189615756780753
0 0.3464309565464532 0.7278637496470642 0.03497520072563942 0.019189615756780753
0 0.34071666988596433 0.7345764812312127 0.020585318511654283 0.008995568401734034
0 0.34071666988596433 0.7345764812312127 0.020585318511654283 0.008995568401734034
0 0.38916160436953495 0.7820198996047119 0.0493105192372937 0.027821163111827474
0 0.38916160436953495 0.7820198996047119 0.0493105192372937 0.027821163111827474
0 0.4164433561836335 0.7405527364222974 0.028670637023308566 0.01726309471009326
0 0.4164433561836335 0.7405527364222974 0.028670637023308566 0.01726309471009326
0 0.42273056171859624 0.7174337548381489 0.02091270072563951 0.018370568401734032
0 0.42273056171859624 0.7174337548381489 0.02091270072563951 0.018370568401734032
0 0.447440385039574 0.7047818363940624 0.03653770072563951 0.019280621018452494
0 0.447440385039574 0.7047818363940624 0.03653770072563951 0.019280621018452494
0 0.475131364621154 0.651595923211648 0.012718254809323426 0.006978042093374803
0 0.475131364621154 0.651595923211648 0.012718254809323426 0.006978042093374803