0 0.41375828980255014 0.6721562486688197 0.06471095318850324 0.04364220364722229
0 0.41375828980255014 0.6721562486688197 0.06471095318850324 0.04364220364722229
0 0.5554887663968018 0.6543355818750699 0.03231453301668683 0.021039851823611143
0 0.5554887663968018 0.6543355818750699 0.03231453301668683 0.021039851823611143
0 0.4896391163513732 0.5675427902719449 0.04382524310259513 0.03223192496187508
0 0.4896391163513732 0.5675427902719449 0.04382524310259513 0.03223192496187508
0 0.5205139801007546 0.5455775245043755 0.06183161465389268 0.04825696846486131
0 0.5205139801007546 0.5455775245043755 0.06183161465389268 0.04825696846486131
0 0.5290601424706549 0.5168349286646879 0.05657090456798421 0.037210365691319504
0 0.5290601424706549 0.5168349286646879 0.05657090456798421 0.037210365691319504
0 0.5301246754873418 0.496522428664688 0.043170145861557076 0.01973192496187508
0 0.5301246754873418 0.496522428664688 0.043170145861557076 0.01973192496187508
0 0.5314381919956851 0.4863843624602783 0.03840075870642714 0.018060322188333443
0 0.5314381919956851 0.4863843624602783 0.03840075870642714 0.018060322188333443
0 0.5240318057450666 0.4635280907087852 0.02721759724103805 0.013118249050069508
0 0.5240318057450666 0.4635280907087852 0.02721759724103805 0.013118249050069508
0 0.521715711217562 0.4032445541396532 0.051392081637205676 0.027726262917777866
0 0.521715711217562 0.4032445541396532 0.051392081637205676 0.027726262917777866
0 0.5135789846233104 0.42417464997934073 0.035357645861557076 0.019550087005972116
0 0.5135789846233104 0.42417464997934073 0.035357645861557076 0.019550087005972116
0 0.512784446518241 0.36470873100138934 0.03058825870642732 0.017878484232430568
0 0.512784446518241 0.36470873100138934 0.03058825870642732 0.017878484232430568
0 0.5206445341483406 0.3938331865484727 0.028943871551297563 0.016279616641249994
0 0.5206445341483406 0.3938331865484727 0.028943871551297563 0.016279616641249994
0 0.49706427125804176 0.30645981990722265 0.03700203301668683 0.02114895459715278
0 0.49706427125804176 0.30645981990722265 0.03700203301668683 0.02114895459715278
0 0.4874269996613158 0.23661944538218788 0.034450243102595125 0.03201371941479163
0 0.4874269996613158 0.23661944538218788 0.034450243102595125 0.03201371941479163
0 0.6172705506566839 0.3859135434060769 0.09891553482570892 0.07096842306201401
0 0.6172705506566839 0.3859135434060769 0.09891553482570892 0.07096842306201401
0 0.6218009203989592 0.4188715137707992 0.03231453301668665 0.021039851823611143
0 0.6218009203989592 0.4188715137707992 0.03231453301668665 0.021039851823611143
0 0.6105801373822723 0.4389476244281255 0.03058825870642732 0.01787848423243048
0 0.6105801373822723 0.4389476244281255 0.03058825870642732 0.01787848423243048
0 0.6109519516066235 0.44677830822371584 0.02417448439616763 0.014608013867708358