0 0.4183065131804029 0.779683225529098 0.08318520472226432 0.07033765601864025
0 0.4183065131804029 0.779683225529098 0.08318520472226432 0.07033765601864025
0 0.41937410949141085 0.7305236751141795 0.05654998184962743 0.055824870125868745
0 0.41937410949141085 0.7305236751141795 0.05654998184962743 0.055824870125868745
0 0.4648366004162246 0.7081760010489072 0.05337953005422928 0.047775571785542856
0 0.4648366004162246 0.7081760010489072 0.05337953005422928 0.047775571785542856
0 0.4326740610904173 0.5939708684754837 0.06591589149054773 0.05497276514684692
0 0.4326740610904173 0.5939708684754837 0.06591589149054773 0.05497276514684692
0 0.44148143452878824 0.5579033139113804 0.06116475897699036 0.04368006763635783
0 0.44148143452878824 0.5579033139113804 0.06116475897699036 0.04368006763635783
0 0.539642199457707 0.4785845120465694 0.04545794574527377 0.028433575934727708
0 0.539642199457707 0.4785845120465694 0.04545794574527377 0.028433575934727708
0 0.5148876391528567 0.43450262532396094 0.05802157825883114 0.04031826929603177
0 0.5148876391528567 0.43450262532396094 0.05802157825883114 0.04031826929603177
0 0.5126893348981306 0.4093250265687164 0.05800339754067192 0.03719326929603177
0 0.5126893348981306 0.4093250265687164 0.05800339754067192 0.03719326929603177
0 0.3918137535160414 0.36264909088108205 0.042369307181592396 0.034446777594401644
0 0.3918137535160414 0.36264909088108205 0.042369307181592396 0.034446777594401644
0 0.4236586511549093 0.39710752386942405 0.020394313231716588 0.015601689212119397
0 0.4236586511549093 0.39710752386942405 0.020394313231716588 0.015601689212119397
0 0.4118171813073344 0.4173132800932013 0.02196590359079629 0.017282588382282426
0 0.4118171813073344 0.4173132800932013 0.02196590359079629 0.017282588382282426
0 0.34665020267916086 0.6023026641165174 0.02195681323171659 0.015720088382282428
0 0.34665020267916086 0.6023026641165174 0.02195681323171659 0.015720088382282428
0 0.3380110008837628 0.6094639686806207 0.020385222872636888 0.014039189212119395
0 0.3380110008837628 0.6094639686806207 0.020385222872636888 0.014039189212119395