0 0.15240402066260744 0.5035815545209028 0.023917163787375538 0.05672277868534721
0 0.15240402066260744 0.5035815545209028 0.023917163787375538 0.05672277868534721
0 0.16230994678848412 0.49991169386357653 0.01117733189368777 0.02834320554708327
0 0.16230994678848412 0.49991169386357653 0.01117733189368777 0.02834320554708327
0 0.4785369216500565 0.45578636626000035 0.010015350092285047 0.03455683795590279
0 0.4785369216500565 0.45578636626000035 0.010015350092285047 0.03455683795590279
0 0.49086813849206445 0.3804051597629865 0.006589961443336989 0.029796602773541635
0 0.49086813849206445 0.3804051597629865 0.006589961443336989 0.029796602773541635
0 0.48242458281653844 0.38254888801149345 0.009915220542635694 0.032994337955902786
0 0.48242458281653844 0.38254888801149345 0.009915220542635694 0.032994337955902786
0 0.29974249074381787 0.36815581363895855 0.03359255243632351 0.06162848423243057
0 0.29974249074381787 0.36815581363895855 0.03359255243632351 0.06162848423243057
0 0.2122925555186425 0.36690047853284735 0.054105311535622216 0.06522626291777786
0 0.2122925555186425 0.36690047853284735 0.054105311535622216 0.06522626291777786