0 0.5369106261535632 0.43857867369781084 0.030989184145441228 0.020830697240056394
0 0.5369106261535632 0.43857867369781084 0.030989184145441228 0.020830697240056394
0 0.6179684639073473 0.5344190535674272 0.032551684145441226 0.020857970779006862
0 0.6179684639073473 0.5344190535674272 0.032551684145441226 0.020857970779006862
0 0.7159320018457013 0.6992276217486462 0.04242733189368782 0.028834112012708957
0 0.7159320018457013 0.6992276217486462 0.04242733189368782 0.028834112012708957
0 0.6108115962347738 0.3009616712621789 0.06862888648947969 0.04802048863591431
0 0.6108115962347738 0.3009616712621789 0.06862888648947969 0.04802048863591431
0 0.5804534677648585 0.27780086079159755 0.032852072794389106 0.025545470779006773
0 0.5804534677648585 0.27780086079159755 0.032852072794389106 0.025545470779006773
0 0.5411406438907352 0.2732127723178391 0.046653756939830336 0.04607615909060954
0 0.5411406438907352 0.2732127723178391 0.046653756939830336 0.04607615909060954