0 0.5904028908967476 0.2632559797969653 0.07971919303247788 0.06569531764492575
0 0.5904028908967476 0.2632559797969653 0.07971919303247788 0.06569531764492575
0 0.563011472410077 0.3141568603110046 0.0690687354561323 0.04908496543931005
0 0.563011472410077 0.3141568603110046 0.0690687354561323 0.04908496543931005
0 0.5772333401381432 0.2917493073701837 0.07375623545613248 0.049577641542117856
0 0.5772333401381432 0.2917493073701837 0.07375623545613248 0.049577641542117856
0 0.43619465452253126 0.5583009106755854 0.08871155575957416 0.061993169850541464
0 0.43619465452253126 0.5583009106755854 0.08871155575957416 0.061993169850541464
0 0.42850982921811964 0.5955123367783932 0.024585411818710767 0.016525880514039314
0 0.42850982921811964 0.5955123367783932 0.024585411818710767 0.016525880514039314
0 0.324141193612206 0.6026091864077687 0.07920901000193972 0.059445317644925666
0 0.324141193612206 0.6026091864077687 0.07920901000193972 0.059445317644925666
0 0.33349996028210543 0.5164253483563648 0.042920823637421626 0.0323948595576681
0 0.33349996028210543 0.5164253483563648 0.042920823637421626 0.0323948595576681
0 0.33973398482791267 0.5064755595697557 0.039413186364518 0.027378908822462834
0 0.33973398482791267 0.5064755595697557 0.039413186364518 0.027378908822462834
0 0.42340683847115324 0.3164371433952403 0.07570137272903601 0.054429366909720486
0 0.42340683847115324 0.3164371433952403 0.07570137272903601 0.054429366909720486
0 0.4376924790780367 0.2932483404544194 0.10691942182065048 0.07629964889417025
0 0.4376924790780367 0.2932483404544194 0.10691942182065048 0.07629964889417025