0 0.39498524586166156 0.6063819435545688 0.03321491439185813 0.04584010114869237
0 0.39498524586166156 0.6063819435545688 0.03321491439185813 0.04584010114869237
0 0.48847838068401517 0.5784598770580802 0.019516287427387445 0.05200893063178071
0 0.48847838068401517 0.5784598770580802 0.019516287427387445 0.05200893063178071
0 0.7454753974332382 0.6411323914486395 0.04099318114108108 0.07938312137843084
0 0.7454753974332382 0.6411323914486395 0.04099318114108108 0.07938312137843084
0 0.7489578083104396 0.5490767917358126 0.04709763192686935 0.07698864160816932
0 0.7489578083104396 0.5490767917358126 0.04709763192686935 0.07698864160816932
0 0.6880716581866052 0.4930094145820146 0.06799232878371626 0.0918628323548191
0 0.6880716581866052 0.4930094145820146 0.06799232878371626 0.0918628323548191
0 0.6179774820079228 0.489478561997457 0.01402826674922295 0.03427354045947695
0 0.6179774820079228 0.489478561997457 0.01402826674922295 0.03427354045947695