0 0.5199349414863251 0.7099672453727283 0.030961573663405774 0.02552016665180492
0 0.5199349414863251 0.7099672453727283 0.030961573663405774 0.02552016665180492
0 0.5919919520096688 0.7219173856876245 0.02076752630835923 0.010306561393340274
0 0.5919919520096688 0.7219173856876245 0.02076752630835923 0.010306561393340274
0 0.510221223338705 0.4233305743165768 0.02113154735504672 0.016556561393340274
0 0.510221223338705 0.4233305743165768 0.02113154735504672 0.016556561393340274
0 0.49605303654935423 0.3665188681817012 0.016353042093374803 0.014418508764107862
0 0.49605303654935423 0.3665188681817012 0.016353042093374803 0.014418508764107862
0 0.5300625574548674 0.524275982204274 0.017551521046687314 0.008360359640518667
0 0.5300625574548674 0.524275982204274 0.017551521046687314 0.008360359640518667
0 0.5305784969456411 0.5064990830806847 0.014335515785015573 0.006414157887697058
0 0.5305784969456411 0.5064990830806847 0.014335515785015573 0.006414157887697058