0 0.3181796034428626 0.32561053119767236 0.04327877404661713 0.03518837229612766
0 0.3181796034428626 0.32561053119767236 0.04327877404661713 0.03518837229612766
0 0.28734875489414147 0.35699528556542726 0.03977182813030113 0.023959141014933037
0 0.28734875489414147 0.35699528556542726 0.03977182813030113 0.023959141014933037
0 0.30895093638248716 0.35122490453378974 0.025436509618646852 0.014833850249557124
0 0.30895093638248716 0.35122490453378974 0.025436509618646852 0.014833850249557124
0 0.38050107648583864 0.6608199145170853 0.02409226442797028 0.020937984608959858
0 0.38050107648583864 0.6608199145170853 0.02409226442797028 0.020937984608959858
0 0.4440675578815171 0.7640919916800822 0.03384921034428636 0.032750678452543626
0 0.4440675578815171 0.7640919916800822 0.03384921034428636 0.032750678452543626
0 0.44669405007696883 0.7947066073206794 0.04138889183263199 0.025667506655530303
0 0.44669405007696883 0.7947066073206794 0.04138889183263199 0.025667506655530303
0 0.48517121831847054 0.6923949796168072 0.038045637023308564 0.019125775374335775
0 0.48517121831847054 0.6923949796168072 0.038045637023308564 0.019125775374335775
0 0.3983482530800429 0.3245288616884344 0.0286160733209778 0.016688081530751832
0 0.3983482530800429 0.3245288616884344 0.0286160733209778 0.016688081530751832
0 0.3996652164195541 0.3176434773290317 0.030124009618646853 0.015271447171349095
0 0.3996652164195541 0.3176434773290317 0.030124009618646853 0.015271447171349095
0 0.4027802927357566 0.295351891430525 0.025818455534962936 0.025771350249557123