0 0.556230529292131 0.3625 0.08076415258848364 0.0453125
0 0.556230529292131 0.3625 0.08076415258848364 0.0453125
0 0.5641648556569601 0.4140625 0.03555806840173403 0.0203125
0 0.5641648556569601 0.4140625 0.03555806840173403 0.0203125
0 0.4418300401684106 0.73046875 0.09600972099021768 0.065625
0 0.4418300401684106 0.73046875 0.09600972099021768 0.065625
0 0.5305578821770808 0.62890625 0.07166216837349922 0.05
0 0.5305578821770808 0.62890625 0.07166216837349922 0.05
0 0.551090190055471 0.61171875 0.03913809471009344 0.028125
0 0.551090190055471 0.61171875 0.03913809471009344 0.028125
0 0.5588340715972674 0.57265625 0.061559126280124235 0.0375
0 0.5588340715972674 0.57265625 0.061559126280124235 0.0375
0 0.5420021583442656 0.47265625 0.042718121018452494 0.0359375