0 0.5223862683604572 0.6696607464562556 0.045061127723940685 0.021553627390180984
0 0.5223862683604572 0.6696607464562556 0.045061127723940685 0.021553627390180984
0 0.32374776450205955 0.331606441242155 0.021077324505632156 0.012239184145441229
0 0.32374776450205955 0.331606441242155 0.021077324505632156 0.012239184145441229
0 0.3273644373985373 0.3384374321428564 0.016280563861970344 0.01037629549649317
0 0.3273644373985373 0.3384374321428564 0.016280563861970344 0.01037629549649317
0 0.334712397673882 0.3874058582687331 0.021077324505632156 0.01223918414544114
0 0.334712397673882 0.3874058582687331 0.021077324505632156 0.01223918414544114
0 0.33800128863937456 0.3895493491694344 0.024202324505632155 0.012439443244739756
0 0.33800128863937456 0.3895493491694344 0.024202324505632155 0.012439443244739756
0 0.3367719244090871 0.42808092304355777 0.014718063861970433 0.010276165946843819
0 0.3367719244090871 0.42808092304355777 0.014718063861970433 0.010276165946843819
0 0.42273047578581036 0.6697689728589876 0.02932686708027905 0.018989831893687813
0 0.42273047578581036 0.6697689728589876 0.02932686708027905 0.018989831893687813
0 0.42126081093510426 0.6824191671834615 0.022858345792955603 0.015464313695090581
0 0.42126081093510426 0.6824191671834615 0.022858345792955603 0.015464313695090581
0 0.4440698802449563 0.728042547812845 0.025764824505632156 0.012539572794389109
0 0.4440698802449563 0.728042547812845 0.025764824505632156 0.012539572794389109
0 0.4467414121759415 0.7325798534883711 0.027436585149293792 0.014202202344038461
0 0.4467414121759415 0.7325798534883711 0.027436585149293792 0.014202202344038461