0 0.3271700830111415 0.4835894880958305 0.038647911818710856 0.016684755447881727
0 0.3271700830111415 0.4835894880958305 0.038647911818710856 0.016684755447881727
0 0.32154196528307527 0.5049563897049849 0.045408094849248924 0.023371798022528624
0 0.32154196528307527 0.5049563897049849 0.045408094849248924 0.023371798022528624
0 0.31902287210081626 0.5167844003486466 0.04840554909161439 0.02202781930985207
0 0.31902287210081626 0.5167844003486466 0.04840554909161439 0.02202781930985207
0 0.3257673375530693 0.5769024455211836 0.050350686364518005 0.026824579953513707
0 0.3257673375530693 0.5769024455211836 0.050350686364518005 0.026824579953513707
0 0.48267168648520425 0.7577978943965619 0.028730777879787082 0.028419930942249393
0 0.48267168648520425 0.7577978943965619 0.028730777879787082 0.028419930942249393
0 0.3413132339098287 0.7575843629697797 0.021460411818710768 0.015482888367602499
0 0.3413132339098287 0.7575843629697797 0.021460411818710768 0.015482888367602499
0 0.327234758455636 0.7492473390845662 0.039158094849248926 0.022934755447881726
0 0.327234758455636 0.7492473390845662 0.039158094849248926 0.022934755447881726
0 0.29381622269994107 0.7018695945324479 0.027582866061076315 0.014357430942249394
0 0.29381622269994107 0.7018695945324479 0.027582866061076315 0.014357430942249394