0 0.500598385692838 0.7854433199395482 0.08307457995351371 0.04936474801081765
0 0.500598385692838 0.7854433199395482 0.08307457995351371 0.04936474801081765
0 0.5982217847041023 0.8062001679265034 0.0605111651028075 0.06159202800763595
0 0.5982217847041023 0.8062001679265034 0.0605111651028075 0.06159202800763595
0 0.625467345716081 0.7597518819223672 0.03321669158591121 0.02848862667090888
0 0.625467345716081 0.7597518819223672 0.03321669158591121 0.02848862667090888
0 0.5698404225675017 0.6798649345958214 0.027655106436617415 0.01593408267027261
0 0.5698404225675017 0.6798649345958214 0.027655106436617415 0.01593408267027261
0 0.6663876406365165 0.6740501919160039 0.027873627723940864 0.01905908267027261
0 0.6663876406365165 0.6740501919160039 0.027873627723940864 0.01905908267027261
0 0.6632690864098016 0.3722786065802312 0.060434755447881724 0.038172709341181485
0 0.6632690864098016 0.3722786065802312 0.060434755447881724 0.038172709341181485
0 0.7487531183407868 0.37597522390200455 0.019733345792955603 0.014280676002545257
0 0.7487531183407868 0.37597522390200455 0.019733345792955603 0.014280676002545257
0 0.6596031370302202 0.3981234912476403 0.03412362772394086 0.019131808004454333
0 0.6596031370302202 0.3981234912476403 0.03412362772394086 0.019131808004454333
0 0.7406728205703598 0.40578090257004995 0.014718063861970521 0.009538632001908987
0 0.7406728205703598 0.40578090257004995 0.014718063861970521 0.009538632001908987
0 0.746567905467552 0.34472522390200455 0.019624085149293792 0.012718176002545257