0 0.5944369394295095 0.4168783400558895 0.04622178213245363 0.034683575934727706
0 0.5944369394295095 0.4168783400558895 0.04622178213245363 0.034683575934727706
0 0.592099201107992 0.4704885921304819 0.046130853919208195 0.0315585759347277
0 0.592099201107992 0.4704885921304819 0.046130853919208195 0.0315585759347277
0 0.5892386255603136 0.5061300942050744 0.03537521034569906 0.036979781743586494
0 0.5892386255603136 0.5061300942050744 0.03537521034569906 0.036979781743586494
0 0.5925120412371466 0.6186300942050743 0.04939224623907634 0.03648287427505377
0 0.5925120412371466 0.6186300942050743 0.04939224623907634 0.03648287427505377
0 0.5546519915537158 0.7373675161957542 0.047284176959604095 0.017614475104890736
0 0.5546519915537158 0.7373675161957542 0.047284176959604095 0.017614475104890736
0 0.6146347453146396 0.7091725838321121 0.020630748746358663 0.012476689212119396
0 0.6146347453146396 0.7091725838321121 0.020630748746358663 0.012476689212119396
0 0.5444873813663014 0.7631012220046131 0.02219324874635866 0.012595088382282427
0 0.5444873813663014 0.7631012220046131 0.02219324874635866 0.012595088382282427
0 0.6045443429656416 0.7910378904708079 0.0271989974927175 0.023887785892771518
0 0.6045443429656416 0.7910378904708079 0.0271989974927175 0.023887785892771518
0 0.6664269143566848 0.6406011052027365 0.0521989974927175 0.02578217261537965
0 0.6664269143566848 0.6406011052027365 0.0521989974927175 0.02578217261537965
0 0.6501186380967259 0.4016094601817583 0.030323997492717504 0.0241245842330974