0 0.5968424630583213 0.5211613004549229 0.04401195435896632 0.08746550790866543
0 0.5968424630583213 0.5211613004549229 0.04401195435896632 0.08746550790866543
0 0.7034136170023693 0.4385172382113639 0.0131870842330974 0.030133168973360824
0 0.7034136170023693 0.4385172382113639 0.0131870842330974 0.030133168973360824
0 0.6544675541398961 0.41222931083504627 0.01643048340326043 0.03182300296574958
0 0.6544675541398961 0.41222931083504627 0.01643048340326043 0.03182300296574958
0 0.6185067433520154 0.39038880292638084 0.01607528589277134 0.02713550296574958
0 0.6185067433520154 0.39038880292638084 0.01607528589277134 0.02713550296574958
0 0.6650382012354668 0.4071743963103098 0.015838487552445456 0.02401050296574958
0 0.6650382012354668 0.4071743963103098 0.015838487552445456 0.02401050296574958
0 0.28117268671331963 0.36410489825029513 0.05014355518880329 0.08615767589344295