0 0.3934541725811857 0.58520481589869 0.0707852146721816 0.04842897966689641
0 0.3934541725811857 0.58520481589869 0.0707852146721816 0.04842897966689641
0 0.3657478905951851 0.4852881186506364 0.05187158267027261 0.032285418422390674
0 0.3657478905951851 0.4852881186506364 0.05187158267027261 0.032285418422390674
0 0.3629047012651395 0.4614162121913873 0.0471477200031817 0.028640153111264333
0 0.3629047012651395 0.4614162121913873 0.0471477200031817 0.028640153111264333
0 0.3642132099379574 0.41601700130619956 0.03613749466899989 0.021176200718636018
0 0.3642132099379574 0.41601700130619956 0.03613749466899989 0.021176200718636018
0 0.5836188326305016 0.20128637522400825 0.0614465773392725 0.05051344904464363
0 0.5836188326305016 0.20128637522400825 0.0614465773392725 0.05051344904464363
0 0.37145463995863826 0.26306627510988545 0.048837489337999786 0.03975107488163978
0 0.37145463995863826 0.26306627510988545 0.048837489337999786 0.03975107488163978
0 0.3541944146244565 0.27122391458401574 0.05032726400381797 0.03367449665201523
0 0.3541944146244565 0.27122391458401574 0.05032726400381797 0.03367449665201523
0 0.294025789902959 0.6812866374323452 0.025199994668999894 0.019962248326007525