0 0.5902743468013618 0.2613858442210291 0.0436078883676025 0.02375623545613248
0 0.5902743468013618 0.2613858442210291 0.0436078883676025 0.02375623545613248
0 0.590257921306994 0.2723871170998464 0.035139824505632154 0.013743506667959782
0 0.590257921306994 0.2723871170998464 0.035139824505632154 0.013743506667959782
0 0.5805276422260004 0.32425250603974 0.026857430942249395 0.028603232122152544
0 0.5805276422260004 0.32425250603974 0.026857430942249395 0.028603232122152544
0 0.5976658657428968 0.35585332134221187 0.045935212873234654 0.03482128121376693
0 0.5976658657428968 0.35585332134221187 0.045935212873234654 0.03482128121376693
0 0.5816802328231759 0.37444382467619175 0.07863845222957302 0.035937242124092175
0 0.5816802328231759 0.37444382467619175 0.07863845222957302 0.035937242124092175
0 0.4664640502914425 0.6706327827115791 0.047169930942249395 0.030261326971401558
0 0.4664640502914425 0.6706327827115791 0.047169930942249395 0.030261326971401558
0 0.42471931068300267 0.6017551080159906 0.07137225544788173 0.04311201333591956
0 0.42471931068300267 0.6017551080159906 0.07137225544788173 0.04311201333591956
0 0.5669942919935693 0.5689271483136134 0.03165419158591121 0.03054836939505634
0 0.5669942919935693 0.5689271483136134 0.03165419158591121 0.03054836939505634
0 0.5618204729358187 0.5960636042229688 0.05018567029858776 0.028953918486670636
0 0.5618204729358187 0.5960636042229688 0.05018567029858776 0.028953918486670636
0 0.5572911460843981 0.6773614016475933 0.05273151609154336 0.04314396424430509
0 0.5572911460843981 0.6773614016475933 0.05273151609154336 0.04314396424430509
0 0.4506373184766728 0.5454254886209344 0.046623627723940866 0.022448826971401558
0 0.4506373184766728 0.5454254886209344 0.046623627723940866 0.022448826971401558
0 0.4808993468013618 0.2703140472554466 0.045061127723940865 0.02232128121376702
0 0.4808993468013618 0.2703140472554466 0.045061127723940865 0.02232128121376702
0 0.48523193169855416 0.20867504558845668 0.05149679802252862 0.04770391848667064