0 0.3444790927319599 0.30280962707947456 0.07881208423309741 0.036834916389268814
0 0.3444790927319599 0.30280962707947456 0.07881208423309741 0.036834916389268814
0 0.38335141596739525 0.3504979993756023 0.028716995850815153 0.01043808153075183
0 0.38335141596739525 0.3504979993756023 0.028716995850815153 0.01043808153075183
0 0.39775653546856415 0.38882127142217277 0.04829579004195628 0.02312596921791963
0 0.39775653546856415 0.38882127142217277 0.04829579004195628 0.02312596921791963
0 0.38264102094641705 0.35987299937560224 0.022348596680652123 0.008292118968362506
0 0.38264102094641705 0.35987299937560224 0.022348596680652123 0.008292118968362506
0 0.39254789459677086 0.40564410732067946 0.10236798340326043 0.040585400998228494
0 0.39254789459677086 0.40564410732067946 0.10236798340326043 0.040585400998228494
0 0.3965921640932954 0.6326132934687434 0.05466418921211931 0.025271931780308954
0 0.3965921640932954 0.6326132934687434 0.05466418921211931 0.025271931780308954
0 0.3637428526807148 0.7027168947582902 0.02571039502097818 0.011708850249557302
0 0.3637428526807148 0.7027168947582902 0.02571039502097818 0.011708850249557302
0 0.3615883568298997 0.7103835291176929 0.025591995850815154 0.010146350249557123
0 0.3615883568298997 0.7103835291176929 0.025591995850815154 0.010146350249557123
0 0.4221580813100905 0.7624577703821831 0.04131208423309758 0.03333414101493304
0 0.4221580813100905 0.7624577703821831 0.04131208423309758 0.03333414101493304
0 0.4972424369138123 0.6852821085684652 0.051634277594401645 0.046709334858516985
0 0.4972424369138123 0.6852821085684652 0.051634277594401645 0.046709334858516985
0 0.4828069643077212 0.35663546755353215 0.04827247925407576 0.04329260357732227
0 0.4828069643077212 0.35663546755353215 0.04827247925407576 0.04329260357732227
0 0.44220619771098174 0.3213741624371058 0.05897318091374952 0.04118866306150357