0 0.2639350963868595 0.4513215381846526 0.03147017589344294 0.04444098423243066
0 0.2639350963868595 0.4513215381846526 0.03147017589344294 0.04444098423243066
0 0.2787324254363324 0.430645362272847 0.0381021778706093 0.05396145459715278
0 0.2787324254363324 0.430645362272847 0.0381021778706093 0.05396145459715278
0 0.29848650992301284 0.43565951738309006 0.029907675893442943 0.04440461664124999
0 0.29848650992301284 0.43565951738309006 0.029907675893442943 0.04440461664124999
0 0.3733300010257642 0.39169000541524274 0.018333505931499072 0.02852504350298606
0 0.3733300010257642 0.39169000541524274 0.018333505931499072 0.02852504350298606
0 0.6601681092384408 0.5030944052071522 0.025220175893442942 0.04429551386770836
0 0.6601681092384408 0.5030944052071522 0.025220175893442942 0.04429551386770836
0 0.700787792051966 0.5787840830188189 0.04935801285158128 0.062028527735416714
0 0.700787792051966 0.5787840830188189 0.04935801285158128 0.062028527735416714
0 0.7229174600367435 0.5845249367422911 0.03373301285158128 0.061664851823611144
0 0.7229174600367435 0.5845249367422911 0.03373301285158128 0.061664851823611144
0 0.7176821788963735 0.43685050294670075 0.03979201186299797 0.05712282218833344
0 0.7176821788963735 0.43685050294670075 0.03979201186299797 0.05712282218833344
0 0.7081970909496521 0.41517552469819385 0.03166117688202626 0.04912848423243066
0 0.7081970909496521 0.41517552469819385 0.03166117688202626 0.04912848423243066
0 0.4043624837255587 0.3088586684092705 0.051111513840164415 0.0667523953265973
0 0.4043624837255587 0.3088586684092705 0.051111513840164415 0.0667523953265973