0 0.31013335673931486 0.5475394807598091 0.011319308004454331 0.03325816897336083
0 0.31013335673931486 0.5475394807598091 0.011319308004454331 0.03325816897336083
0 0.30069472207190573 0.5416887287826428 0.009829533338636055 0.03944450197716627
0 0.30069472207190573 0.5416887287826428 0.009829533338636055 0.03944450197716627
0 0.3484782414067239 0.5545680721665718 0.008012494668999892 0.017505834980971892
0 0.3484782414067239 0.5545680721665718 0.008012494668999892 0.017505834980971892
0 0.6658844647517232 0.653398138895936 0.011282945337363515 0.030133168973360824
0 0.6658844647517232 0.653398138895936 0.011282945337363515 0.030133168973360824
0 0.6245782120862233 0.6603047134967847 0.04129770934118149 0.05946784190105418
0 0.6245782120862233 0.6603047134967847 0.04129770934118149 0.05946784190105418
0 0.4107975227561777 0.675801085018153 0.009629538669636162 0.02225700197716627
0 0.4107975227561777 0.675801085018153 0.009629538669636162 0.02225700197716627
0 0.43626114676158656 0.7166635069572633 0.011355670671545326 0.03638316897336082
0 0.43626114676158656 0.7166635069572633 0.011355670671545326 0.03638316897336082