0 0.4412679726375227 0.36501280336007735 0.03215075870642714 0.021579401084449758
0 0.4412679726375227 0.36501280336007735 0.03215075870642714 0.021579401084449758
0 0.45265917401700373 0.372909766266746 0.0466226944820761 0.031368256572452145
0 0.45265917401700373 0.372909766266746 0.0466226944820761 0.031368256572452145
0 0.4793102052246683 0.40498747724275075 0.05616146879233561 0.03581082689778707
0 0.4793102052246683 0.40498747724275075 0.05616146879233561 0.03581082689778707
0 0.49189541440606527 0.4201352852036419 0.049829581637205675 0.03336994668089712
0 0.49189541440606527 0.4201352852036419 0.049829581637205675 0.03336994668089712
0 0.5577849287667022 0.6946158829689887 0.03692014586155708 0.02380068624711722
0 0.5577849287667022 0.6946158829689887 0.03692014586155708 0.02380068624711722
0 0.552483275103229 0.7056758478063212 0.03058825870642714 0.021359806030227267
0 0.552483275103229 0.7056758478063212 0.03058825870642714 0.021359806030227267
0 0.5338660719147257 0.7455575997369851 0.035357645861557076 0.023581091192894733
0 0.5338660719147257 0.7455575997369851 0.035357645861557076 0.023581091192894733
0 0.5277831682512526 0.7565077670472065 0.028943871551297563 0.019577710976004782
0 0.5277831682512526 0.7565077670472065 0.028943871551297563 0.019577710976004782
0 0.6100634017429092 0.7783025549209983 0.02417448439616763 0.01735642581333714
0 0.6100634017429092 0.7783025549209983 0.02417448439616763 0.01735642581333714
0 0.6143381439409931 0.7718202925565544 0.02409259724103805 0.01579392581333714
0 0.6143381439409931 0.7718202925565544 0.02409259724103805 0.01579392581333714
0 0.6388335329051451 0.7248946233156692 0.03223264586155707 0.023141901084449756
0 0.6388335329051451 0.7248946233156692 0.03223264586155707 0.023141901084449756
0 0.6449164365686183 0.713944456005448 0.04497830732694617 0.02958616151822966
0 0.6449164365686183 0.713944456005448 0.04497830732694617 0.02958616151822966
0 0.6011442616471033 0.4228971414721047 0.041853307326946164 0.029146971409784683
0 0.6011442616471033 0.4228971414721047 0.041853307326946164 0.029146971409784683
0 0.5570943684990798 0.3624030398454301 0.05303646879233561 0.0353716367893421
0 0.5570943684990798 0.3624030398454301 0.05303646879233561 0.0353716367893421