0 0.31616550663528853 0.44666486455648025 0.0491779796419344 0.04197004635193515
0 0.31616550663528853 0.44666486455648025 0.0491779796419344 0.04197004635193515
0 0.3846453963639706 0.45412283746777626 0.05023983189368782 0.034358631230333
0 0.3846453963639706 0.45412283746777626 0.05023983189368782 0.034358631230333
0 0.3178991849206335 0.49215535992128673 0.032751943244739845 0.02745919756795683
0 0.3178991849206335 0.49215535992128673 0.032751943244739845 0.02745919756795683
0 0.3396182888704299 0.7094054077181363 0.03527616594684382 0.01848636732475235
0 0.3396182888704299 0.7094054077181363 0.03527616594684382 0.01848636732475235
0 0.4081179649963066 0.7044639230686314 0.03235142504614252 0.021209197567956826
0 0.4081179649963066 0.7044639230686314 0.03235142504614252 0.021209197567956826
0 0.3406906331026188 0.7410344879613406 0.022114831893687813 0.030739103419172055