0 0.32353838730151807 0.5102283977507566 0.04766817885919252 0.06098105866619026
0 0.32353838730151807 0.5102283977507566 0.04766817885919252 0.06098105866619026
0 0.3388914732710732 0.4966904216359701 0.01995967292769345 0.030998627723940686
0 0.3388914732710732 0.4966904216359701 0.01995967292769345 0.030998627723940686
0 0.41870099007698725 0.411649150096545 0.02027800790866543 0.038811127723940866
0 0.41870099007698725 0.411649150096545 0.02027800790866543 0.038811127723940866
0 0.528432770228774 0.2614145672930397 0.028217841901054187 0.04248243094224948
0 0.528432770228774 0.2614145672930397 0.028217841901054187 0.04248243094224948
0 0.5119137736888151 0.2462101843733188 0.024774506920082116 0.03445140965492595
0 0.5119137736888151 0.2462101843733188 0.024774506920082116 0.03445140965492595
0 0.29333091695901337 0.37211639255497647 0.03153384288963732 0.04738845222957302
0 0.29333091695901337 0.37211639255497647 0.03153384288963732 0.04738845222957302
0 0.2092304895826956 0.42863382634721764 0.016389003954332716 0.019842606436617415
0 0.2092304895826956 0.42863382634721764 0.016389003954332716 0.019842606436617415
0 0.25514782604654235 0.41062151768102717 0.02184050790866543 0.0389203883676025
0 0.25514782604654235 0.41062151768102717 0.02184050790866543 0.0389203883676025
0 0.20864289916451623 0.4621729460253867 0.049612680836358794 0.07046531930985189