0 0.4175331943995097 0.3106383703246287 0.030384720990217672 0.06857317009638315
0 0.4175331943995097 0.3106383703246287 0.030384720990217672 0.06857317009638315
0 0.45576894176867383 0.3056082869504295 0.014775131541796327 0.04044987416300376
0 0.45576894176867383 0.3056082869504295 0.014775131541796327 0.04044987416300376
0 0.6997541601986427 0.26909277988666735 0.012575594710093263 0.029338952392628313
0 0.6997541601986427 0.26909277988666735 0.012575594710093263 0.029338952392628313
0 0.7460222154461971 0.28046979854577847 0.024787168373499213 0.05242790478525663
0 0.7460222154461971 0.28046979854577847 0.024787168373499213 0.05242790478525663
0 0.7052229101986427 0.2684858036903532 0.008722552616718459 0.016492108851877418
0 0.7052229101986427 0.2684858036903532 0.008722552616718459 0.016492108851877418
0 0.7115554811606255 0.3637115928051654 0.02845819994353036 0.062149748326007614
0 0.7115554811606255 0.3637115928051654 0.02845819994353036 0.062149748326007614
0 0.7270894758989537 0.3604148751014106 0.013956084186749606 0.02638737416300376