0 0.3917730738665572 0.3799005203254563 0.021076159090609538 0.04612419074664995
0 0.3917730738665572 0.3799005203254563 0.021076159090609538 0.04612419074664995
0 0.48001341355813165 0.3719256720804006 0.01945911201270878 0.042816560689215334
0 0.48001341355813165 0.3719256720804006 0.01945911201270878 0.042816560689215334
0 0.5010526164802309 0.37258516630503336 0.030696620941162676 0.06128247109125766
0 0.5010526164802309 0.37258516630503336 0.030696620941162676 0.06128247109125766
0 0.5506162398570256 0.3917410044671257 0.014635244317957152 0.03445617051691156
0 0.5506162398570256 0.3917410044671257 0.014635244317957152 0.03445617051691156
0 0.6755441018697343 0.33659691490107385 0.009756829545304768 0.02297078034460771
0 0.6755441018697343 0.33659691490107385 0.009756829545304768 0.02297078034460771
0 0.7251622723244295 0.35262775306316624 0.009784103084255235 0.02453328034460771
0 0.7251622723244295 0.35262775306316624 0.009784103084255235 0.02453328034460771
0 0.6724872857171103 0.3330559250159431 0.006577282467404011 0.019480520229738472
0 0.6724872857171103 0.3330559250159431 0.006577282467404011 0.019480520229738472
0 0.7213105694023303 0.34995932820675285 0.006522735389503431 0.016355520229738473
0 0.7213105694023303 0.34995932820675285 0.006522735389503431 0.016355520229738473
0 0.3947128875835494 0.30081164026802165 0.01937729139585782 0.03812906068921542