0 0.736751060791639 0.44150222671939954 0.03539815260503385 0.09179652073518518
0 0.736751060791639 0.44150222671939954 0.03539815260503385 0.09179652073518518
0 0.7376885144729114 0.32689292257236247 0.02078768899896417 0.04539041244111104
0 0.7376885144729114 0.32689292257236247 0.02078768899896417 0.04539041244111104
0 0.6912287373846062 0.28938265212000125 0.006904971463952592 0.014609304147037072
0 0.6912287373846062 0.28938265212000125 0.006904971463952592 0.014609304147037072
0 0.6033841350272413 0.3064812606968993 0.010757717535011225 0.03050770622055552
0 0.6033841350272413 0.3064812606968993 0.010757717535011225 0.03050770622055552
0 0.4336152905277594 0.2993699726668989 0.010321069892376045 0.02113270622055552
0 0.4336152905277594 0.2993699726668989 0.010321069892376045 0.02113270622055552
0 0.36531690074300704 0.26455476672916733 0.03321491439185813 0.04492152073518518
0 0.36531690074300704 0.26455476672916733 0.03321491439185813 0.04492152073518518