0 0.47912126869820015 0.2625120794191879 0.06862817363517096 0.05538472099021767
0 0.47912126869820015 0.2625120794191879 0.06862817363517096 0.05538472099021767
0 0.45900618977312246 0.2870416425592501 0.02738154735504672 0.015609589448421436
0 0.45900618977312246 0.2870416425592501 0.02738154735504672 0.015609589448421436
0 0.4390353240163417 0.32246320306847637 0.029126057878390378 0.018825594710093263
0 0.4390353240163417 0.32246320306847637 0.029126057878390378 0.018825594710093263
0 0.37286647951801 0.5762476267036474 0.05641659997176518 0.032872684158514784
0 0.37286647951801 0.5762476267036474 0.05641659997176518 0.032872684158514784
0 0.3742091716396196 0.5932986188111397 0.04180806840173403 0.022678636803468065
0 0.3742091716396196 0.5932986188111397 0.04180806840173403 0.022678636803468065
0 0.37012861639206524 0.6098868793344833 0.05623458944842143 0.029747684158514788
0 0.37012861639206524 0.6098868793344833 0.05623458944842143 0.029747684158514788
0 0.2918293111445108 0.6307978897872399 0.030688557878390376 0.01891659997176518
0 0.2918293111445108 0.6307978897872399 0.030688557878390376 0.01891659997176518
0 0.2865803690229011 0.6139744108339272 0.06110409997176518 0.03314569994353036
0 0.2865803690229011 0.6139744108339272 0.06110409997176518 0.03314569994353036
0 0.28742950845720516 0.5726591660955991 0.030688557878390376 0.01891659997176518
0 0.28742950845720516 0.5726591660955991 0.030688557878390376 0.01891659997176518
0 0.28806654528890807 0.5617216660955991 0.027290542093374802 0.014047089448421346
0 0.28806654528890807 0.5617216660955991 0.027290542093374802 0.014047089448421346
0 0.3577244108339272 0.30150523193708434 0.016171031570031146 0.01028505261671846
0 0.3577244108339272 0.30150523193708434 0.016171031570031146 0.01028505261671846
0 0.36452044240395837 0.291766210890397 0.027199536831702887 0.012484589448421434
0 0.36452044240395837 0.291766210890397 0.027199536831702887 0.012484589448421434
0 0.3703987160814816 0.2844164424745455 0.024074536831702888 0.01230257892507769
0 0.3703987160814816 0.2844164424745455 0.024074536831702888 0.01230257892507769
0 0.39252361603912933 0.2387476267036474 0.035467063140062205 0.020752115756780754
0 0.39252361603912933 0.2387476267036474 0.035467063140062205 0.020752115756780754
0 0.4144287081183867 0.21022080830191334 0.04115562101845249 0.03821263154179624
0 0.4144287081183867 0.21022080830191334 0.04115562101845249 0.03821263154179624
0 0.4031348923474886 0.23034359250278041 0.03850105787839038 0.01937162628012441