0 0.21279517494033734 0.46651118336192593 0.022786836641599174 0.055739103419171876
0 0.21279517494033734 0.46651118336192593 0.022786836641599174 0.055739103419171876
0 0.19371768920836102 0.47595545190270006 0.015081344499481997 0.023684763905580653
0 0.19371768920836102 0.47595545190270006 0.015081344499481997 0.023684763905580653
0 0.2489852320124319 0.4898101462803778 0.013737168320799586 0.028171179027182802
0 0.2489852320124319 0.4898101462803778 0.013737168320799586 0.028171179027182802
0 0.29540431369163234 0.5102395574892435 0.01046661910658786 0.024644009270387103
0 0.29540431369163234 0.5102395574892435 0.01046661910658786 0.024644009270387103
0 0.30239917638807945 0.5101159255364532 0.010539393713693723 0.0262065092703871
0 0.30239917638807945 0.5101159255364532 0.010539393713693723 0.0262065092703871
0 0.653231776264245 0.5138894930185411 0.015081344499482086 0.023684763905580476
0 0.653231776264245 0.5138894930185411 0.015081344499482086 0.023684763905580476
0 0.6428208151393744 0.5206652947281271 0.011956344499482085 0.023282594148784953
0 0.6428208151393744 0.5206652947281271 0.011956344499482085 0.023282594148784953
0 0.6189102801931863 0.5338378179040947 0.021040246071058633 0.018239103419171877
0 0.6189102801931863 0.5338378179040947 0.021040246071058633 0.018239103419171877
0 0.298304527711987 0.6147028830972543 0.05396406203449331 0.05819830098712871
0 0.298304527711987 0.6147028830972543 0.05396406203449331 0.05819830098712871
0 0.27041712221146896 0.5965479533476143 0.01693494292790536 0.030135848783978503