0 0.421875 0.42181152594401644 0.046875 0.019176975104890737
0 0.421875 0.42181152594401644 0.046875 0.019176975104890737
0 0.57734375 0.41171724337523735 0.0640625 0.04391686597668389
0 0.57734375 0.41171724337523735 0.0640625 0.04391686597668389
0 0.53671875 0.5078576149509987 0.059375 0.024811668466194804
0 0.53671875 0.5078576149509987 0.059375 0.024811668466194804
0 0.559375 0.6142619029183626 0.0609375 0.024930067636357835
0 0.559375 0.6142619029183626 0.0609375 0.024930067636357835
0 0.5796875 0.7626760921304819 0.08125 0.04365675684847723
0 0.5796875 0.7626760921304819 0.08125 0.04365675684847723
0 0.48828125 0.767468490675945 0.0796875 0.0529133576783142
0 0.48828125 0.767468490675945 0.0796875 0.0529133576783142
0 0.4359375 0.7064708684754837 0.0875 0.07069285352912935
0 0.4359375 0.7064708684754837 0.0875 0.07069285352912935
0 0.43671875 0.6354363180605652 0.0359375 0.0152231809137497