0 0.4582687907520221 0.434375 0.03793650961864685 0.0125
0 0.4582687907520221 0.434375 0.03793650961864685 0.0125
0 0.4363491176163789 0.659375 0.05928571996293321 0.0421875
0 0.4363491176163789 0.659375 0.05928571996293321 0.0421875
0 0.5378818465649866 0.72734375 0.04445932813030105 0.0203125
0 0.5378818465649866 0.72734375 0.04445932813030105 0.0203125
0 0.5444865106301371 0.7171875 0.05841270072563951 0.0171875
0 0.5444865106301371 0.7171875 0.05841270072563951 0.0171875
0 0.5585961398488974 0.67109375 0.023819445916316084 0.0109375
0 0.5585961398488974 0.67109375 0.023819445916316084 0.0109375
0 0.5446552132546932 0.33203125 0.03428571996293321 0.0421875