0 0.5966122866147584 0.6122024954498297 0.03325816897336083 0.013423882573423463
0 0.5966122866147584 0.6122024954498297 0.03325816897336083 0.013423882573423463
0 0.5986695351318837 0.6053488442050743 0.044577670950527094 0.023627676764564676
0 0.5986695351318837 0.6053488442050743 0.044577670950527094 0.023627676764564676
0 0.6351508631927735 0.5831904242889869 0.046076503954332715 0.022183575934727705
0 0.6351508631927735 0.5831904242889869 0.046076503954332715 0.022183575934727705
0 0.6252227648659286 0.5115638780232533 0.04620383794672147 0.025308575934727528
0 0.6252227648659286 0.5115638780232533 0.04620383794672147 0.025308575934727528
0 0.7055681339530201 0.6866598890209155 0.03995383794672147 0.024834979254075584
0 0.7055681339530201 0.6866598890209155 0.03995383794672147 0.024834979254075584
0 0.6592979704168669 0.6979516639160247 0.027262836958138338 0.019200285892771517
0 0.6592979704168669 0.6979516639160247 0.027262836958138338 0.019200285892771517
0 0.6421223992760593 0.754284174288987 0.07078734387822046 0.055209563487172986
0 0.6421223992760593 0.754284174288987 0.07078734387822046 0.055209563487172986