0 0.34309938828678355 0.39788194633444907 0.01159259724103805 0.012563632513557365
0 0.34309938828678355 0.39788194633444907 0.01159259724103805 0.012563632513557365
0 0.3986810029406761 0.35069787412574205 0.02334896879233561 0.028252265027114642
0 0.3986810029406761 0.35069787412574205 0.02334896879233561 0.028252265027114642
0 0.4295215671650274 0.3583285669441497 0.013564533016686652 0.020385222872636888
0 0.4295215671650274 0.3583285669441497 0.013564533016686652 0.020385222872636888
0 0.6127258135469826 0.4541081786750558 0.030008404567984214 0.03610112646343318
0 0.6127258135469826 0.4541081786750558 0.030008404567984214 0.03610112646343318
0 0.655537433289258 0.48666160344128667 0.013400758706427141 0.01726022287263689
0 0.655537433289258 0.48666160344128667 0.013400758706427141 0.01726022287263689
0 0.6479705947546471 0.4820195552366847 0.010193871551297562 0.015679542154477664
0 0.6479705947546471 0.4820195552366847 0.010193871551297562 0.015679542154477664
0 0.6526857502271426 0.4218542148776051 0.02499335594746519 0.029823855386194253
0 0.6526857502271426 0.4218542148776051 0.02499335594746519 0.029823855386194253
0 0.6254615089335699 0.4048303413410383 0.009948210085908293 0.010992042154477666
0 0.6254615089335699 0.4048303413410383 0.009948210085908293 0.010992042154477666
0 0.6184712025111347 0.4040899979568966 0.013236984396167628 0.014135222872636887
0 0.6184712025111347 0.4040899979568966 0.013236984396167628 0.014135222872636887
0 0.4732273015611951 0.34401608206946027 0.013482645861557074 0.018822722872636886