0 0.3303725104609816 0.13224394752681534 0.06635832363742171 0.035990885932842345
0 0.3303725104609816 0.13224394752681534 0.06635832363742171 0.035990885932842345
0 0.30840178667377877 0.15309046067297719 0.08887105242559432 0.04648929820259333
0 0.30840178667377877 0.15309046067297719 0.08887105242559432 0.04648929820259333
0 0.3127065204629213 0.18649235979656636 0.055038186364518 0.029960429797966804
0 0.3127065204629213 0.18649235979656636 0.055038186364518 0.029960429797966804
0 0.3128021153121702 0.20699671067297717 0.043718049091614475 0.023929973663091263
0 0.3128021153121702 0.20699671067297717 0.043718049091614475 0.023929973663091263
0 0.3267038292666113 0.6092989211899067 0.04266573212215254 0.02998812278668055
0 0.3267038292666113 0.6092989211899067 0.04266573212215254 0.02998812278668055
0 0.30050786214736824 0.665383763279917 0.018207866061076317 0.014610359640518666
0 0.30050786214736824 0.665383763279917 0.018207866061076317 0.014610359640518666
0 0.28818320532962727 0.6787332457294086 0.04515300333397985 0.022559324539502157
0 0.28818320532962727 0.6787332457294086 0.04515300333397985 0.022559324539502157
0 0.15436657259865152 0.5957397412804772 0.03083541181871081 0.0177076666518051
0 0.15436657259865152 0.5957397412804772 0.03083541181871081 0.0177076666518051
0 0.1324440330499348 0.5108435746063796 0.048788186364518 0.029193026292323586
0 0.1324440330499348 0.5108435746063796 0.048788186364518 0.029193026292323586
0 0.14196319895153153 0.30845928514560167 0.062850686364518 0.030919684180020734
0 0.14196319895153153 0.30845928514560167 0.062850686364518 0.030919684180020734