0 0.5398451683174927 0.42777539007795096 0.036288186364518006 0.023837489337999784
0 0.5398451683174927 0.42777539007795096 0.036288186364518006 0.023837489337999784
0 0.5499854428633 0.4185094780792237 0.039285640606883554 0.02231135200509069
0 0.5499854428633 0.4185094780792237 0.039285640606883554 0.02231135200509069
0 0.5131710980140509 0.4384128980744511 0.04760832363742153 0.028652258672817864
0 0.5131710980140509 0.4384128980744511 0.04760832363742153 0.028652258672817864
0 0.4446444964968423 0.4923549633990879 0.044228232122152634 0.02549089600572696
0 0.4446444964968423 0.4923549633990879 0.044228232122152634 0.02549089600572696
0 0.43713501437468966 0.5172913287316788 0.04448332363742154 0.02861589600572696
0 0.43713501437468966 0.5172913287316788 0.04448332363742154 0.02861589600572696
0 0.3828946981541339 0.7410919080601336 0.09078423879011233 0.06037497334499946
0 0.3828946981541339 0.7410919080601336 0.09078423879011233 0.06037497334499946
0 0.4254956258938381 0.410804971395588 0.03447059484924893 0.02069430800445442
0 0.4254956258938381 0.410804971395588 0.03447059484924893 0.02069430800445442