0 0.43043247849326605 0.3331372253350418 0.03383134449948209 0.0257102312061269
0 0.43043247849326605 0.3331372253350418 0.03383134449948209 0.0257102312061269
0 0.625475420592602 0.6838271819400223 0.025727746071058634 0.018547080918953896
0 0.625475420592602 0.6838271819400223 0.025727746071058634 0.018547080918953896
0 0.6130696199306482 0.7344359463943936 0.020894696856846907 0.014874190746649951
0 0.6130696199306482 0.7344359463943936 0.020894696856846907 0.014874190746649951
0 0.6259120682352372 0.6932021819400223 0.024019696856846906 0.015239450861519187
0 0.6259120682352372 0.6932021819400223 0.024019696856846906 0.015239450861519187
0 0.7133927975570726 0.686333280185078 0.0811815334984459 0.07475650287173075
0 0.7133927975570726 0.686333280185078 0.0811815334984459 0.07475650287173075
0 0.5423138943328663 0.33300533947033395 0.05316354135632899 0.04040179189534223
0 0.5423138943328663 0.33300533947033395 0.05316354135632899 0.04040179189534223