0 0.5230007365605459 0.23811983622850025 0.06290241439185813 0.04859228933650215
0 0.5230007365605459 0.23811983622850025 0.06290241439185813 0.04859228933650215
0 0.5366073182397463 0.26312219523627534 0.025509422249740864 0.013565105881641948
0 0.5366073182397463 0.26312219523627534 0.025509422249740864 0.013565105881641948
0 0.5473971149727587 0.29852714229545435 0.02721747146395277 0.01685433124924458
0 0.5473971149727587 0.29852714229545435 0.02721747146395277 0.01685433124924458
0 0.5464359667109508 0.5528463147222361 0.05258134449948208 0.02729443713088635
0 0.5464359667109508 0.5528463147222361 0.05258134449948208 0.02729443713088635
0 0.5409843333363394 0.5697452408250439 0.03971747146395259 0.018168134190065466
0 0.5409843333363394 0.5697452408250439 0.03971747146395259 0.018168134190065466
0 0.5409650626581751 0.5868506281412426 0.05399829528527036 0.024333662498489162
0 0.5409650626581751 0.5868506281412426 0.05399829528527036 0.024333662498489162
0 0.6130926197302695 0.6072570358639194 0.028779971463952593 0.017018556616847213
0 0.6130926197302695 0.6072570358639194 0.028779971463952593 0.017018556616847213
0 0.622450503104881 0.5899475463421051 0.05719606989237604 0.02622461323369425
0 0.622450503104881 0.5899475463421051 0.05719606989237604 0.02622461323369425
0 0.6329363928896334 0.5484193068202907 0.02877997146395277 0.017018556616847213
0 0.6329363928896334 0.5484193068202907 0.02877997146395277 0.017018556616847213
0 0.6349719278358215 0.538098831452688 0.02543664764263518 0.012002605881641948
0 0.6349719278358215 0.538098831452688 0.02543664764263518 0.012002605881641948
0 0.6331719491331584 0.2762956097611116 0.014353598428423453 0.007728028308423607
0 0.6331719491331584 0.2762956097611116 0.014353598428423453 0.007728028308423607
0 0.6297387340793466 0.26654992318011816 0.026926373035529316 0.010604331249244581
0 0.6297387340793466 0.26654992318011816 0.026926373035529316 0.010604331249244581
0 0.6245974698113229 0.26009346196672734 0.02216609842842345 0.008549155146436681
0 0.6245974698113229 0.26009346196672734 0.02216609842842345 0.008549155146436681
0 0.6150983453280515 0.21366890222374696 0.03346747146395277 0.017511232719655025
0 0.6150983453280515 0.21366890222374696 0.03346747146395277 0.017511232719655025
0 0.6008560628630628 0.18562365589977317 0.03739299214211726 0.03502718345486029
0 0.6008560628630628 0.18562365589977317 0.03739299214211726 0.03502718345486029
0 0.6069412429706867 0.20519714174556142 0.0365196968568469 0.0162771834548602