0 0.43389579530593797 0.5713639053184988 0.06776938145888885 0.026954956584775223
0 0.43389579530593797 0.5713639053184988 0.06776938145888885 0.026954956584775223
0 0.33898268559854217 0.557708233769171 0.06617051386770836 0.025346992478152686
0 0.33898268559854217 0.557708233769171 0.06617051386770836 0.025346992478152686
0 0.42106718056454906 0.4904321540648575 0.04720230832062509 0.015426423198680438
0 0.42106718056454906 0.4904321540648575 0.04720230832062509 0.015426423198680438
0 0.4681214056789239 0.36241480265293174 0.0629727786853472 0.02213106426490725
0 0.4681214056789239 0.36241480265293174 0.0629727786853472 0.02213106426490725
0 0.4857433571419447 0.27981525132014823 0.05352504350298624 0.01873327962517113
0 0.4857433571419447 0.27981525132014823 0.05352504350298624 0.01873327962517113
0 0.5001325122521878 0.2598520923072328 0.03641027868534721 0.021358174452321688
0 0.5001325122521878 0.2598520923072328 0.03641027868534721 0.021358174452321688
0 0.340599736985313 0.5600065196625483 0.06617051386770836 0.025346992478152686
0 0.340599736985313 0.5600065196625483 0.06617051386770836 0.025346992478152686