0 0.49684451130225715 0.3465101283272603 0.03481141109416672 0.021959044093141068
0 0.49684451130225715 0.3465101283272603 0.03481141109416672 0.021959044093141068
0 0.4896314233463544 0.33804123294457233 0.04102504350298623 0.020980006655530393
0 0.4896314233463544 0.33804123294457233 0.04102504350298623 0.020980006655530393
0 0.51174346589941 0.38376041909263614 0.019004573138263935 0.012687887687167887
0 0.51174346589941 0.38376041909263614 0.019004573138263935 0.012687887687167887
0 0.6739402202678131 0.6873365503320696 0.03165004350298624 0.02010481281194636
0 0.6739402202678131 0.6873365503320696 0.03165004350298624 0.02010481281194636
0 0.671395795305938 0.6450031846914724 0.06686149810013901 0.05925135690508761
0 0.671395795305938 0.6450031846914724 0.06686149810013901 0.05925135690508761
0 0.6421946853142018 0.42867976726221385 0.023764808320624907 0.016250484608959857
0 0.6421946853142018 0.42867976726221385 0.023764808320624907 0.016250484608959857
0 0.6870896112260072 0.44846193801923756 0.03793641109416672 0.022250775374335775
0 0.6870896112260072 0.44846193801923756 0.03793641109416672 0.022250775374335775