0 0.5665828825617979 0.3641484805856401 0.04123077787978709 0.027017033338636143
0 0.5665828825617979 0.3641484805856401 0.04123077787978709 0.027017033338636143
0 0.43051873936984053 0.6350069679344575 0.05867336939505634 0.030342028007635947
0 0.43051873936984053 0.6350069679344575 0.05867336939505634 0.030342028007635947
0 0.4171578699747843 0.6648217372692757 0.06387105242559432 0.03664657200827222
0 0.4171578699747843 0.6648217372692757 0.06387105242559432 0.03664657200827222
0 0.41242257255015985 0.6750234406031392 0.03434304909161447 0.019131808004454243
0 0.41242257255015985 0.6750234406031392 0.03434304909161447 0.019131808004454243
0 0.5052161083058546 0.7238961979233217 0.03278054909161447 0.01911362667090888
0 0.5052161083058546 0.7238961979233217 0.03278054909161447 0.01911362667090888
0 0.5231847293679008 0.6854422252546399 0.03278054909161447 0.019113626670909056
0 0.5231847293679008 0.6854422252546399 0.03278054909161447 0.019113626670909056
0 0.535764348762957 0.6556365465865946 0.031090503333979846 0.017532945337363513
0 0.535764348762957 0.6556365465865946 0.031090503333979846 0.017532945337363513
0 0.5371195546723124 0.6485962059198218 0.02614791181871077 0.014353401336727068
0 0.5371195546723124 0.6485962059198218 0.02614791181871077 0.014353401336727068
0 0.6724981716514726 0.39569737790423165 0.027965503333979846 0.01749658267027261
0 0.6724981716514726 0.39569737790423165 0.027965503333979846 0.01749658267027261
0 0.6751448105913662 0.3823979465706862 0.026275457576345397 0.015915901336727066