0 0.43767726548322894 0.2170335379003121 0.02856141109416672 0.019404616641249994
0 0.43767726548322894 0.2170335379003121 0.02856141109416672 0.019404616641249994
0 0.42170612015663167 0.26581653001652744 0.023946646276527872 0.02242051386770836
0 0.42170612015663167 0.26581653001652744 0.023946646276527872 0.02242051386770836
0 0.42642933453743026 0.2977204934473955 0.03168641109416672 0.019477351823611145
0 0.42642933453743026 0.2977204934473955 0.03168641109416672 0.019477351823611145
0 0.419960475779965 0.34081653001652745 0.020494337955902785 0.008285278685347208
0 0.419960475779965 0.34081653001652745 0.020494337955902785 0.008285278685347208
0 0.4747518528704509 0.6034606939604856 0.025254573138263937 0.011519381458888844
0 0.4747518528704509 0.6034606939604856 0.025254573138263937 0.011519381458888844
0 0.4818915524336106 0.6321851060045829 0.028415940729444422 0.013154616641249995
0 0.4818915524336106 0.6321851060045829 0.028415940729444422 0.013154616641249995
0 0.509906796449687 0.6697935555677426 0.049019381458888844 0.026127395326597202
0 0.509906796449687 0.6697935555677426 0.049019381458888844 0.026127395326597202
0 0.4077987825819786 0.6955949489944787 0.04589438145888884 0.026054660144236054
0 0.4077987825819786 0.6955949489944787 0.04589438145888884 0.026054660144236054
0 0.39393630433347165 0.6873285073151039 0.03641027868534721 0.02114895459715278
0 0.39393630433347165 0.6873285073151039 0.03641027868534721 0.02114895459715278
0 0.31212979198437474 0.34410714380798585 0.04273301386770836 0.02441942496187508
0 0.31212979198437474 0.34410714380798585 0.04273301386770836 0.02441942496187508
0 0.3440902664331595 0.2457599095755553 0.027071646276527785 0.022493249050069507