0 0.5195756085701445 0.7493808210745628 0.07727513154179633 0.04430701089576328
0 0.5195756085701445 0.7493808210745628 0.07727513154179633 0.04430701089576328
0 0.4495625713149186 0.30834092181119704 0.07589464206513999 0.04732275025210155
0 0.4495625713149186 0.30834092181119704 0.07589464206513999 0.04732275025210155
0 0.5765731213713884 0.3768391855569519 0.04153505261671846 0.018465776735205087
0 0.5765731213713884 0.3768391855569519 0.04153505261671846 0.018465776735205087
0 0.5866082740304591 0.4065648903844149 0.03519404735504672 0.0164662341605581
0 0.5866082740304591 0.4065648903844149 0.03519404735504672 0.0164662341605581
0 0.5988220347655643 0.6278443106830027 0.02738154735504672 0.015919930942249572
0 0.5988220347655643 0.6278443106830027 0.02738154735504672 0.015919930942249572
0 0.6030090058263692 0.6367658426139879 0.019387036831702887 0.012248627723940687
0 0.6030090058263692 0.6367658426139879 0.019387036831702887 0.012248627723940687