0 0.6046921258823554 0.23654257977476362 0.047716234160558105 0.03595734736759475
0 0.6046921258823554 0.23654257977476362 0.047716234160558105 0.03595734736759475
0 0.5982835887555901 0.26809268013758336 0.045388909654926125 0.02496528366526398
0 0.5982835887555901 0.26809268013758336 0.045388909654926125 0.02496528366526398
0 0.5838222510084062 0.27407978530972643 0.05040419158591121 0.029816474772256463
0 0.5838222510084062 0.27407978530972643 0.05040419158591121 0.029816474772256463
0 0.5692570064562879 0.3121799860353659 0.019514824505632154 0.011592264427970279
0 0.5692570064562879 0.3121799860353659 0.019514824505632154 0.011592264427970279
0 0.5457648761344569 0.31221719157032873 0.024420845792955604 0.014880955534962848
0 0.5457648761344569 0.31221719157032873 0.024420845792955604 0.014880955534962848
0 0.5159352645020595 0.3336209656169459 0.018170845792955602 0.01466270072563942
0 0.5159352645020595 0.3336209656169459 0.018170845792955602 0.01466270072563942
0 0.4577946185928884 0.44294389111484184 0.019514824505632154 0.011592264427970279
0 0.4577946185928884 0.44294389111484184 0.019514824505632154 0.011592264427970279
0 0.4559425414893662 0.45005698666833804 0.02274908514929379 0.013263891832631991
0 0.4559425414893662 0.45005698666833804 0.02274908514929379 0.013263891832631991
0 0.45233122243161566 0.47681045962649604 0.025983345792955602 0.014935519237293703
0 0.45233122243161566 0.47681045962649604 0.025983345792955602 0.014935519237293703
0 0.45536302330413586 0.5761656188823232 0.03412362772394069 0.019895837748947896
0 0.45536302330413586 0.5761656188823232 0.03412362772394069 0.019895837748947896
0 0.46465054199356925 0.596986550370669 0.07013753737886681 0.04453373920022674
0 0.46465054199356925 0.596986550370669 0.07013753737886681 0.04453373920022674
0 0.48040658197032615 0.6207142270496913 0.0295453883676025 0.021294646641955416
0 0.48040658197032615 0.6207142270496913 0.0295453883676025 0.021294646641955416
0 0.4654042948435608 0.6525644277753306 0.065340776735205 0.04280754809323426
0 0.4654042948435608 0.6525644277753306 0.065340776735205 0.04280754809323426
0 0.4822911460843981 0.7036631363055184 0.07348105866619026 0.04776786660488845
0 0.4822911460843981 0.7036631363055184 0.07348105866619026 0.04776786660488845
0 0.3766203002914425 0.6932564043616857 0.014827324505632155 0.01142857332097762
0 0.3766203002914425 0.6932564043616857 0.014827324505632155 0.01142857332097762
0 0.3486977600625841 0.5963367643431523 0.02965464901126431 0.02285714664195524
0 0.3486977600625841 0.5963367643431523 0.02965464901126431 0.02285714664195524
0 0.3758401422260004 0.3573089806778883 0.02587408514929388 0.013373019237293704
0 0.3758401422260004 0.3573089806778883 0.02587408514929388 0.013373019237293704
0 0.4377338548471335 0.3128570870311578 0.030780106436617417 0.016661710344286273
0 0.4377338548471335 0.3128570870311578 0.030780106436617417 0.016661710344286273
0 0.4451093122724865 0.3063342685195035 0.03590464901126431 0.023075401451278843
0 0.4451093122724865 0.3063342685195035 0.03590464901126431 0.023075401451278843
0 0.4865976897443258 0.2500644211519087 0.08761996832111638 0.07164187622353531
0 0.4865976897443258 0.2500644211519087 0.08761996832111638 0.07164187622353531