0 0.42034595955705834 0.5978806841489959 0.03560745850815117 0.08212132164466368
0 0.42034595955705834 0.5978806841489959 0.03560745850815117 0.08212132164466368
0 0.44327489669458525 0.6249389258438883 0.017140878424238615 0.042517994463261745
0 0.44327489669458525 0.6249389258438883 0.017140878424238615 0.042517994463261745
0 0.6131972330022751 0.6733309430439587 0.012216580083912553 0.03876199630884116
0 0.6131972330022751 0.6733309430439587 0.012216580083912553 0.03876199630884116
0 0.6526140078973844 0.632240092792814 0.03548905933798814 0.08055882164466369
0 0.6526140078973844 0.632240092792814 0.03548905933798814 0.08055882164466369
0 0.6647588103868953 0.6292352545379354 0.028765462657336018 0.0734674907721029
0 0.6647588103868953 0.6292352545379354 0.028765462657336018 0.0734674907721029
0 0.7902090962796667 0.6724140392710103 0.018821777594401644 0.04429082718140194
0 0.7902090962796667 0.6724140392710103 0.018821777594401644 0.04429082718140194
0 0.7542958296829273 0.6985108876765758 0.011032588382282427 0.02313699630884116
0 0.7542958296829273 0.6985108876765758 0.011032588382282427 0.02313699630884116
0 0.7482826280232533 0.7007945568040149 0.009233290041956365 0.019801663590700968
0 0.7482826280232533 0.7007945568040149 0.009233290041956365 0.019801663590700968
0 0.7075042626712692 0.7239166570551598 0.017756185062934547 0.030228327181401938
0 0.7075042626712692 0.7239166570551598 0.017756185062934547 0.030228327181401938
0 0.6995617081071659 0.7313535771053887 0.010914189212119396 0.021574496308841163
0 0.6995617081071659 0.7313535771053887 0.010914189212119396 0.021574496308841163
0 0.3402692184801281 0.6636561346512855 0.029640878424238615 0.044200656208383295
0 0.3402692184801281 0.6636561346512855 0.029640878424238615 0.044200656208383295