0 0.579760657770396 0.34820585459104897 0.046914572794389285 0.025527258672817865
0 0.579760657770396 0.34820585459104897 0.046914572794389285 0.025527258672817865
0 0.5291388965116289 0.38788651993159406 0.07155362739018098 0.044549978675999566
0 0.5291388965116289 0.38788651993159406 0.07155362739018098 0.044549978675999566
0 0.5120713124584728 0.4021581052673667 0.046814443244739934 0.023964758672817867
0 0.5120713124584728 0.4021581052673667 0.046814443244739934 0.023964758672817867
0 0.48724129318014137 0.4173018472708665 0.040864831893687815 0.028579533338636054
0 0.48724129318014137 0.4173018472708665 0.040864831893687815 0.028579533338636054
0 0.4509089767072737 0.6311648999443207 0.05502746144333699 0.03030566534054522
0 0.4509089767072737 0.6311648999443207 0.05502746144333699 0.03030566534054522
0 0.45864113355481895 0.6420205839433663 0.04232720234403846 0.027035214672181597
0 0.45864113355481895 0.6420205839433663 0.04232720234403846 0.027035214672181597
0 0.45081814157438344 0.6663484219446388 0.05502746144333699 0.03030566534054522
0 0.45081814157438344 0.6663484219446388 0.05502746144333699 0.03030566534054522
0 0.49012976788483026 0.7307830919398665 0.03703892504614252 0.017605670671545327
0 0.49012976788483026 0.7307830919398665 0.03703892504614252 0.017605670671545327
0 0.3369151303156165 0.7067654312937746 0.02816457279438911 0.02530908267027243
0 0.3369151303156165 0.7067654312937746 0.02816457279438911 0.02530908267027243
0 0.3306162631044683 0.6450739532940928 0.06600453423772627 0.05541475334181776
0 0.3306162631044683 0.6450739532940928 0.06600453423772627 0.05541475334181776
0 0.38591052822074656 0.3488978399506841 0.1030434592838688 0.07302042401336299
0 0.38591052822074656 0.3488978399506841 0.1030434592838688 0.07302042401336299
0 0.43270638263196837 0.2983160372772299 0.030989184145441228 0.020657945337363426