0 0.5977869524384181 0.4097457014630187 0.014717471463952591 0.01578915788769706
0 0.5977869524384181 0.4097457014630187 0.014717471463952591 0.01578915788769706
0 0.6437351532242064 0.41228030231713697 0.04157106989237604 0.02530062278668055
0 0.6437351532242064 0.41228030231713697 0.04157106989237604 0.02530062278668055
0 0.5112458308506309 0.3362004295750415 0.043133569892376045 0.025492473663091354
0 0.5112458308506309 0.3362004295750415 0.043133569892376045 0.025492473663091354
0 0.4749102245643247 0.35659600854118256 0.04022689371369381 0.029796271910269744
0 0.4749102245643247 0.35659600854118256 0.04022689371369381 0.029796271910269744
0 0.48072573097446536 0.381390311170415 0.09437073821317572 0.05819420170823655
0 0.48072573097446536 0.381390311170415 0.09437073821317572 0.05819420170823655
0 0.3950643668302763 0.42680073665320534 0.028707196856846907 0.015953315775394116