0 0.6104436873179384 0.6163657368538704 0.04411371285298138 0.017613641608169316
0 0.6104436873179384 0.6163657368538704 0.04411371285298138 0.017613641608169316
0 0.6055910512662764 0.5566254767390012 0.03625574874635866 0.015137991320996136
0 0.6055910512662764 0.5566254767390012 0.03625574874635866 0.015137991320996136
0 0.5657209060434146 0.41726873541800513 0.03005121285298138 0.01596997109125766
0 0.5657209060434146 0.41726873541800513 0.03005121285298138 0.01596997109125766
0 0.5682465124699053 0.423792680504157 0.020539820533113408 0.010186690746649952
0 0.5682465124699053 0.423792680504157 0.020539820533113408 0.010186690746649952
0 0.6158596468722145 0.3476055923420647 0.055733174452321774 0.04232955201021147
0 0.6158596468722145 0.3476055923420647 0.055733174452321774 0.04232955201021147
0 0.6621867290838105 0.41452929897895113 0.015897784639736123 0.011201300574346184
0 0.6621867290838105 0.41452929897895113 0.015897784639736123 0.011201300574346184
0 0.6745192445232167 0.43699277440971074 0.04443196159934022 0.02855114160816914
0 0.6745192445232167 0.43699277440971074 0.04443196159934022 0.02855114160816914
0 0.6195472173388209 0.8221997469687397 0.01598871285298138 0.014326300574346007