0 0.23497969593413942 0.45986554338919666 0.04934656667727229 0.08321598639568109
0 0.23497969593413942 0.45986554338919666 0.04934656667727229 0.08321598639568109
0 0.28355355593573023 0.44305580699351543 0.044331802673454226 0.05459831029287336
0 0.28355355593573023 0.44305580699351543 0.044331802673454226 0.05459831029287336
0 0.3190456132638668 0.4775598735386552 0.03493862133990877 0.05205045808725757
0 0.3190456132638668 0.4775598735386552 0.03493862133990877 0.05205045808725757
0 0.42051775393859375 0.4075923373282862 0.03822725334181776 0.06644140882246283
0 0.42051775393859375 0.4075923373282862 0.03822725334181776 0.06644140882246283
0 0.4580177539385938 0.40365092850582335 0.02725339067472703 0.06216683124924458
0 0.4580177539385938 0.40365092850582335 0.02725339067472703 0.06216683124924458
0 0.5641944812619578 0.4658389908250439 0.016170440006363408 0.04851725367602615
0 0.5641944812619578 0.4658389908250439 0.016170440006363408 0.04851725367602615
0 0.5997507205999576 0.4277689200539849 0.024110209341181486 0.060275880514039315
0 0.5997507205999576 0.4277689200539849 0.024110209341181486 0.060275880514039315
0 0.6240694679344576 0.4166296768561444 0.02100339067472685 0.06150992977883405
0 0.6240694679344576 0.4166296768561444 0.02100339067472685 0.06150992977883405
0 0.6325643152848659 0.2901094127019325 0.023892033338636053 0.04152588051403931
0 0.6325643152848659 0.2901094127019325 0.023892033338636053 0.04152588051403931
0 0.6086813726130025 0.33085404321597184 0.011173857336090798 0.02146207757321834
0 0.6086813726130025 0.33085404321597184 0.011173857336090798 0.02146207757321834
0 0.5853165979471843 0.3270674237300112 0.011192038669636162 0.023024577573218342
0 0.5853165979471843 0.3270674237300112 0.011192038669636162 0.023024577573218342
0 0.3855075019494114 0.33168202078314646 0.009611357336090798 0.021297852205615708
0 0.3855075019494114 0.33168202078314646 0.009611357336090798 0.021297852205615708
0 0.3762052272835932 0.32641737298876217 0.009593176002545344 0.01973535220561571
0 0.3762052272835932 0.32641737298876217 0.009593176002545344 0.01973535220561571