0 0.46912311038456045 0.7881391569496394 0.028425008928453722 0.0203090918667586
0 0.46912311038456045 0.7881391569496394 0.028425008928453722 0.0203090918667586
0 0.49992309699187987 0.765826342357149 0.028425008928453722 0.0203090918667586
0 0.49992309699187987 0.765826342357149 0.028425008928453722 0.0203090918667586
0 0.5076128660666033 0.7596622012090263 0.020585235389503253 0.017879483014881358
0 0.5076128660666033 0.7596622012090263 0.020585235389503253 0.017879483014881358
0 0.5310543202065187 0.7178189886498462 0.041088650162155814 0.03107146602976236
0 0.5310543202065187 0.7178189886498462 0.041088650162155814 0.03107146602976236
0 0.6321087110364789 0.4319554190353787 0.06474433847375849 0.04617279258539462
0 0.6321087110364789 0.4319554190353787 0.06474433847375849 0.04617279258539462
0 0.7293285844132734 0.41779427968384597 0.02055796185055314 0.01631698301488136
0 0.7293285844132734 0.41779427968384597 0.02055796185055314 0.01631698301488136
0 0.7374001830333017 0.4335051385357234 0.05997501785690744 0.040965027274268095
0 0.7374001830333017 0.4335051385357234 0.05997501785690744 0.040965027274268095
0 0.7258002098186629 0.48368026437271966 0.03160455600635448 0.023780935407509675
0 0.7258002098186629 0.48368026437271966 0.03160455600635448 0.023780935407509675
0 0.7287888421239112 0.47621460791347053 0.022093188311602674 0.01492790478525663
0 0.7287888421239112 0.47621460791347053 0.022093188311602674 0.01492790478525663
0 0.6510083100602488 0.7553045040835702 0.04130683847375849 0.04357146602976236
0 0.6510083100602488 0.7553045040835702 0.04130683847375849 0.04357146602976236
0 0.6347929748329013 0.7644210754946277 0.03478410308425506 0.02725277894826057
0 0.6347929748329013 0.7644210754946277 0.03478410308425506 0.02725277894826057
0 0.6134770823813833 0.794024420709371 0.0584670649348082 0.04391660550389265
0 0.6134770823813833 0.794024420709371 0.0584670649348082 0.04391660550389265
0 0.5594714208551418 0.8270171587462294 0.03475682954530477 0.02569027894826057