0 0.5266541698859644 0.7712528047637246 0.0714583377489479 0.040202641542117945
0 0.5266541698859644 0.7712528047637246 0.0714583377489479 0.040202641542117945
0 0.5092062642583343 0.6870866249848906 0.052926592558271326 0.04448193713088635
0 0.5092062642583343 0.6870866249848906 0.052926592558271326 0.04448193713088635
0 0.5142310701561168 0.6554659384038972 0.05750496515360979 0.041849613233694426
0 0.5142310701561168 0.6554659384038972 0.05750496515360979 0.041849613233694426
0 0.5259696675237115 0.6112209032933142 0.038045637023308564 0.019566408822462834
0 0.5259696675237115 0.6112209032933142 0.038045637023308564 0.019566408822462834
0 0.4911581910221745 0.37311095568424213 0.04941964664195524 0.03321598639568117
0 0.4911581910221745 0.37311095568424213 0.04941964664195524 0.03321598639568117
0 0.6083928202409348 0.33916988288683597 0.02549107332097762 0.016690105881641947
0 0.6083928202409348 0.33916988288683597 0.02549107332097762 0.016690105881641947
0 0.610491033580446 0.3464474709382399 0.026944445916316083 0.01372933124924458
0 0.610491033580446 0.3464474709382399 0.026944445916316083 0.01372933124924458
0 0.6259870588081894 0.3966914499818687 0.025381945916316085 0.01356510588164186
0 0.6259870588081894 0.3966914499818687 0.025381945916316085 0.01356510588164186
0 0.6288119584453697 0.40561365071707395 0.02861607332097762 0.017018556616847213
0 0.6288119584453697 0.40561365071707395 0.02861607332097762 0.017018556616847213
0 0.6584721434770945 0.6565121722233382 0.035029764427970275 0.022362958087257568
0 0.6584721434770945 0.6565121722233382 0.035029764427970275 0.022362958087257568
0 0.6681546783234849 0.6935992497965564 0.056959328130301044 0.026224613233694426
0 0.6681546783234849 0.6935992497965564 0.056959328130301044 0.026224613233694426
0 0.6592136987419048 0.7475477356423447 0.03826389183263199 0.025816408822462833
0 0.6592136987419048 0.7475477356423447 0.03826389183263199 0.025816408822462833
0 0.658777189123258 0.7600477356423447 0.035029764427970275 0.022362958087257568