0 0.4535734101318997 0.3817057804737448 0.04388635538619425 0.02880932453950207
0 0.4535734101318997 0.3817057804737448 0.04388635538619425 0.02880932453950207
0 0.45806546741168785 0.41587508310297716 0.05635908430895533 0.02565663155078841
0 0.45806546741168785 0.41587508310297716 0.05635908430895533 0.02565663155078841
0 0.4541046752572102 0.42477045591195023 0.05011817466803503 0.026451728045145194
0 0.4541046752572102 0.42477045591195023 0.05011817466803503 0.026451728045145194
0 0.4230632326351943 0.51946686382194 0.04541249394987581 0.022751175415912782
0 0.4230632326351943 0.51946686382194 0.04541249394987581 0.022751175415912782
0 0.4245302838648583 0.5360649646983507 0.04539431323171659 0.019626175415912783
0 0.4245302838648583 0.5360649646983507 0.04539431323171659 0.019626175415912783
0 0.4213461965308408 0.5458375129455291 0.04382272287263689 0.017871824539502156
0 0.4213461965308408 0.5458375129455291 0.04382272287263689 0.017871824539502156
0 0.421246202580965 0.563025012945529 0.03598295179539814 0.012225070157448137
0 0.421246202580965 0.563025012945529 0.03598295179539814 0.012225070157448137
0 0.4211780248878679 0.5747437629455291 0.034447722872636886 0.016720719281037334
0 0.4211780248878679 0.5747437629455291 0.034447722872636886 0.016720719281037334
0 0.4410178262157277 0.6584878243388693 0.04697499394987581 0.022943026292323587
0 0.4410178262157277 0.6584878243388693 0.04697499394987581 0.022943026292323587
0 0.4557752178044714 0.6751541576647717 0.06574317466803503 0.028370236809253057
0 0.4557752178044714 0.6751541576647717 0.06574317466803503 0.028370236809253057
0 0.4352900009819587 0.7023475962714316 0.05328862646343317 0.034647929797966805
0 0.4352900009819587 0.7023475962714316 0.05328862646343317 0.034647929797966805
0 0.34879396477940927 0.6534186226306329 0.05495112041330898 0.052027280674377605
0 0.34879396477940927 0.6534186226306329 0.05495112041330898 0.052027280674377605
0 0.3482081574996211 0.6197289471924273 0.04394089754067201 0.03818432453950216
0 0.3482081574996211 0.6197289471924273 0.04394089754067201 0.03818432453950216
0 0.33361893755385036 0.574156363866525 0.040670451795398146 0.012800622786680548
0 0.33361893755385036 0.574156363866525 0.040670451795398146 0.012800622786680548
0 0.3278189103282914 0.4960452103608818 0.015661361436318445 0.008168508764107862
0 0.3278189103282914 0.4960452103608818 0.015661361436318445 0.008168508764107862
0 0.3224501542781672 0.47818623229344404 0.025045451795398143 0.010882114022572508
0 0.3224501542781672 0.47818623229344404 0.025045451795398143 0.010882114022572508
0 0.32403992535540604 0.47369058316985485 0.025045451795398143 0.010882114022572508
0 0.32403992535540604 0.47369058316985485 0.025045451795398143 0.010882114022572508
0 0.34365753376666247 0.46124496912498963 0.03290340359079611 0.019653868404626528
0 0.34365753376666247 0.46124496912498963 0.03290340359079611 0.019653868404626528
0 0.34778649756411306 0.42344334631601666 0.03447499394987581 0.02140821928103733
0 0.34778649756411306 0.42344334631601666 0.03447499394987581 0.02140821928103733
0 0.3533234252572102 0.4123960743834544 0.03448408430895542 0.022970719281037333
0 0.3533234252572102 0.4123960743834544 0.03448408430895542 0.022970719281037333
0 0.36053193725926275 0.38279065332730294 0.045530668617910844 0.04306367541591287