0 0.39530264255042213 0.4805562958560001 0.02184028366526398 0.044341033386094963
0 0.39530264255042213 0.4805562958560001 0.02184028366526398 0.044341033386094963
0 0.477023868503805 0.45171589350700225 0.018606156260602268 0.04112510517284953
0 0.477023868503805 0.45171589350700225 0.018606156260602268 0.04112510517284953
0 0.49798120924797795 0.4484234089464085 0.030143856986241602 0.05863085391920819
0 0.49798120924797795 0.4484234089464085 0.030143856986241602 0.05863085391920819
0 0.553586368503805 0.45394363473151367 0.013645837748947898 0.03317621285298138
0 0.553586368503805 0.45394363473151367 0.013645837748947898 0.03317621285298138
0 0.6506399285779388 0.37247833755536525 0.00857639183263199 0.022102320533113406
0 0.6506399285779388 0.37247833755536525 0.00857639183263199 0.022102320533113406
0 0.7053819922802698 0.3756320812871591 0.010193455534962936 0.023710284639736123
0 0.7053819922802698 0.3756320812871591 0.010193455534962936 0.023710284639736123
0 0.6466518330244425 0.37002092728880853 0.006904764427970278 0.01893185642649069
0 0.6466518330244425 0.37002092728880853 0.006904764427970278 0.01893185642649069
0 0.6998586785779388 0.37391045691397967 0.006795637023308565 0.01580685642649069
0 0.6998586785779388 0.37391045691397967 0.006795637023308565 0.01580685642649069
0 0.36461314854087196 0.40630044193679193 0.0200049651536097 0.036483069279472244