0 0.4497315117896158 0.7474646138883676 0.07844373545613248 0.04393314437666671
0 0.4497315117896158 0.7474646138883676 0.07844373545613248 0.04393314437666671
0 0.4379328845186519 0.7009532898001731 0.0500636439408634 0.040153527735416715
0 0.4379328845186519 0.7009532898001731 0.0500636439408634 0.040153527735416715
0 0.47477905133833254 0.6603276365897912 0.04929836939505616 0.030778527735416717
0 0.47477905133833254 0.6603276365897912 0.04929836939505616 0.030778527735416717
0 0.41290054679640464 0.5681959943973259 0.0634884151526908 0.03266833605604162
0 0.41290054679640464 0.5681959943973259 0.0634884151526908 0.03266833605604162
0 0.4120553949796335 0.5307869133752774 0.05947059484924892 0.02165810087368065
0 0.4120553949796335 0.5307869133752774 0.05947059484924892 0.02165810087368065
0 0.48308498528695465 0.4152878935236455 0.04620532030344186 0.011992160144236052
0 0.48308498528695465 0.4152878935236455 0.04620532030344186 0.011992160144236052
0 0.44813590043964524 0.38491071571197877 0.057653003333980025 0.01849673328249999
0 0.44813590043964524 0.38491071571197877 0.057653003333980025 0.01849673328249999
0 0.43904781392534603 0.36250903885024266 0.05896041181871077 0.015408100873680653
0 0.43904781392534603 0.36250903885024266 0.05896041181871077 0.015408100873680653
0 0.3120389037736252 0.37092356373586777 0.039158094849248926 0.021185322188333446
0 0.3120389037736252 0.37092356373586777 0.039158094849248926 0.021185322188333446
0 0.3510695818031935 0.3895092563651733 0.01938772878817261 0.008248911094166722
0 0.3510695818031935 0.3895092563651733 0.01938772878817261 0.008248911094166722
0 0.3451863725598582 0.41381892534312464 0.0209502287881727 0.008285278685347208
0 0.3451863725598582 0.41381892534312464 0.0209502287881727 0.008285278685347208
0 0.3335480155826377 0.613709822569583 0.020822683030538157 0.006722778685347208
0 0.3335480155826377 0.613709822569583 0.020822683030538157 0.006722778685347208
0 0.32803146815801315 0.6239751753431246 0.01926018303053816 0.006686411094166544
0 0.32803146815801315 0.6239751753431246 0.01926018303053816 0.006686411094166544