0 0.469552168045816 0.34291803739654253 0.053488626670909055 0.03186816534054513
0 0.469552168045816 0.34291803739654253 0.053488626670909055 0.03186816534054513
0 0.41584810208463246 0.6281919187221339 0.023528406667727174 0.008085220003181704
0 0.41584810208463246 0.6281919187221339 0.023528406667727174 0.008085220003181704
0 0.415929918085587 0.6352231687221337 0.021947725334181812 0.0065045386696361614
0 0.415929918085587 0.6352231687221337 0.021947725334181812 0.0065045386696361614
0 0.42559581942231406 0.6603322567234065 0.03135908800127254 0.009738626670908879
0 0.42559581942231406 0.6603322567234065 0.03135908800127254 0.009738626670908879
0 0.4295929760900413 0.6681902100572701 0.03450226933481808 0.011337489337999784
0 0.4295929760900413 0.6681902100572701 0.03450226933481808 0.011337489337999784
0 0.4503963720957683 0.7106140673933609 0.037645450668363625 0.01293635200509069
0 0.4503963720957683 0.7106140673933609 0.037645450668363625 0.01293635200509069
0 0.4512776194302683 0.7192169080601336 0.02676249466899989 0.01749658267027261
0 0.4512776194302683 0.7192169080601336 0.02676249466899989 0.01749658267027261
0 0.365021946093223 0.6908731847151341 0.017278406667727175 0.008012494668999892
0 0.365021946093223 0.6908731847151341 0.017278406667727175 0.008012494668999892
0 0.36883728942549576 0.6831061380489978 0.02351022533418181 0.006522720003181703
0 0.36883728942549576 0.6831061380489978 0.02351022533418181 0.006522720003181703