0 0.48459510939321504 0.6849141773758186 0.01268180718159222 0.03256380294082106
0 0.48459510939321504 0.6849141773758186 0.01268180718159222 0.03256380294082106
0 0.49476954011137425 0.6828566422652356 0.012672716822512697 0.03100130294082106
0 0.49476954011137425 0.6828566422652356 0.012672716822512697 0.03100130294082106
0 0.498348537184508 0.7395172056842421 0.009556807181592398 0.0322353522056158
0 0.498348537184508 0.7395172056842421 0.009556807181592398 0.0322353522056158
0 0.5170667209277294 0.7469566600954736 0.033103391490547904 0.05344873271965511
0 0.5170667209277294 0.7469566600954736 0.033103391490547904 0.05344873271965511
0 0.7084184287732516 0.7764492676267946 0.031495439695149584 0.0454720073520523
0 0.7084184287732516 0.7764492676267946 0.031495439695149584 0.0454720073520523
0 0.7306115913410383 0.7240609227732311 0.020530668617910662 0.03963492977883405
0 0.7306115913410383 0.7240609227732311 0.020530668617910662 0.03963492977883405
0 0.746245681700118 0.7241406764492574 0.017451120413308985 0.047118979043628786
0 0.746245681700118 0.7241406764492574 0.017451120413308985 0.047118979043628786
0 0.742807064311871 0.7777184757140521 0.04405907220870695 0.057723310292873364
0 0.742807064311871 0.7777184757140521 0.04405907220870695 0.057723310292873364
0 0.7990434287732516 0.7859743389477465 0.028306807181592397 0.03420605661684721