0 0.5288096236471199 0.3450183235800975 0.035905549091614475 0.022767861263561517
0 0.5288096236471199 0.3450183235800975 0.035905549091614475 0.022767861263561517
0 0.5006369551604493 0.29375005768986096 0.03278054909161447 0.02240260114869219
0 0.5006369551604493 0.29375005768986096 0.03278054909161447 0.02240260114869219
0 0.5535860962263748 0.43999600421187823 0.04786341515269079 0.03654627166560385
0 0.5535860962263748 0.43999600421187823 0.04786341515269079 0.03654627166560385
0 0.5346281574459608 0.6343243279195995 0.052040732122152634 0.030844161837907613
0 0.5346281574459608 0.6343243279195995 0.052040732122152634 0.030844161837907613
0 0.4997268700232761 0.6712561415124514 0.03380091515269079 0.03490260114869237
0 0.4997268700232761 0.6712561415124514 0.03380091515269079 0.03490260114869237
0 0.46767925775522146 0.7905438799617168 0.06565669303247787 0.06493507223994985
0 0.46767925775522146 0.7905438799617168 0.06565669303247787 0.06493507223994985
0 0.602947464872525 0.7034395952457013 0.04853309484924893 0.025791401723038378
0 0.602947464872525 0.7034395952457013 0.04853309484924893 0.025791401723038378
0 0.6840705638046598 0.5217939088066472 0.06505091515269079 0.038555202297384385
0 0.6840705638046598 0.5217939088066472 0.06505091515269079 0.038555202297384385
0 0.6526611960765936 0.4972301877153896 0.08469373545613249 0.051684262986599804
0 0.6526611960765936 0.4972301877153896 0.08469373545613249 0.051684262986599804
0 0.6266409589534712 0.44389211691130515 0.042538186364518005 0.028185881493299904
0 0.6266409589534712 0.44389211691130515 0.042538186364518005 0.028185881493299904
0 0.6195939913751862 0.3765219868538704 0.04110323212215263 0.029565751435865373
0 0.6195939913751862 0.3765219868538704 0.04110323212215263 0.029565751435865373