0 0.42176102859455 0.6520785669441497 0.06801517095052709 0.02070338544042354
0 0.42176102859455 0.6520785669441497 0.06801517095052709 0.02070338544042354
0 0.36438888038143585 0.5649330909482548 0.05044566897336082 0.011228391490547728
0 0.36438888038143585 0.5649330909482548 0.05044566897336082 0.011228391490547728
0 0.3543427183281574 0.5431217234618122 0.047257001977166355 0.009647710772388508
0 0.3543427183281574 0.5431217234618122 0.047257001977166355 0.009647710772388508
0 0.34206289422160036 0.49945353669352865 0.036192167984777514 0.0064590782588311415
0 0.34206289422160036 0.49945353669352865 0.036192167984777514 0.0064590782588311415
0 0.4960314471108001 0.2478359736582038 0.05583350593149916 0.028443162567786652
0 0.4960314471108001 0.2478359736582038 0.05583350593149916 0.028443162567786652
0 0.30345267486767874 0.3544001119272978 0.04464133794672147 0.022129530054229286
0 0.30345267486767874 0.3544001119272978 0.04464133794672147 0.022129530054229286
0 0.2889126723962208 0.3662006751590144 0.04894683596955511 0.012781801131468207
0 0.2889126723962208 0.3662006751590144 0.04894683596955511 0.012781801131468207
0 0.35155200486855376 0.7649603620254937 0.023819501977166358 0.009511355386194253