0 0.2439183726014466 0.5314046984865272 0.06915366431701005 0.07129281153562221
0 0.2439183726014466 0.5314046984865272 0.06915366431701005 0.07129281153562221
0 0.26445509293245256 0.5711878917312669 0.016193685062934372 0.029026165946843818
0 0.26445509293245256 0.5711878917312669 0.016193685062934372 0.029026165946843818
0 0.5803625902331602 0.6809271437338518 0.033476273445216795 0.05190246144333699
0 0.5803625902331602 0.6809271437338518 0.033476273445216795 0.05190246144333699
0 0.6197327435525081 0.6897304472499094 0.0821990385920639 0.12033108883351815
0 0.6197327435525081 0.6897304472499094 0.0821990385920639 0.12033108883351815
0 0.667780079860198 0.6669030189645644 0.039229365976683896 0.06626535009228504
0 0.667780079860198 0.6669030189645644 0.039229365976683896 0.06626535009228504
0 0.6225635908578602 0.5902113086009615 0.014039189212119395 0.021113536397194467