0 0.46325915931768263 0.20449335460817225 0.035193871551297565 0.020252319799084085
0 0.46325915931768263 0.20449335460817225 0.035193871551297565 0.020252319799084085
0 0.4683184735420339 0.2115696900946816 0.03363137155129756 0.020041987080943978
0 0.4683184735420339 0.2115696900946816 0.03363137155129756 0.020041987080943978
0 0.5453668159218319 0.5324383106472002 0.02253009724103805 0.015444658053962713
0 0.5453668159218319 0.5324383106472002 0.02253009724103805 0.015444658053962713
0 0.5495629929910534 0.5411823124927796 0.025736984396167627 0.017427823490243098
0 0.5495629929910534 0.5411823124927796 0.025736984396167627 0.017427823490243098
0 0.5490340485089773 0.5660771461337095 0.03190509724103805 0.016706654362803875
0 0.5490340485089773 0.5660771461337095 0.03190509724103805 0.016706654362803875
0 0.5517905563108935 0.5726877306974292 0.03215075870642714 0.021394154362803876
0 0.5517905563108935 0.5726877306974292 0.03215075870642714 0.021394154362803876
0 0.696308518205824 0.494277619705742 0.03675637155129756 0.02046265251722428
0 0.696308518205824 0.494277619705742 0.03675637155129756 0.02046265251722428
0 0.6020350542747286 0.19124249269369545 0.09085737336031982 0.07584113221585058
0 0.6020350542747286 0.19124249269369545 0.09085737336031982 0.07584113221585058
0 0.5970886047042698 0.1376066562843964 0.056318599050060314 0.06808881241676645
0 0.5970886047042698 0.1376066562843964 0.056318599050060314 0.06808881241676645