0 0.6125091449453477 0.5018390547249545 0.04571254350298624 0.01956222749876275
0 0.6125091449453477 0.5018390547249545 0.04571254350298624 0.01956222749876275
0 0.5997922458190282 0.5589145703287868 0.037827308320625086 0.016027791723114148
0 0.5997922458190282 0.5589145703287868 0.037827308320625086 0.016027791723114148
0 0.5441442707046533 0.6824063020114209 0.03161367591180557 0.017262743102595124
0 0.5441442707046533 0.6824063020114209 0.03161367591180557 0.017262743102595124
0 0.5479232341355214 0.6771422698992454 0.022129573138263935 0.012083920171816587
0 0.5479232341355214 0.6771422698992454 0.022129573138263935 0.012083920171816587
0 0.5843893706284033 0.7687875373120999 0.05879442496187508 0.0452173247398008
0 0.5843893706284033 0.7687875373120999 0.05879442496187508 0.0452173247398008
0 0.6378403725282645 0.7185285877416412 0.017442073138263937 0.01183825870642714
0 0.6378403725282645 0.7185285877416412 0.017442073138263937 0.01183825870642714
0 0.6530289614340978 0.7005974592929387 0.047529616641249994 0.03058161465389251
0 0.6530289614340978 0.7005974592929387 0.047529616641249994 0.03058161465389251
0 0.6460989756830557 0.3022827900256334 0.017514808320625085 0.014963258706427318