0 0.4835240945655956 0.8020597180919034 0.08319430800445424 0.042491893044034515
0 0.4835240945655956 0.8020597180919034 0.08319430800445424 0.042491893044034515
0 0.5089513559039135 0.7682630490108571 0.025109088001272716 0.012297080918953896
0 0.5089513559039135 0.7682630490108571 0.025109088001272716 0.012297080918953896
0 0.5528040899506841 0.42838886547543975 0.02200226933481808 0.01349432080408448
0 0.5528040899506841 0.42838886547543975 0.02200226933481808 0.01349432080408448
0 0.5381876066200022 0.4071226299298109 0.03143181333545435 0.01927760114869237
0 0.5381876066200022 0.4071226299298109 0.03143181333545435 0.01927760114869237
0 0.5141597606222292 0.3878856140395744 0.05992044000636341 0.05381494218251533
0 0.5141597606222292 0.3878856140395744 0.05992044000636341 0.05381494218251533
0 0.6048853052991834 0.32260559234206465 0.07692612667090906 0.04019887281429604
0 0.6048853052991834 0.32260559234206465 0.07692612667090906 0.04019887281429604
0 0.6250069012969562 0.3413860330887146 0.0549602200031817 0.02982955201021147
0 0.6250069012969562 0.3413860330887146 0.0549602200031817 0.02982955201021147
0 0.6582188432925019 0.3781250793235588 0.033012494668999894 0.0210227312061269
0 0.6582188432925019 0.3781250793235588 0.033012494668999894 0.0210227312061269
0 0.686080213956093 0.40406867035738186 0.07558180267345413 0.058766242756861334
0 0.686080213956093 0.40406867035738186 0.07558180267345413 0.058766242756861334
0 0.6899388212524128 0.6775467556158377 0.04400453866963616 0.02698864160816914
0 0.6899388212524128 0.6775467556158377 0.04400453866963616 0.02698864160816914
0 0.6493132739099587 0.740077189151255 0.018895450668363623 0.014691560689215422
0 0.6493132739099587 0.740077189151255 0.018895450668363623 0.014691560689215422
0 0.6396473725732316 0.7639814088066472 0.02207499466899989 0.019744320804084482
0 0.6396473725732316 0.7639814088066472 0.02207499466899989 0.019744320804084482
0 0.626057039902959 0.7889915533184532 0.018859088001272718 0.011566560689215421