0 0.5238485419843746 0.3701414406436564 0.03506598423243048 0.030887901451278843
0 0.5238485419843746 0.3701414406436564 0.03506598423243048 0.030887901451278843
0 0.5928888295034372 0.3936632753973795 0.02220230832062491 0.01482639183263199
0 0.5928888295034372 0.3936632753973795 0.02220230832062491 0.01482639183263199
0 0.42996602973218695 0.6413046233131284 0.02387391109416672 0.019568455534962937
0 0.42996602973218695 0.6413046233131284 0.02387391109416672 0.019568455534962937
0 0.40149488440558967 0.6887872585223385 0.019113675911805572 0.01627976442797028
0 0.40149488440558967 0.6887872585223385 0.019113675911805572 0.01627976442797028
0 0.47891398242947875 0.5538790343830542 0.017442073138263937 0.01153770072563951
0 0.47891398242947875 0.5538790343830542 0.017442073138263937 0.01153770072563951
0 0.47380825513090236 0.5716840932760616 0.014280705547083272 0.009866073320977619
0 0.47380825513090236 0.5716840932760616 0.014280705547083272 0.009866073320977619