0 0.2437334741078608 0.5151140993262677 0.015454581637205766 0.02853885548800239
0 0.2437334741078608 0.5151140993262677 0.015454581637205766 0.02853885548800239
0 0.2510137075995174 0.5263683245973801 0.016689533016686832 0.02250845054222488
0 0.2510137075995174 0.5263683245973801 0.016689533016686832 0.02250845054222488
0 0.2991303030315331 0.5693328663324997 0.033788501809022264 0.05282940108444976
0 0.2991303030315331 0.5693328663324997 0.033788501809022264 0.05282940108444976
0 0.29139636816039555 0.551718843534276 0.020633404567984216 0.03857264065066986
0 0.29139636816039555 0.551718843534276 0.020633404567984216 0.03857264065066986
0 0.6064504008383981 0.8021919123396646 0.024911468792335613 0.031418925813337495
0 0.6064504008383981 0.8021919123396646 0.024911468792335613 0.031418925813337495
0 0.5762273123037873 0.793222308782326 0.06832063206674714 0.09025339722312183
0 0.5762273123037873 0.793222308782326 0.06832063206674714 0.09025339722312183
0 0.5359298609243062 0.7812628373725413 0.023840291723114148 0.04057433075911483
0 0.5359298609243062 0.7812628373725413 0.023840291723114148 0.04057433075911483
0 0.547771441657001 0.78056605027921 0.019070904567984215 0.038353045596447366
0 0.547771441657001 0.78056605027921 0.019070904567984215 0.038353045596447366
0 0.23381848428462612 0.6742695042720452 0.06256195499752559 0.09875001700623187
0 0.23381848428462612 0.6742695042720452 0.06256195499752559 0.09875001700623187