0 0.20993156213766992 0.42123598107339866 0.06664510818516849 0.09460539434269818
0 0.20993156213766992 0.42123598107339866 0.06664510818516849 0.09460539434269818
0 0.4902088645632642 0.43128232986737414 0.03051641848667046 0.05091721589015456
0 0.4902088645632642 0.43128232986737414 0.03051641848667046 0.05091721589015456
0 0.5043989103208988 0.43153203910199817 0.04467451333591939 0.07239664101493304
0 0.5043989103208988 0.43153203910199817 0.04467451333591939 0.07239664101493304
0 0.5834008841081015 0.40605120861123617 0.02895391848667046 0.050771350249557125
0 0.5834008841081015 0.40605120861123617 0.02895391848667046 0.050771350249557125
0 0.6996480242559431 0.29679864018374913 0.021683552425594322 0.03768788768716789
0 0.6996480242559431 0.29679864018374913 0.021683552425594322 0.03768788768716789
0 0.7068865683465877 0.2890380619807625 0.0250636439408634 0.041104618968362504
0 0.7068865683465877 0.2890380619807625 0.0250636439408634 0.041104618968362504
0 0.21032991698885853 0.4936215108154893 0.05315669303247779 0.062334334858516985