0 0.34916567011658006 0.3573671089383349 0.039275987552445366 0.027158464914309823
0 0.34916567011658006 0.3573671089383349 0.039275987552445366 0.027158464914309823
0 0.38533904584152634 0.4097581341597891 0.03903918921211931 0.024033464914309733
0 0.38533904584152634 0.4097581341597891 0.03903918921211931 0.024033464914309733
0 0.27379420413525174 0.6041294115668702 0.041193685062934374 0.0320010051190728
0 0.27379420413525174 0.6041294115668702 0.041193685062934374 0.0320010051190728
0 0.33793921450821396 0.6301723501669124 0.05201278589277134 0.03152378655241304
0 0.33793921450821396 0.6301723501669124 0.05201278589277134 0.03152378655241304
0 0.33561877529609463 0.650407330064531 0.06354228174358649 0.04042156798575327
0 0.33561877529609463 0.650407330064531 0.06354228174358649 0.04042156798575327
0 0.2738291703170727 0.6348307218740146 0.030492983403260433 0.03404072368573239