0 0.5291616109929569 0.6536319974115493 0.06213790145127884 0.04042156798575327
0 0.5291616109929569 0.6536319974115493 0.06213790145127884 0.04042156798575327
0 0.565255367616379 0.6010023629067653 0.03988095553496294 0.027313505119072802
0 0.565255367616379 0.6010023629067653 0.03988095553496294 0.027313505119072802
0 0.5705157864908529 0.5841309922924766 0.033521828130301044 0.02356834430002106
0 0.5705157864908529 0.5841309922924766 0.033521828130301044 0.02356834430002106
0 0.675493496286985 0.3424872495971763 0.08526786660488846 0.0785296308524341
0 0.675493496286985 0.3424872495971763 0.08526786660488846 0.0785296308524341
0 0.652420584035933 0.31207787277100135 0.04316964664195542 0.032311085528598585
0 0.652420584035933 0.31207787277100135 0.04316964664195542 0.032311085528598585
0 0.6518501543616857 0.2615291830781457 0.04160714664195542 0.032156045323835605
0 0.6518501543616857 0.2615291830781457 0.04160714664195542 0.032156045323835605