0 0.21643316767139015 0.6260360128954687 0.02671832488222208 0.03968798460895986
0 0.21643316767139015 0.6260360128954687 0.02671832488222208 0.03968798460895986
0 0.23104247181842713 0.6184732221300928 0.038886134213055534 0.05477154409314107
0 0.23104247181842713 0.6184732221300928 0.038886134213055534 0.05477154409314107
0 0.25735069359037155 0.583472737521133 0.023046520735185094 0.03314625332776515
0 0.25735069359037155 0.583472737521133 0.023046520735185094 0.03314625332776515
0 0.2685615956638901 0.5793266780369517 0.03548773213953691 0.05135481281194636
0 0.2685615956638901 0.5793266780369517 0.03548773213953691 0.05135481281194636
0 0.2928288638071771 0.5499408090685893 0.03548773213953691 0.05135481281194636
0 0.2928288638071771 0.5499408090685893 0.03548773213953691 0.05135481281194636
0 0.30176436639907517 0.545232298045304 0.02134731969842587 0.03143788768716789
0 0.30176436639907517 0.545232298045304 0.02134731969842587 0.03143788768716789
0 0.32762352884018625 0.5242213806160455 0.021484020735185093 0.033000387687167884
0 0.32762352884018625 0.5242213806160455 0.021484020735185093 0.033000387687167884
0 0.570132240527362 0.4093727845264473 0.05132734561740726 0.07298010357732228
0 0.570132240527362 0.4093727845264473 0.05132734561740726 0.07298010357732228
0 0.6565775884538435 0.4044022414732959 0.012577912441111038 0.01977105948418121
0 0.6565775884538435 0.4044022414732959 0.012577912441111038 0.01977105948418121
0 0.6630326400089823 0.4014750289109067 0.014277113477870352 0.021479425124778472
0 0.6630326400089823 0.4014750289109067 0.014277113477870352 0.021479425124778472
0 0.6638323053248156 0.3037668571138933 0.023046520735185184 0.03314625332776515
0 0.6638323053248156 0.3037668571138933 0.023046520735185184 0.03314625332776515
0 0.5648384392550471 0.3370292768309272 0.019648118661666557 0.029729522046570533
0 0.5648384392550471 0.3370292768309272 0.019648118661666557 0.029729522046570533
0 0.294068026531112 0.4560659544512772 0.024609020735185182 0.033292118968362414
0 0.294068026531112 0.4560659544512772 0.024609020735185182 0.033292118968362414
0 0.20525024283643623 0.5147239490435325 0.030526830066018463 0.04779221589015457
0 0.20525024283643623 0.5147239490435325 0.030526830066018463 0.04779221589015457
0 0.3110600368987046 0.43898229804530403 0.01583961347787035 0.021625290765375914
0 0.3110600368987046 0.43898229804530403 0.01583961347787035 0.021625290765375914