0 0.351187261476841 0.5033174800500589 0.020858803218308707 0.009232888367602499
0 0.351187261476841 0.5033174800500589 0.020858803218308707 0.009232888367602499
0 0.3531868040514879 0.4969582194063971 0.024202324505632155 0.012576409654926124
0 0.3531868040514879 0.4969582194063971 0.024202324505632155 0.012576409654926124
0 0.41699184998032945 0.28492275913105247 0.025983345792955602 0.015810670298587758
0 0.41699184998032945 0.28492275913105247 0.025983345792955602 0.015810670298587758
0 0.4093050361183591 0.2947894320275303 0.024202324505632155 0.012576409654926035
0 0.4093050361183591 0.2947894320275303 0.024202324505632155 0.012576409654926035
0 0.3117744722563887 0.31093859193455786 0.03143567029858776 0.02707595222957293
0 0.3117744722563887 0.31093859193455786 0.03143567029858776 0.02707595222957293
0 0.2966193658197714 0.3275469377275134 0.025983345792955602 0.015810670298587758
0 0.2966193658197714 0.3275469377275134 0.025983345792955602 0.015810670298587758
0 0.3160370932719402 0.6946908790613231 0.05865373416055819 0.03830838317182241