0 0.25338250925618216 0.3585006539624563 0.024538925046142523 0.017460220003181703
0 0.25338250925618216 0.3585006539624563 0.024538925046142523 0.017460220003181703
0 0.25093743214285635 0.29919837929663806 0.022776165946843906 0.014317038669636161
0 0.25093743214285635 0.29919837929663806 0.022776165946843906 0.014317038669636161
0 0.2646215954688066 0.4145779312937746 0.024438795496493172 0.015897720003181702
0 0.2646215954688066 0.4145779312937746 0.024438795496493172 0.015897720003181702
0 0.39627929904946274 0.7721529792727755 0.061116775138427656 0.05223520934118149
0 0.39627929904946274 0.7721529792727755 0.061116775138427656 0.05223520934118149
0 0.4151399205795476 0.7945728719366848 0.030989184145441228 0.020657945337363516
0 0.4151399205795476 0.7945728719366848 0.030989184145441228 0.020657945337363516
0 0.4495952637320023 0.8051012919319123 0.05064035009228505 0.03493862133990895