0 0.3229507685789586 0.6326281803048862 0.0911704400063634 0.05056768577927464
0 0.3229507685789586 0.6326281803048862 0.0911704400063634 0.05056768577927464
0 0.36361432061586596 0.3592251723962208 0.04551249466899989 0.01903384288963732
0 0.36361432061586596 0.3592251723962208 0.04551249466899989 0.01903384288963732
0 0.41737621463241065 0.2352173280237087 0.07376476400381797 0.03111734882113639
0 0.41737621463241065 0.2352173280237087 0.07376476400381797 0.03111734882113639
0 0.4187569012969562 0.2507786610275143 0.0533613573360908 0.022477177870609388
0 0.4187569012969562 0.2507786610275143 0.0533613573360908 0.022477177870609388
0 0.3080103052991834 0.2388927677573161 0.023564769334818082 0.01189250494291585
0 0.3080103052991834 0.2388927677573161 0.023564769334818082 0.01189250494291585
0 0.2880245219605473 0.278751105209746 0.014135225334181812 0.006823002965749581
0 0.2880245219605473 0.278751105209746 0.014135225334181812 0.006823002965749581
0 0.21286724391314035 0.6308667035365907 0.054978401336727156 0.027228344866803766