0 0.4908680143431523 0.31500480600305913 0.022311509618646853 0.012881829545304768
0 0.4908680143431523 0.31500480600305913 0.022311509618646853 0.012881829545304768
0 0.4966368647059719 0.3065065133893853 0.025381945916316085 0.011373876623205437
0 0.4966368647059719 0.3065065133893853 0.025381945916316085 0.011373876623205437
0 0.4014806213293939 0.2555968039744642 0.04591270072563951 0.017978432629559827
0 0.4014806213293939 0.2555968039744642 0.04591270072563951 0.017978432629559827
0 0.3688665287711225 0.2941138331954575 0.02560020072563942 0.017623876623205435
0 0.3688665287711225 0.2941138331954575 0.02560020072563942 0.017623876623205435
0 0.28623255572814654 0.623341637173217 0.033521828130301135 0.02088524431795715
0 0.28623255572814654 0.623341637173217 0.033521828130301135 0.02088524431795715
0 0.26859862242570226 0.6582115150142384 0.06079365626060227 0.04166139448011279
0 0.26859862242570226 0.6582115150142384 0.06079365626060227 0.04166139448011279