0 0.4005555230442314 0.5825864324047066 0.022680483403260433 0.03314625332776515
0 0.4005555230442314 0.5825864324047066 0.022680483403260433 0.03314625332776515
0 0.4203352267784979 0.5736589290769415 0.010795790041956365 0.019625193843583945
0 0.4203352267784979 0.5736589290769415 0.010795790041956365 0.019625193843583945
0 0.6515465701351577 0.3750497063234607 0.021354781743586494 0.03612538768716789
0 0.6515465701351577 0.3750497063234607 0.021354781743586494 0.03612538768716789
0 0.6413903201351576 0.3759978329873433 0.017756185062934547 0.02958365640597318
0 0.6413903201351576 0.3759978329873433 0.017756185062934547 0.02958365640597318
0 0.3986126695151021 0.4946488354829147 0.021117983403260522 0.033000387687167884
0 0.3986126695151021 0.4946488354829147 0.021117983403260522 0.033000387687167884
0 0.42554202241953154 0.48662743677246156 0.015364890871793335 0.018500290765375915
0 0.42554202241953154 0.48662743677246156 0.015364890871793335 0.018500290765375915