0 0.6126151005648625 0.5908772522889281 0.03234360829407414 0.01652169756795683
0 0.6126151005648625 0.5908772522889281 0.03234360829407414 0.01652169756795683
0 0.6193927808664366 0.6193582430185411 0.03050770622055552 0.013195612689558978
0 0.6193927808664366 0.6193582430185411 0.03050770622055552 0.013195612689558978
0 0.6153218525911127 0.7365226535049498 0.0468162114043519 0.023018961473537304
0 0.6153218525911127 0.7365226535049498 0.0468162114043519 0.023018961473537304
0 0.6059270202160201 0.7114682900929334 0.02365211347787035 0.023127688297569903
0 0.6059270202160201 0.7114682900929334 0.02365211347787035 0.023127688297569903
0 0.7134955124403256 0.7092116410442835 0.035468608294073965 0.01692386732475253
0 0.7134955124403256 0.7092116410442835 0.035468608294073965 0.01692386732475253
0 0.704316002072733 0.7258420654362727 0.03675770622055552 0.013999952203150378