0 0.40421264209797114 0.7650822995623596 0.029427390871793337 0.018825594710093263
0 0.40421264209797114 0.7650822995623596 0.029427390871793337 0.018825594710093263
0 0.4374754279907426 0.7403399047957965 0.029308991701630305 0.017263094710093442
0 0.4374754279907426 0.7403399047957965 0.029308991701630305 0.017263094710093442
0 0.4458207242564762 0.7337636811041557 0.021496491701630305 0.016808068401734034
0 0.4458207242564762 0.7337636811041557 0.021496491701630305 0.016808068401734034
0 0.4726326006061224 0.6905975100292335 0.04251938672260831 0.027366136803468066
0 0.4726326006061224 0.6905975100292335 0.04251938672260831 0.027366136803468066
0 0.5960872916923414 0.3972485994070678 0.06690408008391255 0.04123121572854575
0 0.5960872916923414 0.3972485994070678 0.06690408008391255 0.04123121572854575
0 0.6958155271701945 0.37559267826155834 0.021378092531467274 0.015245568401734032
0 0.6958155271701945 0.37559267826155834 0.021378092531467274 0.015245568401734032
0 0.7017219850536456 0.39084595193908167 0.06197978174358667 0.03783319994353027
0 0.7017219850536456 0.39084595193908167 0.06197978174358667 0.03783319994353027
0 0.6868773124382658 0.44177141510737866 0.032789189212119395 0.02213260523343692
0 0.6868773124382658 0.44177141510737866 0.032789189212119395 0.02213260523343692
0 0.6898130582890809 0.43409542299988646 0.022703794191141213 0.012211573663405773
0 0.6898130582890809 0.43409542299988646 0.022703794191141213 0.012211573663405773
0 0.5905062622238401 0.71943441254713 0.04358497925407558 0.04142863680346807
0 0.5905062622238401 0.71943441254713 0.04358497925407558 0.04142863680346807
0 0.5732712180326989 0.7294163572995755 0.036032588382282425 0.023877115756780753
0 0.5732712180326989 0.7294163572995755 0.036032588382282425 0.023877115756780753
0 0.5497502850443569 0.7602190362670056 0.06065408008391256 0.04086719468185844
0 0.5497502850443569 0.7602190362670056 0.06065408008391256 0.04086719468185844
0 0.4927656566201183 0.7977043547393268 0.036032588382282425 0.023877115756780577