0 0.3677020441641308 0.25309590318309294 0.06749313861970414 0.10195297600746737
0 0.3677020441641308 0.25309590318309294 0.06749313861970414 0.10195297600746737
0 0.6208491874754118 0.30724317197182155 0.028168558666190436 0.04867782349024301
0 0.6208491874754118 0.30724317197182155 0.028168558666190436 0.04867782349024301
0 0.7250343069014795 0.3667386317020084 0.04576025025210164 0.07890615067164486
0 0.7250343069014795 0.3667386317020084 0.04576025025210164 0.07890615067164486
0 0.7102451872233104 0.36795554252434015 0.033402361884498966 0.05712132164466359
0 0.7102451872233104 0.36795554252434015 0.033402361884498966 0.05712132164466359
0 0.7543936609923083 0.2567627236480457 0.015810670298587758 0.026892994463261655
0 0.7543936609923083 0.2567627236480457 0.015810670298587758 0.026892994463261655
0 0.7218760919345579 0.2348275434471298 0.010358345792955604 0.015324496308841163
0 0.7218760919345579 0.2348275434471298 0.010358345792955604 0.015324496308841163
0 0.40253014825495964 0.1423838306156396 0.03830838317182241 0.06087731979908417