0 0.45543848578994994 0.8193204959084668 0.04577615016215582 0.02814484736759475
0 0.45543848578994994 0.8193204959084668 0.04577615016215582 0.02814484736759475
0 0.4439146047025176 0.7853447999921508 0.025218188311602673 0.013373019237293704
0 0.4439146047025176 0.7853447999921508 0.025218188311602673 0.013373019237293704
0 0.436573663144504 0.7226265451828274 0.0362920560063543 0.02156746515360979
0 0.436573663144504 0.7226265451828274 0.0362920560063543 0.02156746515360979
0 0.4266804659044475 0.6926116629688422 0.05994774431795715 0.03488592068857237
0 0.4266804659044475 0.6926116629688422 0.05994774431795715 0.03488592068857237
0 0.42120203327488764 0.6471354718618496 0.029932961850553143 0.015099210344286362
0 0.42120203327488764 0.6471354718618496 0.029932961850553143 0.015099210344286362
0 0.4481503169601078 0.6254340866526397 0.03618296185055314 0.015317465153609789
0 0.4481503169601078 0.6254340866526397 0.03618296185055314 0.015317465153609789
0 0.44639335348799686 0.34585571405730137 0.06485343262956 0.04754961179556503
0 0.44639335348799686 0.34585571405730137 0.06485343262956 0.04754961179556503
0 0.47942799593951496 0.3149975836574147 0.028315914772652384 0.011919646641955417
0 0.47942799593951496 0.3149975836574147 0.028315914772652384 0.011919646641955417
0 0.4707291059236288 0.2639435151457604 0.028425008928453722 0.018169646641955417
0 0.4707291059236288 0.2639435151457604 0.028425008928453722 0.018169646641955417
0 0.4695796631477993 0.24282248329459505 0.05849433847375849 0.0410813569862416
0 0.4695796631477993 0.24282248329459505 0.05849433847375849 0.0410813569862416
0 0.4653967236183806 0.27156504218760247 0.028315914772652384 0.011919646641955417
0 0.4653967236183806 0.27156504218760247 0.028315914772652384 0.011919646641955417
0 0.38507797808260746 0.2773487615175634 0.026753414772652383 0.011865082939624561
0 0.38507797808260746 0.2773487615175634 0.026753414772652383 0.011865082939624561
0 0.3995262617678275 0.2552108666897065 0.018913641233702094 0.010029764427970277
0 0.3995262617678275 0.2552108666897065 0.018913641233702094 0.010029764427970277
0 0.37154731209213904 0.3073264381965857 0.05865797970746058 0.0504563569862416
0 0.37154731209213904 0.3073264381965857 0.05865797970746058 0.0504563569862416
0 0.38210298254683434 0.28583338411290166 0.014226141233702005 0.00986607332097771
0 0.38210298254683434 0.28583338411290166 0.014226141233702005 0.00986607332097771
0 0.3392763287312306 0.3819345685964723 0.05194432954530477 0.023675602176918265
0 0.3392763287312306 0.3819345685964723 0.05194432954530477 0.023675602176918265
0 0.35283031412073396 0.3980233600662846 0.026807961850553053 0.014990082939624472
0 0.35283031412073396 0.3980233600662846 0.026807961850553053 0.014990082939624472
0 0.34652931574229173 0.6632664141499686 0.022093188311602674 0.013263891832631991
0 0.34652931574229173 0.6632664141499686 0.022093188311602674 0.013263891832631991
0 0.35351570129395093 0.705672168959292 0.031495461850553054 0.01515377404661713
0 0.35351570129395093 0.705672168959292 0.031495461850553054 0.01515377404661713
0 0.35997025283607853 0.7176091737686153 0.026780688311602675 0.013427582939624472
0 0.35997025283607853 0.7176091737686153 0.026780688311602675 0.013427582939624472
0 0.36192821915085843 0.7403199874709463 0.02384660308425506 0.024255955534962938
0 0.36192821915085843 0.7403199874709463 0.02384660308425506 0.024255955534962938
0 0.3662708457740639 0.7654563967267733 0.03459318831160267 0.013700401451278843
0 0.3662708457740639 0.7654563967267733 0.03459318831160267 0.013700401451278843
0 0.3783714253193686 0.7877406244942549 0.05698638555165925 0.044151793283910834