0 0.7577623816922057 0.6297935906740502 0.026275457576345397 0.01737317029858776
0 0.7577623816922057 0.6297935906740502 0.026275457576345397 0.01737317029858776
0 0.6811850666795978 0.2980790509493948 0.053603232122152636 0.02860560124083724
0 0.6811850666795978 0.2980790509493948 0.053603232122152636 0.02860560124083724
0 0.6863985962263748 0.33307140998390217 0.019642820303441687 0.012248627723940864
0 0.6863985962263748 0.33307140998390217 0.019642820303441687 0.012248627723940864
0 0.6152573066776581 0.2508323463740333 0.026530549091614473 0.02049817029858776
0 0.6152573066776581 0.2508323463740333 0.026530549091614473 0.02049817029858776
0 0.6054833071367001 0.371729354419805 0.03459814060688356 0.024169473516896467
0 0.6054833071367001 0.371729354419805 0.03459814060688356 0.024169473516896467
0 0.6453747256233706 0.4176538596155851 0.06543355242559415 0.04030792574646931
0 0.6453747256233706 0.4176538596155851 0.06543355242559415 0.04030792574646931
0 0.6938597651720875 0.5014772025585491 0.03434304909161447 0.021044473516896468
0 0.6938597651720875 0.5014772025585491 0.03434304909161447 0.021044473516896468
0 0.701098180324778 0.532399420627564 0.03290809484924893 0.02249771287323483