0 0.45785333396874944 0.6476967775685948 0.03949891109416672 0.023315751435865194
0 0.45785333396874944 0.6476967775685948 0.03949891109416672 0.023315751435865194
0 0.6600951665094094 0.2602069004467027 0.01740570554708327 0.011383930631780715
0 0.6600951665094094 0.2602069004467027 0.01740570554708327 0.011383930631780715
0 0.6656535290665969 0.32266631518824695 0.04425914627652787 0.02698864160816914
0 0.6656535290665969 0.32266631518824695 0.04425914627652787 0.02698864160816914
0 0.6074909644777078 0.5787844221123064 0.04113414627652787 0.026623381493299902
0 0.6074909644777078 0.5787844221123064 0.04113414627652787 0.026623381493299902
0 0.5922835385659022 0.5961444076579353 0.03473867591180557 0.019642861263561427
0 0.5922835385659022 0.5961444076579353 0.03473867591180557 0.019642861263561427
0 0.6124148538203814 0.5680802819400027 0.04582164627652787 0.027171271665603847
0 0.6124148538203814 0.5680802819400027 0.04582164627652787 0.027171271665603847
0 0.5786197756481244 0.6476054481174123 0.03960801386770836 0.028003251435865194
0 0.5786197756481244 0.6476054481174123 0.03960801386770836 0.028003251435865194