0 0.557840812838933 0.3123342891435777 0.03293067466803503 0.022606973516896466
0 0.557840812838933 0.3123342891435777 0.03293067466803503 0.022606973516896466
0 0.5728254634046672 0.33759101525836416 0.05637726502711473 0.0258083831718225
0 0.5728254634046672 0.33759101525836416 0.05637726502711473 0.0258083831718225
0 0.6248697524358869 0.4240091164992014 0.06432612041330898 0.049792186390131124
0 0.6248697524358869 0.4240091164992014 0.06432612041330898 0.049792186390131124
0 0.5787941831540462 0.4239109275111802 0.061073855386194253 0.027698665102807673
0 0.5787941831540462 0.4239109275111802 0.061073855386194253 0.027698665102807673
0 0.6178844751121322 0.5656503132808928 0.04540340359079611 0.018793558666190258
0 0.6178844751121322 0.5656503132808928 0.04540340359079611 0.018793558666190258
0 0.5847361527070334 0.6398637094421653 0.07360112646343317 0.03326025025210164
0 0.5847361527070334 0.6398637094421653 0.07360112646343317 0.03326025025210164
0 0.6902139930661131 0.6488013028893326 0.0657977168225127 0.034276447033792935
0 0.6902139930661131 0.6488013028893326 0.0657977168225127 0.034276447033792935