0 0.4405853532781844 0.3829121607880207 0.034574994668999895 0.018989017412854546
0 0.4405853532781844 0.3829121607880207 0.034574994668999895 0.018989017412854546
0 0.4336813726130025 0.37234315298610465 0.039226132001908984 0.016109678878243727
0 0.4336813726130025 0.37234315298610465 0.039226132001908984 0.016109678878243727
0 0.46304160860918453 0.39891229703863934 0.04709317600254544 0.021206614653892508
0 0.46304160860918453 0.39891229703863934 0.04709317600254544 0.021206614653892508
0 0.5122598112667303 0.46347940807448723 0.04394999466899989 0.019480340343632996
0 0.5122598112667303 0.46347940807448723 0.04394999466899989 0.019480340343632996
0 0.5119689099300032 0.4884794080744873 0.04240567600254543 0.020960953188503238
0 0.5119689099300032 0.4884794080744873 0.04240567600254543 0.020960953188503238
0 0.4937076165659137 0.7158607796257848 0.0864465773392725 0.048253793532136414
0 0.4937076165659137 0.7158607796257848 0.0864465773392725 0.048253793532136414
0 0.5568643339433662 0.3877490677308542 0.032976132001908985 0.01578213025772479
0 0.5568643339433662 0.3877490677308542 0.032976132001908985 0.01578213025772479