0 0.3335958335233885 0.5413453520448617 0.03321247579950324 0.06913180800445425
0 0.3335958335233885 0.5413453520448617 0.03321247579950324 0.06913180800445425
0 0.3670032311622563 0.5097050007160886 0.030032933645025482 0.059720445337363516
0 0.3670032311622563 0.5097050007160886 0.030032933645025482 0.059720445337363516
0 0.39975664382823883 0.499930558720543 0.020630662567786652 0.0549238573360908
0 0.39975664382823883 0.499930558720543 0.020630662567786652 0.0549238573360908
0 0.6742066771039219 0.40859922342454125 0.007939765027114732 0.021965906667727176
0 0.6742066771039219 0.40859922342454125 0.007939765027114732 0.021965906667727176
0 0.6209044151018694 0.3775123080839961 0.009556807181592398 0.03135908800127272
0 0.6209044151018694 0.3775123080839961 0.009556807181592398 0.03135908800127272
0 0.5874242945903646 0.3966526594127691 0.008112481849627429 0.05165340666772718
0 0.5874242945903646 0.3966526594127691 0.008112481849627429 0.05165340666772718
0 0.38432202048806363 0.3981953360518612 0.009656801131468207 0.04854658800127272
0 0.38432202048806363 0.3981953360518612 0.009656801131468207 0.04854658800127272
0 0.42392085167376115 0.4908373693904974 0.008030668617910842 0.03759090666772717