0 0.399179509347277 0.4040123103142658 0.0067235966806521216 0.007091330872560775
0 0.399179509347277 0.4040123103142658 0.0067235966806521216 0.007091330872560775
0 0.4176335114218694 0.3975820676965836 0.009966995850815152 0.009074496308841162
0 0.4176335114218694 0.3975820676965836 0.009966995850815152 0.009074496308841162
0 0.4010011958601039 0.334315813082635 0.015483290041956366 0.020642994463261743
0 0.4010011958601039 0.334315813082635 0.015483290041956366 0.020642994463261743
0 0.4687816143262989 0.38517233799795736 0.015601689212119397 0.022205494463261744
0 0.4687816143262989 0.38517233799795736 0.015601689212119397 0.022205494463261744
0 0.6677043664008913 0.35444866643508327 0.025568685062934547 0.03127999077210282
0 0.6677043664008913 0.35444866643508327 0.025568685062934547 0.03127999077210282
0 0.6847026122517064 0.3600526728946113 0.01595688672260831 0.026892994463261745
0 0.6847026122517064 0.3600526728946113 0.01595688672260831 0.026892994463261745
0 0.7066368118367878 0.35788926484064865 0.026302390871793334 0.02055282349024301
0 0.7066368118367878 0.35788926484064865 0.026302390871793334 0.02055282349024301
0 0.6934963491794518 0.28862842843134956 0.030397895020978182 0.013371321644663592
0 0.6934963491794518 0.28862842843134956 0.030397895020978182 0.013371321644663592
0 0.6460293533286366 0.28712590997555526 0.019697193361304245 0.015023992617682325