0 0.42865627148518437 0.7420357202210985 0.08157090456798421 0.03964900496239885
0 0.42865627148518437 0.7420357202210985 0.08157090456798421 0.03964900496239885
0 0.4186195301916117 0.7243387979713575 0.05920458163720586 0.029255160462916763
0 0.4186195301916117 0.7243387979713575 0.05920458163720586 0.029255160462916763
0 0.445629087518558 0.7021020789886041 0.05114642017181659 0.024203787427387446
0 0.445629087518558 0.7021020789886041 0.05114642017181659 0.024203787427387446
0 0.6293887703535306 0.348842300038272 0.02565509724103805 0.013664393713693723
0 0.6293887703535306 0.348842300038272 0.02565509724103805 0.013664393713693723
0 0.6185497676399971 0.4211710643062957 0.03987472749876275 0.04705909057054054
0 0.6185497676399971 0.4211710643062957 0.03987472749876275 0.04705909057054054
0 0.6465176373822723 0.455366281841307 0.044814533016686656 0.022350188998963995