0 0.41847767005095343 0.3437202951828274 0.028288641233702096 0.010357146641955417
0 0.41847767005095343 0.3437202951828274 0.028288641233702096 0.010357146641955417
0 0.4231286193229001 0.7042584910991433 0.023601141233702095 0.010193455534962936
0 0.4231286193229001 0.7042584910991433 0.023601141233702095 0.010193455534962936
0 0.48808541761861673 0.7448314165970393 0.034538641233702094 0.010575401451278842
0 0.48808541761861673 0.7448314165970393 0.034538641233702094 0.010575401451278842
0 0.40934676299223405 0.7772594814804965 0.0631272913958579 0.03812004809323426
0 0.40934676299223405 0.7772594814804965 0.0631272913958579 0.03812004809323426
0 0.32866159903036063 0.6524926052569612 0.026807961850553053 0.014990082939624472
0 0.32866159903036063 0.6524926052569612 0.026807961850553053 0.014990082939624472
0 0.3197502491925164 0.625602723042976 0.023601141233702095 0.010193455534962936
0 0.3197502491925164 0.625602723042976 0.023601141233702095 0.010193455534962936
0 0.31436331980936744 0.620724250084818 0.021956820616851048 0.005451391832631991
0 0.31436331980936744 0.620724250084818 0.021956820616851048 0.005451391832631991
0 0.31227253449929426 0.38222474527549455 0.06935001785690745 0.036775802902557685
0 0.31227253449929426 0.38222474527549455 0.06935001785690745 0.036775802902557685
0 0.3380089200509534 0.3409102645127883 0.029851141233702094 0.010411710344286274
0 0.3380089200509534 0.3409102645127883 0.029851141233702094 0.010411710344286274