0 0.4430046758190809 0.7220631919956851 0.04001750494291585 0.025484678878243728
0 0.4430046758190809 0.7220631919956851 0.04001750494291585 0.025484678878243728
0 0.40755394855649385 0.6163388144514939 0.031950336958138335 0.018825243102595125
0 0.40755394855649385 0.6163388144514939 0.031950336958138335 0.018825243102595125
0 0.33141850737719275 0.34201824513876 0.032014003954332716 0.020387743102595036
0 0.33141850737719275 0.34201824513876 0.032014003954332716 0.020387743102595036
0 0.23862882950658343 0.3998927001362856 0.030451503954332715 0.020305855947465368
0 0.23862882950658343 0.3998927001362856 0.030451503954332715 0.020305855947465368
0 0.26324948612265453 0.4461568684990798 0.028825336958138336 0.01866146879233561
0 0.26324948612265453 0.4461568684990798 0.028825336958138336 0.01866146879233561
0 0.31426952216875936 0.6672229630265843 0.07528384288963733 0.049161196291098365
0 0.31426952216875936 0.6672229630265843 0.07528384288963733 0.049161196291098365
0 0.3216535992410659 0.6964600836733708 0.06565417490485981 0.042419873360319826
0 0.3216535992410659 0.6964600836733708 0.06565417490485981 0.042419873360319826
0 0.3359561797734136 0.7089634056996381 0.04495967292769336 0.03198034034363317
0 0.3359561797734136 0.7089634056996381 0.04495967292769336 0.03198034034363317