0 0.7093651425504222 0.40483983839508786 0.025347229581580068 0.05687548460895986
0 0.7093651425504222 0.40483983839508786 0.025347229581580068 0.05687548460895986
0 0.6509722891923776 0.43850773273778615 0.010248019237293704 0.025875193843583943
0 0.6509722891923776 0.43850773273778615 0.010248019237293704 0.025875193843583943
0 0.6445858799365505 0.4351849453001755 0.008630955534962936 0.024166828202986677
0 0.6445858799365505 0.4351849453001755 0.008630955534962936 0.024166828202986677
0 0.7045908517135822 0.5150170994183731 0.008521828130301046 0.021041828202986678
0 0.7045908517135822 0.5150170994183731 0.008521828130301046 0.021041828202986678
0 0.6939534520764018 0.5246319089025544 0.015481156260602268 0.04193779076537574
0 0.6939534520764018 0.5246319089025544 0.015481156260602268 0.04193779076537574
0 0.6566444250345598 0.5336014342768902 0.018660719962933215 0.04379202204657062
0 0.6566444250345598 0.5336014342768902 0.018660719962933215 0.04379202204657062
0 0.6448438294810634 0.5323516765813701 0.010138891832631992 0.022750193843583944
0 0.6448438294810634 0.5323516765813701 0.010138891832631992 0.022750193843583944
0 0.6214608931833944 0.5361021611903298 0.007013891832631991 0.022458462562389238
0 0.6214608931833944 0.5361021611903298 0.007013891832631991 0.022458462562389238
0 0.38333341060658954 0.5403049885611229 0.007013891832631991 0.022458462562389415
0 0.38333341060658954 0.5403049885611229 0.007013891832631991 0.022458462562389415
0 0.35725206024376976 0.5341180216309785 0.010302582939624471 0.027437693843583945
0 0.35725206024376976 0.5341180216309785 0.010302582939624471 0.027437693843583945
0 0.3415997783926044 0.5347954280369518 0.02501984736759475 0.047500484608959684
0 0.3415997783926044 0.5347954280369518 0.02501984736759475 0.047500484608959684
0 0.30994055062512293 0.5259939908488982 0.013645837748947898 0.03397942512477865
0 0.30994055062512293 0.5259939908488982 0.013645837748947898 0.03397942512477865
0 0.2939881684111378 0.5180776472548715 0.023621038474587408 0.052042118968362416
0 0.2939881684111378 0.5180776472548715 0.023621038474587408 0.052042118968362416
0 0.29548369182478273 0.4262338003330795 0.010248019237293704 0.025875193843583943
0 0.29548369182478273 0.4262338003330795 0.010248019237293704 0.025875193843583943
0 0.3033507555271136 0.4270669721300928 0.007013891832631991 0.022458462562389415
0 0.3033507555271136 0.4270669721300928 0.007013891832631991 0.022458462562389415
0 0.3414236744015876 0.43997244675575714 0.011974210344286185 0.03070855948418121
0 0.3414236744015876 0.43997244675575714 0.011974210344286185 0.03070855948418121
0 0.3495089929132419 0.44705561855277054 0.007068455534962848 0.024020962562389413
0 0.3495089929132419 0.44705561855277054 0.007068455534962848 0.024020962562389413