0 0.4491665761465666 0.6974271144267499 0.06202877404661713 0.034443599050060315
0 0.4491665761465666 0.6974271144267499 0.06202877404661713 0.034443599050060315
0 0.46304802687220603 0.6809356552453528 0.04424107332097762 0.016355340343632997
0 0.46304802687220603 0.6809356552453528 0.04424107332097762 0.016355340343632997
0 0.575548026872206 0.686831530414695 0.02845238221398514 0.01084896879233561
0 0.575548026872206 0.686831530414695 0.02845238221398514 0.01084896879233561
0 0.5936085461094998 0.6627322891211221 0.03497520072563951 0.018989017412854636
0 0.5936085461094998 0.6627322891211221 0.03497520072563951 0.018989017412854636
0 0.6228124403892024 0.4764196528705037 0.025327382213985138 0.0106851944820761
0 0.6228124403892024 0.4764196528705037 0.025327382213985138 0.0106851944820761
0 0.611966709626496 0.45080549920703045 0.025381945916316085 0.0122476944820761
0 0.611966709626496 0.45080549920703045 0.025381945916316085 0.0122476944820761
0 0.6052082781381504 0.4426245070089466 0.03486607332097762 0.015864017412854637
0 0.6052082781381504 0.4426245070089466 0.03486607332097762 0.015864017412854637
0 0.6129761381196169 0.4218992492070305 0.031795637023308565 0.017262743102595124
0 0.6129761381196169 0.4218992492070305 0.031795637023308565 0.017262743102595124
0 0.6070907258685649 0.3887182570089466 0.0957688569862416 0.06272572930778511
0 0.6070907258685649 0.3887182570089466 0.0957688569862416 0.06272572930778511
0 0.47077376915247565 0.3252212437799636 0.025436509618646852 0.01381019448207601
0 0.47077376915247565 0.3252212437799636 0.025436509618646852 0.01381019448207601
0 0.4631249602594682 0.3201243080043148 0.023710318511654192 0.009040807326946343
0 0.4631249602594682 0.3201243080043148 0.023710318511654192 0.009040807326946343
0 0.49254707623138466 0.3741058011069099 0.03152281851165419 0.009450243102595035
0 0.49254707623138466 0.3741058011069099 0.03152281851165419 0.009450243102595035
0 0.4962077895708957 0.3813417689947342 0.028506945916316084 0.012411468792335522
0 0.4962077895708957 0.3813417689947342 0.028506945916316084 0.012411468792335522
0 0.5129488562684514 0.4174397212787264 0.04747520072563951 0.019644114653892687
0 0.5129488562684514 0.4174397212787264 0.04747520072563951 0.019644114653892687
0 0.511376432584654 0.44005502770116145 0.026999009618646853 0.013892081637205678
0 0.511376432584654 0.44005502770116145 0.026999009618646853 0.013892081637205678
0 0.5343848574495779 0.49839647218323757 0.04267857332097762 0.01627345318850324
0 0.5343848574495779 0.49839647218323757 0.04267857332097762 0.01627345318850324
0 0.524937935579879 0.47755170567489424 0.02220238221398514 0.010521420171816587
0 0.524937935579879 0.47755170567489424 0.02220238221398514 0.010521420171816587
0 0.547628901914615 0.5225709565794052 0.06860615626060226 0.04414614767057934
0 0.547628901914615 0.5225709565794052 0.06860615626060226 0.04414614767057934
0 0.534573341207509 0.5602380529159322 0.052926592558271326 0.041764776119281775
0 0.534573341207509 0.5602380529159322 0.052926592558271326 0.041764776119281775
0 0.511743476416719 0.5864353827441157 0.047857146641955416 0.030581614653892687
0 0.511743476416719 0.5864353827441157 0.047857146641955416 0.030581614653892687