0 0.31845545311666135 0.5955373560728938 0.032170512851581276 0.06370894717134909
0 0.31845545311666135 0.5955373560728938 0.032170512851581276 0.06370894717134909
0 0.37207254304054915 0.631673855032904 0.02346667490485981 0.041104618968362414
0 0.37207254304054915 0.631673855032904 0.02346667490485981 0.041104618968362414
0 0.3886061270329379 0.636330444259176 0.020087006920082206 0.034562887687167886
0 0.3886061270329379 0.636330444259176 0.020087006920082206 0.034562887687167886
0 0.6301980608350463 0.7398249544502674 0.07049818380210837 0.08752222254568487
0 0.6301980608350463 0.7398249544502674 0.07049818380210837 0.08752222254568487
0 0.6603657218997416 0.7161797672622139 0.026719008897248563 0.044521350249557126
0 0.6603657218997416 0.7161797672622139 0.026719008897248563 0.044521350249557126
0 0.7101110539149641 0.7145974677613282 0.028217841901054187 0.04310471589015456
0 0.7101110539149641 0.7145974677613282 0.028217841901054187 0.04310471589015456