0 0.5605763950489117 0.3585051345531379 0.052275131541796326 0.04168288896415202
0 0.5605763950489117 0.3585051345531379 0.052275131541796326 0.04168288896415202
0 0.40436783752345723 0.7397850327895441 0.04529708944842135 0.028855340343632997
0 0.40436783752345723 0.7397850327895441 0.04529708944842135 0.028855340343632997
0 0.4045575533225902 0.749982226367109 0.03059755261671846 0.01718085594746519
0 0.4045575533225902 0.749982226367109 0.03059755261671846 0.01718085594746519
0 0.5627942585277923 0.6971515547249545 0.05494510523343692 0.034034163274411534
0 0.5627942585277923 0.6971515547249545 0.05494510523343692 0.034034163274411534
0 0.6024104953736127 0.7031459271807632 0.048331084186749605 0.027456614653892507
0 0.6024104953736127 0.7031459271807632 0.048331084186749605 0.027456614653892507
0 0.7001184952324383 0.5593759950231589 0.02903505261671846 0.017098968792335613
0 0.7001184952324383 0.5593759950231589 0.02903505261671846 0.017098968792335613
0 0.7030915767883521 0.5352391321782888 0.02581904735504672 0.015372694482076099
0 0.7030915767883521 0.5352391321782888 0.02581904735504672 0.015372694482076099