0 0.5940248888696067 0.6157042901190499 0.05283657366340595 0.023675602176918175
0 0.5940248888696067 0.6157042901190499 0.05283657366340595 0.023675602176918175
0 0.529449365474432 0.3134349511889756 0.060558068401734035 0.022385920688572546
0 0.529449365474432 0.3134349511889756 0.060558068401734035 0.022385920688572546
0 0.5273863365352368 0.30489576489130643 0.047876057878390374 0.018824411069925696
0 0.5273863365352368 0.30489576489130643 0.047876057878390374 0.018824411069925696
0 0.5207345181335028 0.28477423784946443 0.07038809471009326 0.030525802902557686
0 0.5207345181335028 0.28477423784946443 0.07038809471009326 0.030525802902557686
0 0.5153644786709639 0.273219178956457 0.03831904735504672 0.015372028855940556
0 0.5153644786709639 0.273219178956457 0.03831904735504672 0.015372028855940556
0 0.513688586605824 0.23100439710529158 0.031978042093374806 0.01359127404661713
0 0.513688586605824 0.23100439710529158 0.031978042093374806 0.01359127404661713
0 0.6414649761107152 0.19366310981183052 0.03499662628012423 0.03864583774894799
0 0.6414649761107152 0.19366310981183052 0.03499662628012423 0.03864583774894799
0 0.6455679181617378 0.2506670779606651 0.0244385578783902 0.01800595553496285
0 0.6455679181617378 0.2506670779606651 0.0244385578783902 0.01800595553496285
0 0.6367536312594476 0.31438483757931196 0.03675654735504672 0.0153174651536097
0 0.6367536312594476 0.31438483757931196 0.03675654735504672 0.0153174651536097
0 0.6395979101986426 0.32289674202581564 0.038228042093374805 0.013809528855940556
0 0.6395979101986426 0.32289674202581564 0.038228042093374805 0.013809528855940556
0 0.6840590836926393 0.5217509042768678 0.0335405420933748 0.013645837748947898
0 0.6840590836926393 0.5217509042768678 0.0335405420933748 0.013645837748947898
0 0.7129877204961075 0.5614483213372432 0.06441111049510884 0.03499504809323426
0 0.7129877204961075 0.5614483213372432 0.06441111049510884 0.03499504809323426
0 0.7014887783744979 0.57907233095589 0.021768584186749606 0.025709328130301044
0 0.7014887783744979 0.57907233095589 0.021768584186749606 0.025709328130301044
0 0.7114021046687397 0.6014284805930703 0.03363154735504672 0.015208337748947897
0 0.7114021046687397 0.6014284805930703 0.03363154735504672 0.015208337748947897
0 0.7152551467621144 0.6138193531884086 0.04318855787839038 0.018660719962933215