0 0.3725724735353765 0.7730694198637964 0.061412688998963995 0.04859673879011232
0 0.3725724735353765 0.7730694198637964 0.061412688998963995 0.04859673879011232
0 0.4576689890417452 0.29301500016917786 0.02743579528527036 0.020918277879787082
0 0.4576689890417452 0.29301500016917786 0.02743579528527036 0.020918277879787082
0 0.4481120525239806 0.29615597562337065 0.022529971463952768 0.015848140606883464
0 0.4481120525239806 0.29615597562337065 0.022529971463952768 0.015848140606883464
0 0.38249986104381717 0.3747116681968065 0.02409247146395277 0.015975686364518005
0 0.38249986104381717 0.3747116681968065 0.02409247146395277 0.015975686364518005
0 0.27434048883685747 0.6764339227387344 0.02587329528527027 0.020790732122152634
0 0.27434048883685747 0.6764339227387344 0.02587329528527027 0.020790732122152634
0 0.27922488792723466 0.7231016286480898 0.030488020678164408 0.019610869395056164
0 0.27922488792723466 0.7231016286480898 0.030488020678164408 0.019610869395056164
0 0.29746546567749366 0.7355696777397043 0.020894696856846907 0.014158094849248926
0 0.29746546567749366 0.7355696777397043 0.020894696856846907 0.014158094849248926
0 0.3101816354460353 0.7656238395584151 0.027508569892376135 0.022480777879787084