0 0.21594541164953296 0.4273744231991726 0.024170823637421623 0.03055290478525663
0 0.21594541164953296 0.4273744231991726 0.024170823637421623 0.03055290478525663
0 0.2519148625579185 0.44196230071016124 0.030261326971401558 0.04826067009638315
0 0.2519148625579185 0.44196230071016124 0.030261326971401558 0.04826067009638315
0 0.29743465664856317 0.44387760848408464 0.014668277879787084 0.027949874163003763
0 0.29743465664856317 0.44387760848408464 0.014668277879787084 0.027949874163003763
0 0.32119102104264946 0.4373700319284525 0.03686201333591956 0.0722184354075095
0 0.32119102104264946 0.4373700319284525 0.03686201333591956 0.0722184354075095
0 0.28903222528501493 0.44248767822114965 0.01648586939505616 0.03124829593337921
0 0.28903222528501493 0.44248767822114965 0.01648586939505616 0.03124829593337921
0 0.6421887893795388 0.30806771696816926 0.02582891848667046 0.05086540478525663
0 0.6421887893795388 0.30806771696816926 0.02582891848667046 0.05086540478525663
0 0.7018983713519102 0.23099091589021525 0.04872428454774695 0.06579330957051335
0 0.7018983713519102 0.23099091589021525 0.04872428454774695 0.06579330957051335
0 0.31685459422102913 0.5284294383877015 0.02700878121376693 0.046351326555632254
0 0.31685459422102913 0.5284294383877015 0.02700878121376693 0.046351326555632254
0 0.25767091285748095 0.5326757156619697 0.02480855242559432 0.03836540478525663
0 0.25767091285748095 0.5326757156619697 0.02480855242559432 0.03836540478525663