0 0.524341888290728 0.8304033637996474 0.035467606436617415 0.019845719281037334
0 0.524341888290728 0.8304033637996474 0.035467606436617415 0.019845719281037334
0 0.525008523808339 0.795630815552469 0.05029493094224939 0.032509877168734394
0 0.525008523808339 0.795630815552469 0.05029493094224939 0.032509877168734394
0 0.5246971673717216 0.7801017409906743 0.04338936708027905 0.022367473663091175
0 0.5246971673717216 0.7801017409906743 0.04338936708027905 0.022367473663091175
0 0.5122628693491931 0.7352006357322096 0.030670845792955603 0.01770766665180492
0 0.5122628693491931 0.7352006357322096 0.030670845792955603 0.01770766665180492
0 0.5163494358090535 0.7271824383614419 0.0514203883676025 0.026451728045145374
0 0.5163494358090535 0.7271824383614419 0.0514203883676025 0.026451728045145374
0 0.5286748371661062 0.6597615480019605 0.035576867080279226 0.02140821928103733
0 0.5286748371661062 0.6597615480019605 0.035576867080279226 0.02140821928103733
0 0.5191195207062458 0.6671082673052905 0.019624085149293792 0.014802210516929471
0 0.5191195207062458 0.6671082673052905 0.019624085149293792 0.014802210516929471
0 0.5725076925943174 0.3894065084965975 0.027327324505632154 0.014198964898983401
0 0.5725076925943174 0.3894065084965975 0.027327324505632154 0.014198964898983401
0 0.5735238893760087 0.3817858593730083 0.02409306386197052 0.012252763146161883
0 0.5735238893760087 0.3817858593730083 0.02409306386197052 0.012252763146161883
0 0.462001881330237 0.3487291225860477 0.05040419158591121 0.03407237716873448
0 0.462001881330237 0.3487291225860477 0.05040419158591121 0.03407237716873448
0 0.4577349984105162 0.36524514451860995 0.03913890965492613 0.02804192103385894
0 0.4577349984105162 0.36524514451860995 0.03913890965492613 0.02804192103385894
0 0.4374385599266981 0.46266900418142115 0.022967606436617417 0.018310912269751078
0 0.4374385599266981 0.46266900418142115 0.022967606436617417 0.018310912269751078
0 0.4204199407527319 0.6069678638442324 0.05988845222957302 0.036785982427199215
0 0.4204199407527319 0.6069678638442324 0.05988845222957302 0.036785982427199215
0 0.4152786087055313 0.7217433813947407 0.07068384059717552 0.05824958768566404
0 0.4152786087055313 0.7217433813947407 0.07068384059717552 0.05824958768566404
0 0.4226976247970747 0.7613814340239731 0.03212408514929379 0.016337017528215723
0 0.4226976247970747 0.7613814340239731 0.03212408514929379 0.016337017528215723