0 0.5442887368863065 0.5915191988930901 0.033413277297895935 0.011094630257724702
0 0.5442887368863065 0.5915191988930901 0.033413277297895935 0.011094630257724702
0 0.5423757834625339 0.5861323360482199 0.03497577729789594 0.011176517412854636
0 0.5423757834625339 0.5861323360482199 0.03497577729789594 0.011176517412854636
0 0.641326818318569 0.4422008723442671 0.02852551819859741 0.0077239687923356115
0 0.641326818318569 0.4422008723442671 0.02852551819859741 0.0077239687923356115
0 0.6287104950627544 0.245325872344267 0.07297642504614252 0.02095430913596861
0 0.6287104950627544 0.245325872344267 0.07297642504614252 0.02095430913596861
0 0.6196068028977488 0.20112217096478605 0.020913277297895938 0.010439533016686741
0 0.6196068028977488 0.20112217096478605 0.020913277297895938 0.010439533016686741
0 0.5626570936138802 0.1319903906616327 0.041726425046142525 0.019316566033373526
0 0.5626570936138802 0.1319903906616327 0.041726425046142525 0.019316566033373526
0 0.727883684449983 0.52075524027752 0.03351340684754511 0.012657130257724702