0 0.6449970759829963 0.22981127224465764 0.0657821302577247 0.04067838593284234
0 0.6449970759829963 0.22981127224465764 0.0657821302577247 0.04067838593284234
0 0.6571186177061102 0.2660642415479876 0.06939845318850324 0.050437087685663864
0 0.6571186177061102 0.2660642415479876 0.06939845318850324 0.050437087685663864
0 0.6191703968776098 0.622189623098776 0.041935194482076096 0.02998812278668055
0 0.6191703968776098 0.622189623098776 0.041935194482076096 0.02998812278668055
0 0.588811189505235 0.6880331669416078 0.04497830732694617 0.028809324539502155
0 0.588811189505235 0.6880331669416078 0.04497830732694617 0.028809324539502155
0 0.8245915592475104 0.626059333727168 0.04341580732694652 0.028617473663091177
0 0.8245915592475104 0.626059333727168 0.04341580732694652 0.028617473663091177
0 0.847587566710742 0.38971143900792526 0.04177142017181623 0.02686312278668055
0 0.847587566710742 0.38971143900792526 0.04177142017181623 0.02686312278668055
0 0.7993404172311405 0.2792664126710166 0.043579581637205676 0.03174247366309126