0 0.3597040389746733 0.5650693095697557 0.05480951680591399 0.08510693713088635
0 0.3597040389746733 0.5650693095697557 0.05480951680591399 0.08510693713088635
0 0.38601187098989576 0.5685274783205111 0.031597509885831696 0.049995281984449844
0 0.38601187098989576 0.5685274783205111 0.031597509885831696 0.049995281984449844
0 0.648908460419492 0.5121134792470723 0.015017504942915849 0.02491552830842352
0 0.648908460419492 0.5121134792470723 0.015017504942915849 0.02491552830842352
0 0.6229534554765761 0.5381785851287143 0.026719008897248743 0.04481510588164177
0 0.6229534554765761 0.5381785851287143 0.026719008897248743 0.04481510588164177
0 0.6590328769213948 0.5118272643576554 0.01814250494291585 0.025243979043628784
0 0.6590328769213948 0.5118272643576554 0.01814250494291585 0.025243979043628784
0 0.6083179525108265 0.5537191134371378 0.021458505931499162 0.03025992977883405
0 0.6083179525108265 0.5537191134371378 0.021458505931499162 0.03025992977883405
0 0.4305166046782734 0.6408623546086312 0.018269838935304605 0.028368979043628784
0 0.4305166046782734 0.6408623546086312 0.018269838935304605 0.028368979043628784
0 0.28207910467827335 0.6564637645308801 0.016643671939110226 0.02664225367602615
0 0.28207910467827335 0.6564637645308801 0.016643671939110226 0.02664225367602615
0 0.3349176031953986 0.6579113520323909 0.01814250494291585 0.025243979043628784