0 0.4709027108076224 0.5461063139884086 0.04451389183263199 0.026216125733361295
0 0.4709027108076224 0.5461063139884086 0.04451389183263199 0.026216125733361295
0 0.40244039828641787 0.6208446253883665 0.08455853847458741 0.058217130852434094
0 0.40244039828641787 0.6208446253883665 0.08455853847458741 0.058217130852434094
0 0.38031737242570224 0.6931253728288302 0.04127976442797028 0.022781045323835514
0 0.38031737242570224 0.6931253728288302 0.04127976442797028 0.022781045323835514
0 0.3660539757837468 0.7199325310883454 0.05232639183263199 0.026991326757175926
0 0.3660539757837468 0.7199325310883454 0.05232639183263199 0.026991326757175926
0 0.35392599801626545 0.7304884795526236 0.028725200725639423 0.019978223685732387
0 0.35392599801626545 0.7304884795526236 0.028725200725639423 0.019978223685732387
0 0.42128462360682856 0.7771539985621916 0.07055060217691818 0.058384269009567905
0 0.42128462360682856 0.7771539985621916 0.07055060217691818 0.058384269009567905
0 0.4828248135326948 0.6985930062408006 0.04015377404661713 0.0351260051190728
0 0.4828248135326948 0.6985930062408006 0.04015377404661713 0.0351260051190728
0 0.6037301128918735 0.4017108406765856 0.03346726442797028 0.02200584430002106
0 0.6037301128918735 0.4017108406765856 0.03346726442797028 0.02200584430002106
0 0.5684945065386039 0.3331461257622758 0.038318455534962936 0.027158464914309823