0 0.16849601057345487 0.31460961983204183 0.0368846933613042 0.014802979641934399
0 0.16849601057345487 0.31460961983204183 0.0368846933613042 0.014802979641934399
0 0.1803699711561985 0.2407913880306391 0.030753092531467185 0.015964961443337165
0 0.1803699711561985 0.2407913880306391 0.030753092531467185 0.015964961443337165
0 0.09471127799538696 0.5320486412698416 0.043845088382282335 0.02457849784053181
0 0.09471127799538696 0.5320486412698416 0.043845088382282335 0.02457849784053181
0 0.1802908126387585 0.6976817381229241 0.027864890871793245 0.018889702344038462
0 0.1802908126387585 0.6976817381229241 0.027864890871793245 0.018889702344038462
0 0.19142922218188377 0.7164515245201187 0.04228258838228234 0.024478368290882457
0 0.19142922218188377 0.7164515245201187 0.04228258838228234 0.024478368290882457
0 0.1601442560000627 0.6838299892026584 0.031226689212119307 0.02221496144333699