0 0.6249052678548617 0.8197974760925473 0.04774782218833344 0.04408785162667463
0 0.6249052678548617 0.8197974760925473 0.04774782218833344 0.04408785162667463
0 0.6124955336224311 0.7884630131858786 0.04436824905006951 0.032711161518229656
0 0.6124955336224311 0.7884630131858786 0.04436824905006951 0.032711161518229656
0 0.5967614308488896 0.7815795626436538 0.04916485182361115 0.038057446680896945
0 0.5967614308488896 0.7815795626436538 0.04916485182361115 0.038057446680896945
0 0.5756124762517366 0.7427873269387615 0.0190409407294446 0.015135140650669853
0 0.5756124762517366 0.7427873269387615 0.0190409407294446 0.015135140650669853
0 0.5530107776385076 0.7419469486525354 0.023801175911805573 0.01891892581333714
0 0.5530107776385076 0.7419469486525354 0.023801175911805573 0.01891892581333714
0 0.5197982341355214 0.7201479525138632 0.01907730832062491 0.016697640650669855
0 0.5197982341355214 0.7201479525138632 0.01907730832062491 0.016697640650669855
0 0.4424525245043755 0.6088261399111838 0.019004573138263935 0.013572640650669853
0 0.4424525245043755 0.6088261399111838 0.019004573138263935 0.013572640650669853
0 0.43996330413965323 0.6022467473298502 0.02220230832062491 0.01713683075911483
0 0.43996330413965323 0.6022467473298502 0.02220230832062491 0.01713683075911483
0 0.43153255508958377 0.5745862720587377 0.02536367591180557 0.019138520867559804
0 0.43153255508958377 0.5745862720587377 0.02536367591180557 0.019138520867559804
0 0.4159601468452087 0.4742822140978465 0.03328527868534721 0.024923996138672067
0 0.4159601468452087 0.4742822140978465 0.03328527868534721 0.024923996138672067
0 0.42170100056868093 0.4532855943147364 0.06824216014423605 0.054755087331566796
0 0.42170100056868093 0.4532855943147364 0.06824216014423605 0.054755087331566796
0 0.43283786910979194 0.42993255722140516 0.028634146276527873 0.02582771097600478
0 0.43283786910979194 0.42993255722140516 0.028634146276527873 0.02582771097600478
0 0.41183438487736146 0.39739032151651277 0.06351829255305556 0.05253380216889943
0 0.41183438487736146 0.39739032151651277 0.06351829255305556 0.05253380216889943
0 0.41999107057281276 0.3463641418418477 0.07147626291777787 0.059881777440011864
0 0.41999107057281276 0.3463641418418477 0.07147626291777787 0.059881777440011864
0 0.3174115844405211 0.3553083682631636 0.014353440729444422 0.01447635548800239
0 0.3174115844405211 0.3553083682631636 0.014353440729444422 0.01447635548800239
0 0.30720274268489617 0.4519891078293837 0.03023301386770836 0.027609806030227092
0 0.30720274268489617 0.4519891078293837 0.03023301386770836 0.027609806030227092
0 0.37746526377079914 0.6939148025796169 0.023801175911805573 0.018918925813337317
0 0.37746526377079914 0.6939148025796169 0.023801175911805573 0.018918925813337317
0 0.4462886521635422 0.7401859374382951 0.030123911094166546 0.02292230603022727
0 0.4462886521635422 0.7401859374382951 0.030123911094166546 0.02292230603022727
0 0.45422843873267416 0.7467526627094075 0.034956881458888846 0.029831091192894732
0 0.45422843873267416 0.7467526627094075 0.034956881458888846 0.029831091192894732
0 0.5061916354460423 0.8046707519716383 0.08608427678548622 0.08529563292801434
0 0.5061916354460423 0.8046707519716383 0.08608427678548622 0.08529563292801434