0 0.44067529181102605 0.35379796193650853 0.02747255261671846 0.01841683124924458
0 0.44067529181102605 0.35379796193650853 0.02747255261671846 0.01841683124924458
0 0.47281993387616605 0.3991057439209583 0.02903505261671846 0.018581056616847124
0 0.47281993387616605 0.3991057439209583 0.02903505261671846 0.018581056616847124
0 0.552816059944529 0.666077346676467 0.05521812101845249 0.04152116249848916
0 0.552816059944529 0.666077346676467 0.05521812101845249 0.04152116249848916
0 0.5562518730845911 0.6850736847278709 0.053200594710093266 0.033544437130886354
0 0.5562518730845911 0.6850736847278709 0.053200594710093266 0.033544437130886354
0 0.5601350072572233 0.7250816600954736 0.025728042093374804 0.015127605881641948
0 0.5601350072572233 0.7250816600954736 0.025728042093374804 0.015127605881641948
0 0.5472247545558002 0.7967126810518448 0.047314615756780753 0.039137535660475994
0 0.5472247545558002 0.7967126810518448 0.047314615756780753 0.039137535660475994
0 0.65224691254713 0.7068101821516308 0.02269404735504672 0.01636165514643668
0 0.65224691254713 0.7068101821516308 0.02269404735504672 0.01636165514643668
0 0.6494026336079348 0.6979700941002268 0.02434755261671846 0.018088380514039316
0 0.6494026336079348 0.6979700941002268 0.02434755261671846 0.018088380514039316
0 0.5763166601986427 0.4029954808665325 0.02122255261671846 0.01775992977883405
0 0.5763166601986427 0.4029954808665325 0.02122255261671846 0.01775992977883405
0 0.5737075996894164 0.3848625054989299 0.07616765785015538 0.05459359227732312
0 0.5737075996894164 0.3848625054989299 0.07616765785015538 0.05459359227732312
0 0.5491857418251436 0.35044998766869195 0.02747255261671846 0.01841683124924458
0 0.5491857418251436 0.35044998766869195 0.02747255261671846 0.01841683124924458