0 0.24400663358400848 0.5690203493262678 0.010175520678164407 0.018505070325334928
0 0.24400663358400848 0.5690203493262678 0.010175520678164407 0.018505070325334928
0 0.286448844708879 0.5694806657902748 0.01046661910658786 0.024755070325334926
0 0.286448844708879 0.5694806657902748 0.01046661910658786 0.024755070325334926
0 0.29626049235151414 0.5614232361156097 0.015299668320799497 0.02853885548800239
0 0.29626049235151414 0.5614232361156097 0.015299668320799497 0.02853885548800239
0 0.6185015194398193 0.5650339722312194 0.017517139784752268 0.04282095054222488
0 0.6185015194398193 0.5650339722312194 0.017517139784752268 0.04282095054222488
0 0.6577288393321955 0.5501015510596704 0.019297963606069855 0.04772804559644737
0 0.6577288393321955 0.5501015510596704 0.019297963606069855 0.04772804559644737
0 0.7008966424753487 0.5687502125779 0.029036836641599173 0.05685811592178229
0 0.7008966424753487 0.5687502125779 0.029036836641599173 0.05685811592178229
0 0.7365473521524771 0.5124242087165723 0.015299668320799497 0.02853885548800239
0 0.7365473521524771 0.5124242087165723 0.015299668320799497 0.02853885548800239
0 0.3040473753118409 0.39423573611560975 0.015881865177646403 0.04103885548800239
0 0.3040473753118409 0.39423573611560975 0.015881865177646403 0.04103885548800239
0 0.290421522954476 0.3828843806276073 0.01737159057054054 0.03969595054222488
0 0.290421522954476 0.3828843806276073 0.01737159057054054 0.03969595054222488
0 0.16532086145810201 0.5194299540338096 0.039974336641599176 0.05839528130133971