0 0.47312335572754716 0.4795264439969408 0.016519642065139985 0.04243296185055314
0 0.47312335572754716 0.4795264439969408 0.016519642065139985 0.04243296185055314
0 0.5708474951618511 0.4364565081209701 0.03901626834526439 0.08028751785690744
0 0.5708474951618511 0.4364565081209701 0.03901626834526439 0.08028751785690744
0 0.6472734872693434 0.4374638547124035 0.013212631541796149 0.03925341477265239
0 0.6472734872693434 0.4374638547124035 0.013212631541796149 0.03925341477265239
0 0.6788420056851949 0.43144963393339664 0.013849668373499213 0.05019091477265238
0 0.6788420056851949 0.43144963393339664 0.013849668373499213 0.05019091477265238
0 0.6933595319935542 0.42339167208284356 0.014047089448421346 0.026780688311602675
0 0.6933595319935542 0.42339167208284356 0.014047089448421346 0.026780688311602675
0 0.7091672715407975 0.5003808660764892 0.042702710466873836 0.0631818384737585
0 0.7091672715407975 0.5003808660764892 0.042702710466873836 0.0631818384737585
0 0.6095999110456887 0.5348979622608855 0.027093121018452494 0.03637387662320535
0 0.6095999110456887 0.5348979622608855 0.027093121018452494 0.03637387662320535
0 0.2818088400131188 0.5616918819015065 0.014320105233436919 0.031468188311602675
0 0.2818088400131188 0.5616918819015065 0.014320105233436919 0.031468188311602675
0 0.2326047715407976 0.5086992954563428 0.019189615756780666 0.034675008928453724