0 0.5298375889134015 0.7049721610873092 0.03822774607105863 0.02045103708154805
0 0.5298375889134015 0.7049721610873092 0.03822774607105863 0.02045103708154805
0 0.5437352690210254 0.6865699674320889 0.025291098428423454 0.009467358054365604
0 0.5437352690210254 0.6865699674320889 0.025291098428423454 0.009467358054365604
0 0.5417725086819432 0.6777751325536909 0.020676373035529317 0.010426603419172054
0 0.5417725086819432 0.6777751325536909 0.020676373035529317 0.010426603419172054
0 0.5507557487571457 0.5205115237768683 0.02834332382131759 0.008307027811161128
0 0.5507557487571457 0.5205115237768683 0.02834332382131759 0.008307027811161128
0 0.5174102477236884 0.42147895352650816 0.034884422249741046 0.01536136732475235
0 0.5174102477236884 0.42147895352650816 0.034884422249741046 0.01536136732475235
0 0.5148289032242064 0.3994028686481103 0.03793664764263518 0.01420103708154823
0 0.5148289032242064 0.3994028686481103 0.03793664764263518 0.01420103708154823
0 0.5973674214211715 0.3875046596423949 0.012863873035529317 0.009421179027182803
0 0.5973674214211715 0.3875046596423949 0.012863873035529317 0.009421179027182803
0 0.5825942919755014 0.35376418817601324 0.020603598428423454 0.008864103419171876
0 0.5825942919755014 0.35376418817601324 0.020603598428423454 0.008864103419171876
0 0.6272946699734294 0.44649239501435717 0.01740582382131741 0.006899433662376353
0 0.6272946699734294 0.44649239501435717 0.01740582382131741 0.006899433662376353
0 0.5242061730738014 0.717449071573718 0.033103598428423454 0.010472782446354679