0 0.4879625252960945 0.5405662103960553 0.031108290041956366 0.02274632164466368
0 0.4879625252960945 0.5405662103960553 0.031108290041956366 0.02274632164466368
0 0.5653108883729935 0.27497139982486835 0.07123638257342364 0.042067139598168345
0 0.5653108883729935 0.27497139982486835 0.07123638257342364 0.042067139598168345
0 0.6394354726060911 0.23560859479041968 0.019815592531467273 0.016586492617682237
0 0.6394354726060911 0.23560859479041968 0.019815592531467273 0.016586492617682237
0 0.6141213609790845 0.5900857620722795 0.035677390871793335 0.021814819799084263
0 0.6141213609790845 0.5900857620722795 0.035677390871793335 0.021814819799084263
0 0.5612089259161502 0.6250465754118356 0.09993006763635784 0.07376779580655146
0 0.5612089259161502 0.6250465754118356 0.09993006763635784 0.07376779580655146
0 0.5147357450024005 0.666873391519761 0.03458848755244546 0.027854487080944068