0 0.3977385271488562 0.26640625 0.025764003954332714 0.01875
0 0.3977385271488562 0.26640625 0.025764003954332714 0.01875
0 0.42218277022877404 0.29921875 0.04295150395433271 0.01875
0 0.42218277022877404 0.29921875 0.04295150395433271 0.01875
0 0.4367745108372338 0.34375 0.02538200197716627 0.009375
0 0.4367745108372338 0.34375 0.02538200197716627 0.009375
0 0.43581950589431795 0.3671875 0.06795150395433254 0.01875
0 0.43581950589431795 0.3671875 0.06795150395433254 0.01875
0 0.432437179316303 0.33515625 0.02850700197716627 0.009375
0 0.432437179316303 0.33515625 0.02850700197716627 0.009375
0 0.38976427068588454 0.6921875 0.0473843359695552 0.0125
0 0.38976427068588454 0.6921875 0.0473843359695552 0.0125
0 0.32765158984952575 0.759375 0.05765067391627667 0.034375
0 0.32765158984952575 0.759375 0.05765067391627667 0.034375
0 0.5270175088600675 0.353125 0.04282416996194396 0.015625
0 0.5270175088600675 0.353125 0.04282416996194396 0.015625
0 0.5153425212173571 0.29453125 0.035011669961943784 0.015625
0 0.5153425212173571 0.29453125 0.035011669961943784 0.015625