0 0.4542227338744588 0.7454575333195879 0.030342471463952768 0.01492631802583091
0 0.4542227338744588 0.7454575333195879 0.030342471463952768 0.01492631802583091
0 0.44200113957986453 0.3695937152937569 0.02387414764263518 0.01005696159934022
0 0.44200113957986453 0.3695937152937569 0.02387414764263518 0.01005696159934022
0 0.47755980397172265 0.32838369358614455 0.019113873035529316 0.008358069279472158
0 0.47755980397172265 0.32838369358614455 0.019113873035529316 0.008358069279472158
0 0.44552639991894677 0.36109089350700224 0.023728598428423453 0.006931961599340219
0 0.44552639991894677 0.36109089350700224 0.023728598428423453 0.006931961599340219
0 0.3589724698113229 0.33823240353613215 0.07093323821317572 0.04887542069139794
0 0.3589724698113229 0.33823240353613215 0.07093323821317572 0.04887542069139794
0 0.3472300252307876 0.7079227779093115 0.051018844499482 0.023329851411925874
0 0.3472300252307876 0.7079227779093115 0.051018844499482 0.023329851411925874