0 0.2205284381749037 0.5731069165511835 0.015226893713693724 0.026478028308423517
0 0.2205284381749037 0.5731069165511835 0.015226893713693724 0.026478028308423517
0 0.5366007402845996 0.6471711035088452 0.02271406203449331 0.05369742977883405
0 0.5366007402845996 0.6471711035088452 0.02271406203449331 0.05369742977883405
0 0.5051880744449994 0.6372564735446989 0.010248295285270359 0.019735352205615796
0 0.5051880744449994 0.6372564735446989 0.010248295285270359 0.019735352205615796
0 0.6114937324267167 0.6082025112315221 0.01827911910658777 0.025243979043628784
0 0.6114937324267167 0.6082025112315221 0.01827911910658777 0.025243979043628784
0 0.5179299770500332 0.5472907340228845 0.020205492142117264 0.033220704411231594
0 0.5179299770500332 0.5472907340228845 0.020205492142117264 0.033220704411231594
0 0.45811832940739805 0.562906297991784 0.03416098428423435 0.0657845073520523
0 0.45811832940739805 0.562906297991784 0.03416098428423435 0.0657845073520523
0 0.36213374131805687 0.5706624080993452 0.01871576674922295 0.03461897904362878
0 0.36213374131805687 0.5706624080993452 0.01871576674922295 0.03461897904362878
0 0.3321380262642449 0.5637085527675962 0.018642992142117086 0.03305647904362878