0 0.3076834069869189 0.4751349120893325 0.032334010001939716 0.05336483189368764
0 0.3076834069869189 0.4751349120893325 0.032334010001939716 0.05336483189368764
0 0.6891093948589473 0.3208302529254355 0.039636326971401556 0.0476154796419344
0 0.6891093948589473 0.3208302529254355 0.039636326971401556 0.0476154796419344
0 0.669785438949592 0.3125974483296436 0.012723140606883376 0.02257590684754529
0 0.669785438949592 0.3125974483296436 0.012723140606883376 0.02257590684754529
0 0.6227988686461502 0.29870612661498863 0.02455346091032524 0.034214313695090495
0 0.6227988686461502 0.29870612661498863 0.02455346091032524 0.034214313695090495
0 0.6119889144037847 0.2995677197674434 0.014540732122152632 0.025801036397194554
0 0.6119889144037847 0.2995677197674434 0.014540732122152632 0.025801036397194554
0 0.5774385712215256 0.28569618444998296 0.011543277879787085 0.027163277297895937
0 0.5774385712215256 0.28569618444998296 0.011543277879787085 0.027163277297895937
0 0.5722249127367947 0.28847073102621035 0.012978232122152633 0.02570090684754529
0 0.5722249127367947 0.28847073102621035 0.012978232122152633 0.02570090684754529
0 0.5465712084944292 0.2883810934569966 0.011033094849248925 0.020913277297895938
0 0.5465712084944292 0.2883810934569966 0.011033094849248925 0.020913277297895938
0 0.5396675042520638 0.28949301048357456 0.011288186364518005 0.024038277297895937
0 0.5396675042520638 0.28949301048357456 0.011288186364518005 0.024038277297895937
0 0.3264019718303488 0.34266237353266965 0.046268964244305086 0.05270349784053163
0 0.3264019718303488 0.34266237353266965 0.046268964244305086 0.05270349784053163
0 0.3037935192549733 0.35131668028792984 0.019228232122152633 0.026101425046142525
0 0.3037935192549733 0.35131668028792984 0.019228232122152633 0.026101425046142525
0 0.26720218607465396 0.38860712677187215 0.017665732122152545 0.02600129549649326
0 0.26720218607465396 0.38860712677187215 0.017665732122152545 0.02600129549649326
0 0.2546543886500295 0.37769990514950225 0.018303460910325243 0.033813795496493174
0 0.2546543886500295 0.37769990514950225 0.018303460910325243 0.033813795496493174
0 0.2545268428923949 0.3761374051495022 0.02311850666795978 0.03567668414544123