0 0.35703567390237084 0.32852492968174174 0.015736315963434677 0.036920845792955605
0 0.35703567390237084 0.32852492968174174 0.015736315963434677 0.036920845792955605
0 0.3692445754739474 0.3214008445324479 0.023985463606069856 0.04684214901126431
0 0.3692445754739474 0.3214008445324479 0.023985463606069856 0.04684214901126431
0 0.6615605080627706 0.3205549844895343 0.022131865177646405 0.04048288836760259
0 0.6615605080627706 0.3205549844895343 0.022131865177646405 0.04048288836760259
0 0.6735339691876412 0.32520427966207127 0.020569365177646404 0.04037362772394086
0 0.6735339691876412 0.32520427966207127 0.020569365177646404 0.04037362772394086
0 0.6919993329175455 0.41875218386911567 0.01566354135632899 0.0353583457929556
0 0.6919993329175455 0.41875218386911567 0.01566354135632899 0.0353583457929556
0 0.6809162837033338 0.41639200837474777 0.010684942927905538 0.02878056386197052