0 0.4357072584860111 0.38094884144394364 0.032967036104353475 0.027899506920082296
0 0.4357072584860111 0.38094884144394364 0.032967036104353475 0.027899506920082296
0 0.5035214723816577 0.3571558557783997 0.021938632513557366 0.01182883794672147
0 0.5035214723816577 0.3571558557783997 0.021938632513557366 0.01182883794672147
0 0.538061140606785 0.6553678626984819 0.02353749394987581 0.01814250494291585
0 0.538061140606785 0.6553678626984819 0.02353749394987581 0.01814250494291585
0 0.5461963483541113 0.7111549476794539 0.01883181323171641 0.014826503954332715
0 0.5461963483541113 0.7111549476794539 0.01883181323171641 0.014826503954332715
0 0.5187339028052292 0.5553851087441493 0.017242042154477666 0.010075336958138337
0 0.5187339028052292 0.5553851087441493 0.017242042154477666 0.010075336958138337
0 0.5258606015755654 0.572077860227024 0.014107951795397967 0.00838550296574958
0 0.5258606015755654 0.572077860227024 0.014107951795397967 0.00838550296574958