0 0.5610865679105951 0.7083529273803693 0.044022720003181706 0.02726512902925915
0 0.5610865679105951 0.7083529273803693 0.044022720003181706 0.02726512902925915
0 0.5562354359086861 0.7220053242700916 0.03452045066836362 0.01550742280870363
0 0.5562354359086861 0.7220053242700916 0.03452045066836362 0.01550742280870363
0 0.5710342799172766 0.6599543836009248 0.04400453866963616 0.02570262902925915
0 0.5710342799172766 0.6599543836009248 0.04400453866963616 0.02570262902925915
0 0.522535334619684 0.3921619993878694 0.03611931333545435 0.01876912384546294
0 0.522535334619684 0.3921619993878694 0.03611931333545435 0.01876912384546294
0 0.49494668395927466 0.3436076307262027 0.015715906667727354 0.009179510367592592
0 0.49494668395927466 0.3436076307262027 0.015715906667727354 0.009179510367592592
0 0.5241887412874112 0.3844862004246286 0.01567954400063627 0.006054510367592592
0 0.5241887412874112 0.3844862004246286 0.01567954400063627 0.006054510367592592
0 0.4467728132956836 0.31671364858666584 0.056649989337999786 0.039296237323333295
0 0.4467728132956836 0.31671364858666584 0.056649989337999786 0.039296237323333295
0 0.5734989452975926 0.31372393256416553 0.08188634667409059 0.061795953911481315
0 0.5734989452975926 0.31372393256416553 0.08188634667409059 0.061795953911481315
0 0.5949921372931382 0.3484502470787952 0.018840906667727354 0.00945291244111104
0 0.5949921372931382 0.3484502470787952 0.018840906667727354 0.00945291244111104
0 0.6012057746260473 0.3521220512258322 0.014153406667727176 0.00904280933083328
0 0.6012057746260473 0.3521220512258322 0.014153406667727176 0.00904280933083328
0 0.611143848623502 0.37176060796476734 0.02205681333545435 0.017538814514629575
0 0.611143848623502 0.37176060796476734 0.02205681333545435 0.017538814514629575
0 0.6335455599538657 0.39561777299777656 0.025199994668999894 0.01937471658814811
0 0.6335455599538657 0.39561777299777656 0.025199994668999894 0.01937471658814811
0 0.6743865465865946 0.6494454020270357 0.0455488573360908 0.02427683006601846
0 0.6743865465865946 0.6494454020270357 0.0455488573360908 0.02427683006601846
0 0.6849331479153675 0.6839960592843506 0.061501121339908774 0.053768840433610875
0 0.6849331479153675 0.6839960592843506 0.061501121339908774 0.053768840433610875
0 0.6698257685789586 0.7053536494351376 0.028288632001908988 0.016523118661666558
0 0.6698257685789586 0.7053536494351376 0.028288632001908988 0.016523118661666558
0 0.5542569546069573 0.4887827211598138 0.022020450668363622 0.014413814514629664
0 0.5542569546069573 0.4887827211598138 0.022020450668363622 0.014413814514629664