0 0.26410378874917806 0.6333166136834982 0.03815452800763595 0.059970964914309734
0 0.26410378874917806 0.6333166136834982 0.03815452800763595 0.059970964914309734
0 0.3824356180776328 0.6091621692454792 0.025472714672181596 0.043105643276206605
0 0.3824356180776328 0.6091621692454792 0.025472714672181596 0.043105643276206605
0 0.5681003980744511 0.6041744536122653 0.012772720003181703 0.024677821638103125
0 0.5681003980744511 0.6041744536122653 0.012772720003181703 0.024677821638103125
0 0.6307998454009969 0.560453581905163 0.054143154678545004 0.09277136696193881
0 0.6307998454009969 0.560453581905163 0.054143154678545004 0.09277136696193881
0 0.7513117927275427 0.5224691977742884 0.036664753341817756 0.06606592470954684
0 0.7513117927275427 0.5224691977742884 0.036664753341817756 0.06606592470954684
0 0.7684083860598154 0.5163621400266803 0.03337612133990895 0.05169334430002106
0 0.7684083860598154 0.5163621400266803 0.03337612133990895 0.05169334430002106
0 0.7524555747135433 0.4195767580814328 0.028470445337363516 0.03247822368573239
0 0.7524555747135433 0.4195767580814328 0.028470445337363516 0.03247822368573239
0 0.7141015993793616 0.40952827306474154 0.020694308004454244 0.03482802266191776
0 0.7141015993793616 0.40952827306474154 0.020694308004454244 0.03482802266191776
0 0.6175447727164067 0.42725953036944125 0.01756930800445424 0.03451794225239198
0 0.6175447727164067 0.42725953036944125 0.01756930800445424 0.03451794225239198
0 0.35609019939526987 0.4910565259692728 0.02074885200509069 0.039515522661917754
0 0.35609019939526987 0.4910565259692728 0.02074885200509069 0.039515522661917754
0 0.345116336728179 0.4868462445359324 0.015952264003817974 0.029675402047629085
0 0.345116336728179 0.4868462445359324 0.015952264003817974 0.029675402047629085
0 0.3201436087284971 0.4867093512597259 0.036701116008908664 0.06919092470954702
0 0.3201436087284971 0.4867093512597259 0.036701116008908664 0.06919092470954702
0 0.29753281206236076 0.48836751829066377 0.05105451734563582 0.09558628655241304
0 0.29753281206236076 0.48836751829066377 0.05105451734563582 0.09558628655241304
0 0.19448108473899667 0.5514948446739304 0.02372840133672711 0.02732560307144354
0 0.19448108473899667 0.5514948446739304 0.02372840133672711 0.02732560307144354
0 0.22822083274981436 0.6344381889739514 0.039662484006999676 0.055438505119072626