0 0.45328204601852723 0.6139300041104994 0.026719630257724704 0.03456067029858776
0 0.45328204601852723 0.6139300041104994 0.026719630257724704 0.03456067029858776
0 0.38292195838842763 0.6378102645020596 0.010111984396167806 0.014718063861970521
0 0.38292195838842763 0.6378102645020596 0.010111984396167806 0.014718063861970521
0 0.4130188941640764 0.6476987167316325 0.011756371551297561 0.016389824505632155
0 0.4130188941640764 0.6476987167316325 0.011756371551297561 0.016389824505632155
0 0.44903828131920615 0.6517742115358524 0.010193871551297562 0.016280563861970344
0 0.44903828131920615 0.6517742115358524 0.010193871551297562 0.016280563861970344
0 0.4372885538204433 0.605806147673882 0.02211401741285446 0.0357953883676025
0 0.4372885538204433 0.605806147673882 0.02211401741285446 0.0357953883676025
0 0.4559876441640764 0.6507033844323302 0.012083920171816587 0.022639824505632157
0 0.4559876441640764 0.6507033844323302 0.012083920171816587 0.022639824505632157
0 0.7122542542954131 0.5946765316020091 0.011674484396167806 0.014827324505632155
0 0.7122542542954131 0.5946765316020091 0.011674484396167806 0.014827324505632155
0 0.7061270850281078 0.5965832390273621 0.008549484396167806 0.014608803218308708
0 0.7061270850281078 0.5965832390273621 0.008549484396167806 0.014608803218308708