0 0.46502089649024886 0.7515125265687164 0.09313799480421991 0.04280465186945541
0 0.46502089649024886 0.7515125265687164 0.09313799480421991 0.04280465186945541
0 0.3508655613409549 0.7554285867318972 0.045170388367602586 0.023627676764564676
0 0.3508655613409549 0.7554285867318972 0.045170388367602586 0.023627676764564676
0 0.3100655987198218 0.7099259099673325 0.014499542574646895 0.007315592531467274
0 0.3100655987198218 0.7099259099673325 0.014499542574646895 0.007315592531467274
0 0.32098095540854066 0.6212186074778215 0.030452324505632157 0.0131870842330974
0 0.32098095540854066 0.6212186074778215 0.030452324505632157 0.0131870842330974
0 0.30214846395851547 0.45250357365964256 0.022639824505632157 0.012595088382282427
0 0.30214846395851547 0.45250357365964256 0.022639824505632157 0.012595088382282427
0 0.2621515306704775 0.3842854473099965 0.044481973516896464 0.036009277594401645
0 0.2621515306704775 0.3842854473099965 0.044481973516896464 0.036009277594401645