0 0.33384581639184097 0.8402636827878492 0.036337543502986146 0.0199106809137497
0 0.33384581639184097 0.8402636827878492 0.036337543502986146 0.0199106809137497
0 0.3743812038346535 0.906504912041925 0.030087543502986057 0.01943708423309758
0 0.3743812038346535 0.906504912041925 0.030087543502986057 0.01943708423309758
0 0.17908231515756998 0.6577444128671175 0.04436824905006946 0.029877676764564674
0 0.17908231515756998 0.6577444128671175 0.04436824905006946 0.029877676764564674
0 0.18958013801149343 0.47215045498366626 0.02856141109416672 0.02088118506293455
0 0.18958013801149343 0.47215045498366626 0.02856141109416672 0.02088118506293455
0 0.19143292553055594 0.4512343037389107 0.04280574905006942 0.029759277594401647
0 0.19143292553055594 0.4512343037389107 0.04280574905006942 0.029759277594401647
0 0.17678985049243096 0.4922378120372805 0.03179551386770836 0.02580548340326061