0 0.49813222535848184 0.139512909885508 0.0654828883676025 0.028556980014311506
0 0.49813222535848184 0.139512909885508 0.0654828883676025 0.028556980014311506
0 0.49035257634721763 0.16219224939909935 0.03971806386197052 0.014402121959946034
0 0.49035257634721763 0.16219224939909935 0.03971806386197052 0.014402121959946034
0 0.5275633632218814 0.2611488303647609 0.03190556386197052 0.013396697567956828
0 0.5275633632218814 0.2611488303647609 0.03190556386197052 0.013396697567956828
0 0.5258751770838517 0.2520754576823577 0.025655563861970522 0.012592358054365427
0 0.5258751770838517 0.2520754576823577 0.025655563861970522 0.012592358054365427
0 0.4988102965099193 0.3291093959799274 0.03346806386197034 0.013597782446354678
0 0.4988102965099193 0.3291093959799274 0.03346806386197034 0.013597782446354678
0 0.5459259611085239 0.4082100101144007 0.020749542574646895 0.008864103419172053
0 0.5459259611085239 0.4082100101144007 0.020749542574646895 0.008864103419172053
0 0.5471442536831708 0.4018594676752019 0.026999542574646894 0.009668442932763277
0 0.5471442536831708 0.4018594676752019 0.026999542574646894 0.009668442932763277
0 0.5040830325120629 0.5305020849999543 0.027218063861970343 0.012793442932763455
0 0.5040830325120629 0.5305020849999543 0.027218063861970343 0.012793442932763455
0 0.49717746865009255 0.5406814245135457 0.02096806386197052 0.011989103419171875
0 0.49717746865009255 0.5406814245135457 0.02096806386197052 0.011989103419171875
0 0.4235710878240585 0.6964816120886583 0.05821669158591121 0.035364055622322255
0 0.4235710878240585 0.6964816120886583 0.05821669158591121 0.035364055622322255
0 0.5434465452494116 0.6872480764520246 0.04916947351689629 0.038845046351935156
0 0.5434465452494116 0.6872480764520246 0.04916947351689629 0.038845046351935156
0 0.6168401226050353 0.6119940918025195 0.02721806386197052 0.012793442932763277
0 0.6168401226050353 0.6119940918025195 0.02721806386197052 0.012793442932763277
0 0.6274059180296738 0.5494710022889281 0.019187042574646894 0.008663018540774203