0 0.31626356518934406 0.5881341207361038 0.020022994985435007 0.044842063140062116
0 0.31626356518934406 0.5881341207361038 0.020022994985435007 0.044842063140062116
0 0.6193120088419957 0.5815248888696066 0.015290030878812288 0.04300654735504672
0 0.6193120088419957 0.5815248888696066 0.015290030878812288 0.04300654735504672
0 0.5879209195042637 0.42318176785115413 0.02154003087881229 0.04337056840173403
0 0.5879209195042637 0.42318176785115413 0.02154003087881229 0.04337056840173403
0 0.5239182554767833 0.39049879949177235 0.02323892319868044 0.04814907366340595
0 0.5239182554767833 0.39049879949177235 0.02323892319868044 0.04814907366340595
0 0.35733850923770705 0.4136647417545564 0.030125420691397942 0.07038809471009326
0 0.35733850923770705 0.4136647417545564 0.030125420691397942 0.07038809471009326
0 0.320841068092338 0.45771087336693983 0.023102530878812467 0.04346157366340577