0 0.6387056502274615 0.2440441619974373 0.11734400889724857 0.05570212425016141
0 0.6387056502274615 0.2440441619974373 0.11734400889724857 0.05570212425016141
0 0.6607053256266129 0.2830762212507873 0.028952670950527094 0.023599841033823045
0 0.6607053256266129 0.2830762212507873 0.028952670950527094 0.023599841033823045
0 0.5786461952079959 0.46536113452456024 0.023819501977166268 0.012114450861519188
0 0.5786461952079959 0.46536113452456024 0.023819501977166268 0.012114450861519188
0 0.622451886424478 0.5772016330886949 0.07946200692008212 0.041944002871730744
0 0.622451886424478 0.5772016330886949 0.07946200692008212 0.041944002871730744
0 0.6206320598464631 0.6095981432035641 0.11571784190105419 0.053956994192726884
0 0.6206320598464631 0.6095981432035641 0.11571784190105419 0.053956994192726884
0 0.5311848992760593 0.6490969365347719 0.04977450692008212 0.03847403178047308
0 0.5311848992760593 0.6490969365347719 0.04977450692008212 0.03847403178047308
0 0.5140637248654911 0.6142044871091179 0.04451400395433271 0.023863641608169138
0 0.5140637248654911 0.6142044871091179 0.04451400395433271 0.023863641608169138
0 0.5094784066532521 0.2897625217932275 0.025445668973360824 0.013859580918953807
0 0.5094784066532521 0.2897625217932275 0.025445668973360824 0.013859580918953807
0 0.5305748152464895 0.2488331359604256 0.03494800296574958 0.018080361263561516
0 0.5305748152464895 0.2488331359604256 0.03494800296574958 0.018080361263561516
0 0.5324092292769343 0.23605919087427374 0.03651050296574958 0.018262991320996135