0 0.4568649680326988 0.7107565169598591 0.05189438672260849 0.026746038474587407
0 0.4568649680326988 0.7107565169598591 0.05189438672260849 0.026746038474587407
0 0.43284805019120387 0.6762351840202344 0.030753092531467276 0.015099210344286362
0 0.43284805019120387 0.6762351840202344 0.030753092531467276 0.015099210344286362
0 0.3944824445874821 0.7587103781224519 0.019697193361304245 0.013154764427970278
0 0.3944824445874821 0.7587103781224519 0.019697193361304245 0.013154764427970278
0 0.37718912342663924 0.7181572999921507 0.023295790041956276 0.01951389183263199
0 0.37718912342663924 0.7181572999921507 0.023295790041956276 0.01951389183263199
0 0.4001996483217485 0.7659598829317753 0.018016294191141213 0.01153770072563951
0 0.4001996483217485 0.7659598829317753 0.018016294191141213 0.01153770072563951
0 0.3660274030956333 0.679384976671173 0.016335395020978184 0.009920637023308388
0 0.3660274030956333 0.679384976671173 0.016335395020978184 0.009920637023308388
0 0.3695784555851442 0.6842088859270002 0.012973596680652122 0.006686509618646852
0 0.3695784555851442 0.6842088859270002 0.012973596680652122 0.006686509618646852
0 0.38523137944992386 0.446627040373504 0.01789789502097818 0.00997520072563951
0 0.38523137944992386 0.446627040373504 0.01789789502097818 0.00997520072563951
0 0.3808165665874507 0.42219003556418055 0.022822193361304245 0.013263891832631814
0 0.3808165665874507 0.42219003556418055 0.022822193361304245 0.013263891832631814
0 0.3185309767552759 0.3448165145127883 0.022585395020978182 0.010138891832631992
0 0.3185309767552759 0.3448165145127883 0.022585395020978182 0.010138891832631992
0 0.32292247882986835 0.3488864556197809 0.024266294191141215 0.011755955534962847
0 0.32292247882986835 0.3488864556197809 0.024266294191141215 0.011755955534962847