0 0.5913851726595165 0.7821175498490882 0.04996576674922295 0.03478617688202625
0 0.5913851726595165 0.7821175498490882 0.04996576674922295 0.03478617688202625
0 0.5682002297316112 0.7548838877958097 0.025727746071058634 0.016643671939110406
0 0.5682002297316112 0.7548838877958097 0.025727746071058634 0.016643671939110406
0 0.5374917311793531 0.7005611437273087 0.03866439371369381 0.02652800790866543
0 0.5374917311793531 0.7005611437273087 0.03866439371369381 0.02652800790866543
0 0.5160512247692124 0.6771700646778358 0.06282963978475245 0.04310801285158128
0 0.5160512247692124 0.6771700646778358 0.06282963978475245 0.04310801285158128
0 0.4938465849844601 0.6373727356283629 0.030488020678164317 0.018397172927693363
0 0.4938465849844601 0.6373727356283629 0.030488020678164317 0.018397172927693363
0 0.5103962301458959 0.6061718151721275 0.036810795285270356 0.020214340912470874
0 0.5103962301458959 0.6061718151721275 0.036810795285270356 0.020214340912470874
0 0.40125870884855896 0.3468379189361797 0.07122433664159918 0.05592634783255317
0 0.40125870884855896 0.3468379189361797 0.07122433664159918 0.05592634783255317
0 0.41886143176025376 0.3046358314837498 0.03034247146395259 0.01527217292769345
0 0.41886143176025376 0.3046358314837498 0.03034247146395259 0.01527217292769345
0 0.3910061054577368 0.26115508692095724 0.030633569892376134 0.02152217292769345
0 0.3910061054577368 0.26115508692095724 0.030633569892376134 0.02152217292769345
0 0.3822475355653606 0.2411609219019292 0.06304796360606986 0.047795512851581276
0 0.3822475355653606 0.2411609219019292 0.06304796360606986 0.047795512851581276
0 0.3898802531003719 0.2705937539171516 0.030342471463952768 0.01527217292769345
0 0.3898802531003719 0.2705937539171516 0.030342471463952768 0.01527217292769345
0 0.31893420636735953 0.3102730192401909 0.02877997146395277 0.015208505931498983
0 0.31893420636735953 0.3102730192401909 0.02877997146395277 0.015208505931498983
0 0.32316578804656 0.2834876847535105 0.020894696856846817 0.013327670950527093
0 0.32316578804656 0.2834876847535105 0.020894696856846817 0.013327670950527093
0 0.3181551104201355 0.34396226973448246 0.0651198858558109 0.05879667984777566
0 0.3181551104201355 0.34396226973448246 0.0651198858558109 0.05879667984777566
0 0.3193708540099947 0.3196480192401909 0.016134422249741043 0.011574169961943959
0 0.3193708540099947 0.3196480192401909 0.016134422249741043 0.011574169961943959
0 0.318069527293193 0.4261526872249684 0.05450771753501131 0.03185217787060921
0 0.318069527293193 0.4261526872249684 0.05450771753501131 0.03185217787060921
0 0.3365113122393811 0.43557676676873297 0.02736302067816441 0.018269838935304605
0 0.3365113122393811 0.43557676676873297 0.02736302067816441 0.018269838935304605
0 0.4326394112869771 0.6844824989742357 0.02260274607105863 0.01651633794672147
0 0.4326394112869771 0.6844824989742357 0.02260274607105863 0.01651633794672147
0 0.4554433645539646 0.7203417445256115 0.03212329528527036 0.02002333992388792
0 0.4554433645539646 0.7203417445256115 0.03212329528527036 0.02002333992388792
0 0.46678112489304696 0.7284898255522508 0.027290246071058632 0.016707338935304607
0 0.46678112489304696 0.7284898255522508 0.027290246071058632 0.016707338935304607
0 0.477138582088976 0.7492015735750843 0.027799668320799498 0.027644838935304606
0 0.477138582088976 0.7492015735750843 0.027799668320799498 0.027644838935304606
0 0.4906574265884579 0.7705672376055294 0.03517552067816432 0.018588173916276672
0 0.4906574265884579 0.7705672376055294 0.03517552067816432 0.018588173916276672
0 0.5101351726595166 0.7854282336511966 0.06326628742738745 0.05248301285158128