0 0.20546875 0.3796875 0.01953125 0.04921875
0 0.20546875 0.3796875 0.01953125 0.04921875
0 0.22109375 0.41484375 0.01640625 0.04140625
0 0.22109375 0.41484375 0.01640625 0.04140625
0 0.2421875 0.4203125 0.0203125 0.053125
0 0.2421875 0.4203125 0.0203125 0.053125
0 0.2734375 0.446875 0.01171875 0.05390625
0 0.2734375 0.446875 0.01171875 0.05390625
0 0.29375 0.471875 0.01640625 0.02890625
0 0.29375 0.471875 0.01640625 0.02890625
0 0.20859375 0.54375 0.01640625 0.03046875
0 0.20859375 0.54375 0.01640625 0.03046875
0 0.29765625 0.60078125 0.02109375 0.05625
0 0.29765625 0.60078125 0.02109375 0.05625
0 0.471875 0.42578125 0.01640625 0.06875
0 0.471875 0.42578125 0.01640625 0.06875
0 0.76171875 0.43203125 0.025 0.06796875
0 0.76171875 0.43203125 0.025 0.06796875
0 0.79375 0.41484375 0.03359375 0.07421875
0 0.79375 0.41484375 0.03359375 0.07421875
0 0.784375 0.5484375 0.02421875 0.04921875
0 0.784375 0.5484375 0.02421875 0.04921875
0 0.72421875 0.578125 0.0109375 0.0328125
0 0.72421875 0.578125 0.0109375 0.0328125
0 0.7140625 0.57734375 0.0078125 0.04140625
0 0.7140625 0.57734375 0.0078125 0.04140625
0 0.65859375 0.6 0.009375 0.04296875