0 0.2588631859484569 0.3965593291159106 0.03971702800763603 0.0587532387412331
0 0.2588631859484569 0.3965593291159106 0.03971702800763603 0.0587532387412331
0 0.37477853994272986 0.44620648056478507 0.027035214672181597 0.04232720234403846
0 0.37477853994272986 0.44620648056478507 0.027035214672181597 0.04232720234403846
0 0.5587626412715029 0.4916155174234049 0.014317038669636161 0.02277616594684382
0 0.5587626412715029 0.4916155174234049 0.014317038669636161 0.02277616594684382
0 0.618291635264185 0.5493767550849038 0.05724997334499946 0.08954216378737563
0 0.618291635264185 0.5493767550849038 0.05724997334499946 0.08954216378737563
0 0.7364052885900945 0.6116741008582522 0.03820907200827221 0.06334060919158375
0 0.7364052885900945 0.6116741008582522 0.03820907200827221 0.06334060919158375
0 0.7527115412555945 0.6213192111295701 0.03493862133990877 0.05064035009228505
0 0.7527115412555945 0.6213192111295701 0.03493862133990877 0.05064035009228505
0 0.7320712299093224 0.7153800917589536 0.02848862667090888 0.033052331893687815
0 0.7320712299093224 0.7153800917589536 0.02848862667090888 0.033052331893687815
0 0.6929632765754586 0.7167831030177205 0.020694308004454244 0.03411418414544123
0 0.6929632765754586 0.7167831030177205 0.020694308004454244 0.03411418414544123
0 0.5996041752466859 0.6771815800387613 0.020694308004454244 0.03411418414544123
0 0.5996041752466859 0.6771815800387613 0.020694308004454244 0.03411418414544123
0 0.3429825525939124 0.5583164543466232 0.023892033338636143 0.040564443244739935
0 0.3429825525939124 0.5583164543466232 0.023892033338636143 0.040564443244739935
0 0.3320177805935943 0.559959297499078 0.017514764003817972 0.029226425046142524
0 0.3320177805935943 0.559959297499078 0.017514764003817972 0.029226425046142524
0 0.30628198392745787 0.5544009099298643 0.039844297342454114 0.0696907387412331
0 0.30628198392745787 0.5544009099298643 0.039844297342454114 0.0696907387412331
0 0.28367118726132146 0.549042781459949 0.05416133601209037 0.09246690468807692
0 0.28367118726132146 0.549042781459949 0.05416133601209037 0.09246690468807692
0 0.18537968527213916 0.4629970550572172 0.025309082670272563 0.02816457279438911
0 0.18537968527213916 0.4629970550572172 0.025309082670272563 0.02816457279438911
0 0.2229984112826387 0.3880063494739762 0.04122498400699968 0.054165868290882366