0 0.28359375 0.45703125 0.0171875 0.04609375
0 0.28359375 0.45703125 0.0171875 0.04609375
0 0.3015625 0.45390625 0.0125 0.0546875
0 0.3015625 0.45390625 0.0125 0.0546875
0 0.3234375 0.4734375 0.0328125 0.07265625
0 0.3234375 0.4734375 0.0328125 0.07265625
0 0.3515625 0.47421875 0.01875 0.04609375
0 0.3515625 0.47421875 0.01875 0.04609375
0 0.3671875 0.478125 0.01328125 0.04453125
0 0.3671875 0.478125 0.01328125 0.04453125
0 0.378125 0.490625 0.0125 0.03984375
0 0.378125 0.490625 0.0125 0.03984375
0 0.43671875 0.5078125 0.0125 0.03671875
0 0.43671875 0.5078125 0.0125 0.03671875
0 0.46015625 0.521875 0.01015625 0.06640625
0 0.46015625 0.521875 0.01015625 0.06640625
0 0.48671875 0.53984375 0.01015625 0.05078125
0 0.48671875 0.53984375 0.01015625 0.05078125
0 0.5046875 0.56328125 0.0203125 0.0171875
0 0.5046875 0.56328125 0.0203125 0.0171875
0 0.5203125 0.52890625 0.0140625 0.0578125
0 0.5203125 0.52890625 0.0140625 0.0578125
0 0.59296875 0.521875 0.0078125 0.01875
0 0.59296875 0.521875 0.0078125 0.01875
0 0.61171875 0.51328125 0.01640625 0.0546875
0 0.61171875 0.51328125 0.01640625 0.0546875
0 0.61171875 0.515625 0.0171875 0.04921875
0 0.61171875 0.515625 0.0171875 0.04921875
0 0.6234375 0.51015625 0.015625 0.0546875
0 0.6234375 0.51015625 0.015625 0.0546875
0 0.64375 0.49921875 0.01328125 0.05078125
0 0.64375 0.49921875 0.01328125 0.05078125
0 0.73359375 0.48515625 0.015625 0.03828125
0 0.73359375 0.48515625 0.015625 0.03828125
0 0.75390625 0.58125 0.01015625 0.021875
0 0.75390625 0.58125 0.01015625 0.021875
0 0.734375 0.584375 0.01796875 0.01953125
0 0.734375 0.584375 0.01796875 0.01953125
0 0.7125 0.60390625 0.009375 0.0359375
0 0.7125 0.60390625 0.009375 0.0359375
0 0.70078125 0.60234375 0.01484375 0.040625
0 0.70078125 0.60234375 0.01484375 0.040625
0 0.68046875 0.61015625 0.0234375 0.021875
0 0.68046875 0.61015625 0.0234375 0.021875
0 0.65703125 0.62578125 0.01015625 0.03125
0 0.65703125 0.62578125 0.01015625 0.03125
0 0.64609375 0.6234375 0.00859375 0.028125
0 0.64609375 0.6234375 0.00859375 0.028125
0 0.62109375 0.63046875 0.0109375 0.028125
0 0.62109375 0.63046875 0.0109375 0.028125
0 0.34296875 0.59296875 0.01015625 0.03125
0 0.34296875 0.59296875 0.01015625 0.03125
0 0.3328125 0.58984375 0.009375 0.03203125
0 0.3328125 0.58984375 0.009375 0.03203125
0 0.28828125 0.58125 0.01328125 0.03671875
0 0.28828125 0.58125 0.01328125 0.03671875
0 0.2765625 0.575 0.0109375 0.034375
0 0.2765625 0.575 0.0109375 0.034375
0 0.25546875 0.55859375 0.015625 0.025
0 0.25546875 0.55859375 0.015625 0.025
0 0.234375 0.54921875 0.0140625 0.02734375