0 0.6998862000715876 0.5192712379058225 0.025672709341181488 0.05810340133672707
0 0.6998862000715876 0.5192712379058225 0.025672709341181488 0.05810340133672707
0 0.6394117767345423 0.49262746924732215 0.008103401336727068 0.025090906667727175
0 0.6394117767345423 0.49262746924732215 0.008103401336727068 0.025090906667727175
0 0.6339884800684059 0.49659735391473114 0.008103401336727245 0.025090906667727352
0 0.6339884800684059 0.49659735391473114 0.008103401336727245 0.025090906667727352
0 0.6876760067234065 0.4100235072406406 0.008030676002545433 0.018840906667727354
0 0.6876760067234065 0.4100235072406406 0.008030676002545433 0.018840906667727354
0 0.6758572593889065 0.40156611724223146 0.014535214672181596 0.040788632001908985
0 0.6758572593889065 0.40156611724223146 0.014535214672181596 0.040788632001908985
0 0.6390839653882703 0.39730587858054944 0.017660214672181596 0.040824994668999894
0 0.6390839653882703 0.39730587858054944 0.017660214672181596 0.040824994668999894
0 0.6274015780553611 0.4005672385821403 0.011192038669636162 0.02200226933481808
0 0.6274015780553611 0.4005672385821403 0.011192038669636162 0.02200226933481808
0 0.6039458967218156 0.39927745858532193 0.008067038669636161 0.021965906667727176
0 0.6039458967218156 0.39927745858532193 0.008067038669636161 0.021965906667727176
0 0.3674816853914519 0.4239069306174568 0.008067038669636161 0.021965906667727176
0 0.3674816853914519 0.4239069306174568 0.008067038669636161 0.021965906667727176
0 0.3418095233927246 0.43358192262095663 0.009702264003817972 0.028234088001272716
0 0.3418095233927246 0.43358192262095663 0.009702264003817972 0.028234088001272716
0 0.32619361405949726 0.4345449859564111 0.02556362133990877 0.04872840133672707
0 0.32619361405949726 0.4345449859564111 0.02556362133990877 0.04872840133672707
0 0.29508906472786084 0.44740861262731996 0.012899989337999785 0.03452045066836362
0 0.29508906472786084 0.44740861262731996 0.012899989337999785 0.03452045066836362
0 0.2795731527291335 0.4569654259627745 0.024037484006999676 0.051835220003181706
0 0.2795731527291335 0.4569654259627745 0.024037484006999676 0.051835220003181706
0 0.286886760741542 0.5482989506285927 0.009665901336727067 0.02510908800127254
0 0.286886760741542 0.5482989506285927 0.009665901336727067 0.02510908800127254
0 0.29467198874122386 0.5458642939608654 0.008067038669636161 0.021965906667727176
0 0.29467198874122386 0.5458642939608654 0.008067038669636161 0.021965906667727176
0 0.3319810847389967 0.5290216919557749 0.011282945337363515 0.02981476933481808
0 0.3319810847389967 0.5290216919557749 0.011282945337363515 0.02981476933481808
0 0.33892142807126946 0.5211273759548203 0.0065045386696361614 0.021947725334181812
0 0.33892142807126946 0.5211273759548203 0.0065045386696361614 0.021947725334181812