0 0.2421875 0.47890625 0.0390625 0.07265625
0 0.2421875 0.47890625 0.0390625 0.07265625
0 0.2875 0.496875 0.03671875 0.04453125
0 0.2875 0.496875 0.03671875 0.04453125
0 0.328125 0.4640625 0.02890625 0.04609375
0 0.328125 0.4640625 0.02890625 0.04609375
0 0.41953125 0.5359375 0.0296875 0.06015625
0 0.41953125 0.5359375 0.0296875 0.06015625
0 0.45703125 0.5421875 0.01953125 0.0578125
0 0.45703125 0.5421875 0.01953125 0.0578125
0 0.57265625 0.484375 0.01015625 0.04453125
0 0.57265625 0.484375 0.01015625 0.04453125
0 0.603125 0.5234375 0.01484375 0.05546875
0 0.603125 0.5234375 0.01484375 0.05546875
0 0.62578125 0.53515625 0.01171875 0.0578125
0 0.62578125 0.53515625 0.01171875 0.0578125
0 0.615625 0.6609375 0.01875 0.03828125
0 0.615625 0.6609375 0.01875 0.03828125
0 0.59765625 0.61875 0.0078125 0.01875
0 0.59765625 0.61875 0.0078125 0.01875
0 0.5734375 0.6234375 0.0078125 0.01953125
0 0.5734375 0.6234375 0.0078125 0.01953125
0 0.3734375 0.61015625 0.00703125 0.01953125
0 0.3734375 0.61015625 0.00703125 0.01953125
0 0.36328125 0.615625 0.00625 0.01953125
0 0.36328125 0.615625 0.00625 0.01953125