0 0.5127268571869124 0.3278944478327305 0.07008700692008211 0.03882734561740726
0 0.5127268571869124 0.3278944478327305 0.07008700692008211 0.03882734561740726
0 0.5006950893924152 0.41151759213055455 0.05315417490485981 0.04357363421305553
0 0.5006950893924152 0.41151759213055455 0.05315417490485981 0.04357363421305553
0 0.48470533346091615 0.4383439322813416 0.05771434091247105 0.040858737323333116
0 0.48470533346091615 0.4383439322813416 0.05771434091247105 0.040858737323333116
0 0.45733240855605634 0.4751508651748139 0.03813666996194396 0.01890582488222208
0 0.45733240855605634 0.4751508651748139 0.03813666996194396 0.01890582488222208
0 0.40871985912689757 0.7061083392558325 0.04802100593149916 0.032226031102777594
0 0.40871985912689757 0.7061083392558325 0.04802100593149916 0.032226031102777594
0 0.28434194163641163 0.6991468568334717 0.023946835969555203 0.0145505155513888
0 0.28434194163641163 0.6991468568334717 0.023946835969555203 0.0145505155513888
0 0.28544152661738365 0.6914027073518513 0.027008168973360735 0.013261417624907424
0 0.28544152661738365 0.6914027073518513 0.027008168973360735 0.013261417624907424
0 0.2875107039937014 0.6406214573518513 0.025445668973360737 0.013124716588147933
0 0.2875107039937014 0.6406214573518513 0.025445668973360737 0.013124716588147933
0 0.2878927059708677 0.6312464573518513 0.02869800296574958 0.016523118661666558
0 0.2878927059708677 0.6312464573518513 0.02869800296574958 0.016523118661666558
0 0.3463259243733871 0.3901716894913882 0.03351283695813834 0.02005822177194432
0 0.3463259243733871 0.3901716894913882 0.03351283695813834 0.02005822177194432
0 0.35019768228205256 0.3528767410465271 0.05864017095052709 0.02537043836009243
0 0.35019768228205256 0.3528767410465271 0.05864017095052709 0.02537043836009243
0 0.3771713591640787 0.3066264576346752 0.03839133794672147 0.025155824882222077
0 0.3771713591640787 0.3066264576346752 0.03839133794672147 0.025155824882222077
0 0.38158694513363384 0.2944682102265733 0.03351283695813834 0.02005822177194432
0 0.38158694513363384 0.2944682102265733 0.03351283695813834 0.02005822177194432