0 0.3719629545469524 0.24722500042420728 0.05997501785690744 0.03887416846619489
0 0.3719629545469524 0.24722500042420728 0.05997501785690744 0.03887416846619489
0 0.4050657808458463 0.2778955825827123 0.029905688311602674 0.014749584233097402
0 0.4050657808458463 0.2778955825827123 0.029905688311602674 0.014749584233097402
0 0.434166899758414 0.31373891681580973 0.04259660308425524 0.026634277594401644
0 0.434166899758414 0.31373891681580973 0.04259660308425524 0.026634277594401644
0 0.428861790992116 0.30394951972023915 0.022038641233702094 0.011032588382282337
0 0.428861790992116 0.30394951972023915 0.022038641233702094 0.011032588382282337
0 0.47955153774570514 0.3578566923356189 0.023655688311602675 0.01427598755244528
0 0.47955153774570514 0.3578566923356189 0.023655688311602675 0.01427598755244528
0 0.5100616034945875 0.6715173732493686 0.052053423701106105 0.03203217261537965
0 0.5100616034945875 0.6715173732493686 0.052053423701106105 0.03203217261537965
0 0.4575757573101912 0.7653256502190702 0.03936250892845372 0.020147479254075583
0 0.4575757573101912 0.7653256502190702 0.03936250892845372 0.020147479254075583
0 0.43363369683960995 0.7924559126666249 0.03938978246740401 0.021709979254075584
0 0.43363369683960995 0.7924559126666249 0.03938978246740401 0.021709979254075584
0 0.5411422337712409 0.773222505822792 0.0237920560063543 0.022088487552445458
0 0.5411422337712409 0.773222505822792 0.0237920560063543 0.022088487552445458
0 0.5563269030081202 0.7548160479393408 0.015761367694751626 0.008996491701630305
0 0.5563269030081202 0.7548160479393408 0.015761367694751626 0.008996491701630305
0 0.5564496339333967 0.7477847979393408 0.029932961850553143 0.01631208423309758
0 0.5564496339333967 0.7477847979393408 0.029932961850553143 0.01631208423309758
0 0.5915882930240062 0.7066395796829272 0.026780688311602675 0.014512785892771518
0 0.5915882930240062 0.7066395796829272 0.026780688311602675 0.014512785892771518
0 0.5963985239492827 0.6999635271934164 0.023628414772652383 0.012713487552445456
0 0.5963985239492827 0.6999635271934164 0.023628414772652383 0.012713487552445456
0 0.6069911505724882 0.6757331217994761 0.01899546185055314 0.015483290041956366
0 0.6069911505724882 0.6757331217994761 0.01899546185055314 0.015483290041956366
0 0.618310480117793 0.6546869159906171 0.023628414772652383 0.012713487552445456
0 0.618310480117793 0.6546869159906171 0.023628414772652383 0.012713487552445456
0 0.621599121351495 0.6455487143309432 0.026753414772652383 0.012950285892771519
0 0.621599121351495 0.6455487143309432 0.026753414772652383 0.012950285892771519
0 0.6314377715136507 0.6196966093519214 0.015761367694751626 0.008996491701630305
0 0.6314377715136507 0.6196966093519214 0.015761367694751626 0.008996491701630305
0 0.6528042569031541 0.605669998149122 0.020694329545304768 0.023414189212119397
0 0.6528042569031541 0.605669998149122 0.020694329545304768 0.023414189212119397
0 0.6132856095803721 0.404757770969639 0.023628414772652383 0.01271348755244528
0 0.6132856095803721 0.404757770969639 0.023628414772652383 0.01271348755244528
0 0.5583174659110381 0.3270579008437701 0.02837046185055314 0.01619368506293446
0 0.5583174659110381 0.3270579008437701 0.02837046185055314 0.01619368506293446
0 0.4812152236216759 0.26254419233561893 0.05852161201270896 0.04500576929603195
0 0.4812152236216759 0.26254419233561893 0.05852161201270896 0.04500576929603195