0 0.2618474561992195 0.34465501160926915 0.03227036606107632 0.012681807181592397
0 0.2618474561992195 0.34465501160926915 0.03227036606107632 0.012681807181592397
0 0.23963774528889425 0.37735388212077386 0.030835411818710766 0.014235216822512697
0 0.23963774528889425 0.37735388212077386 0.030835411818710766 0.014235216822512697
0 0.15743244148617408 0.7715942406302261 0.03447059484924897 0.020503397540672097
0 0.15743244148617408 0.7715942406302261 0.03447059484924897 0.020503397540672097
0 0.14437433209305756 0.7496328822189697 0.02965554909161443 0.018913626463433177
0 0.14437433209305756 0.7496328822189697 0.02965554909161443 0.018913626463433177
0 0.11848138285166195 0.7221255057555366 0.07181109818322887 0.03789997579950324
0 0.11848138285166195 0.7221255057555366 0.07181109818322887 0.03789997579950324
0 0.08960656800823197 0.5875187015990064 0.05621804909161443 0.01906816256778665
0 0.08960656800823197 0.5875187015990064 0.05621804909161443 0.01906816256778665