0 0.37421875 0.5609375 0.0109375 0.03125
0 0.37421875 0.5609375 0.0109375 0.03125
0 0.60859375 0.515625 0.03046875 0.04453125
0 0.60859375 0.515625 0.03046875 0.04453125
0 0.7453125 0.50078125 0.0078125 0.03125
0 0.7453125 0.50078125 0.0078125 0.03125
0 0.3890625 0.6796875 0.009375 0.02890625
0 0.3890625 0.6796875 0.009375 0.02890625
0 0.2546875 0.6109375 0.0125 0.02890625
0 0.2546875 0.6109375 0.0125 0.02890625
0 0.26171875 0.61640625 0.01015625 0.02265625
0 0.26171875 0.61640625 0.01015625 0.02265625