0 0.5734375 0.20588546027219978 0.028125 0.0156215918667586
0 0.5734375 0.20588546027219978 0.028125 0.0156215918667586
0 0.58828125 0.24173795345363275 0.0265625 0.012323170096383151
0 0.58828125 0.24173795345363275 0.0265625 0.012323170096383151
0 0.5921875 0.25146064902769405 0.01875 0.014581061244505733
0 0.5921875 0.25146064902769405 0.01875 0.014581061244505733
0 0.59296875 0.3021551881425063 0.0390625 0.023085544259386914
0 0.59296875 0.3021551881425063 0.0390625 0.023085544259386914
0 0.54609375 0.6198578412537706 0.0625 0.03349937081501899
0 0.54609375 0.6198578412537706 0.0625 0.03349937081501899
0 0.62109375 0.6795023462757477 0.0203125 0.014754483014881182
0 0.62109375 0.6795023462757477 0.0203125 0.014754483014881182
0 0.634375 0.6686532612275562 0.059375 0.030027527274268096
0 0.634375 0.6686532612275562 0.059375 0.030027527274268096
0 0.64765625 0.6156166761793646 0.03125 0.019093435407509674
0 0.64765625 0.6156166761793646 0.03125 0.019093435407509674
0 0.646875 0.6242971370645524 0.021875 0.010240404785256629
0 0.646875 0.6242971370645524 0.021875 0.010240404785256629
0 0.709375 0.32361026624953326 0.0375 0.03853712248901146
0 0.709375 0.32361026624953326 0.0375 0.03853712248901146
0 0.7 0.3074632968717861 0.0359375 0.021176200718636018
0 0.7 0.3074632968717861 0.0359375 0.021176200718636018
0 0.69609375 0.26961560129772477 0.0546875 0.03419476196314175
0 0.69609375 0.26961560129772477 0.0546875 0.03419476196314175
0 0.665625 0.2128410758200466 0.0328125 0.020829357177885033