0 0.434375 0.36861097835889467 0.0640625 0.04092652837152997
0 0.434375 0.36861097835889467 0.0640625 0.04092652837152997
0 0.45 0.5337813372926679 0.046875 0.026363923198680438
0 0.45 0.5337813372926679 0.046875 0.026363923198680438
0 0.49140625 0.8864827884671668 0.065625 0.03784699247815269
0 0.49140625 0.8864827884671668 0.065625 0.03784699247815269
0 0.5078125 0.9164741653476287 0.0875 0.05879598997087001
0 0.5078125 0.9164741653476287 0.0875 0.05879598997087001
0 0.38828125 0.9332334195042638 0.084375 0.06808006175762493
0 0.38828125 0.9332334195042638 0.084375 0.06808006175762493
0 0.37734375 0.9015204182506225 0.025 0.011664925705962758
0 0.37734375 0.9015204182506225 0.025 0.011664925705962758
0 0.328125 0.561546287609237 0.0328125 0.01657974623907634
0 0.328125 0.561546287609237 0.0328125 0.01657974623907634