0 0.26046219457708836 0.5924553363869041 0.02099446159934022 0.02450203301668665
0 0.26046219457708836 0.5924553363869041 0.02099446159934022 0.02450203301668665
0 0.29420069708437085 0.6125288189740496 0.02810827962517113 0.05451708163720568
0 0.29420069708437085 0.6125288189740496 0.02810827962517113 0.05451708163720568
0 0.28080578681781415 0.6171311097926525 0.01662521034569906 0.035193871551297565
0 0.28080578681781415 0.6171311097926525 0.01662521034569906 0.035193871551297565
0 0.5868822905787379 0.6338527838096563 0.011664925705962937 0.025573210085908293
0 0.5868822905787379 0.6338527838096563 0.011664925705962937 0.025573210085908293
0 0.6286067893250966 0.620745274198718 0.03173338479802066 0.07186835594746518
0 0.6286067893250966 0.620745274198718 0.03173338479802066 0.07186835594746518
0 0.641978967538342 0.6169242333801149 0.019977530878812287 0.043170145861557076
0 0.641978967538342 0.6169242333801149 0.019977530878812287 0.043170145861557076
0 0.7202236394833811 0.5550992627787571 0.020858069279472247 0.01981453301668683
0 0.7202236394833811 0.5550992627787571 0.020858069279472247 0.01981453301668683
0 0.6399283857224575 0.5265448948455042 0.01478992570596276 0.025736984396167627
0 0.6399283857224575 0.5265448948455042 0.01478992570596276 0.025736984396167627
0 0.6633802575883544 0.4980137810961228 0.013409282132453626 0.03190509724103805