0 0.27890625 0.52265625 0.0109375 0.040625
0 0.27890625 0.52265625 0.0109375 0.040625
0 0.29140625 0.52890625 0.01328125 0.05546875
0 0.29140625 0.52890625 0.01328125 0.05546875
0 0.34765625 0.5421875 0.021875 0.03125
0 0.34765625 0.5421875 0.021875 0.03125
0 0.37109375 0.546875 0.0109375 0.02109375
0 0.37109375 0.546875 0.0109375 0.02109375
0 0.41953125 0.57265625 0.0109375 0.0390625
0 0.41953125 0.57265625 0.0109375 0.0390625
0 0.43046875 0.57734375 0.009375 0.0484375
0 0.43046875 0.57734375 0.009375 0.0484375
0 0.45859375 0.5625 0.00859375 0.02265625
0 0.45859375 0.5625 0.00859375 0.02265625
0 0.478125 0.56953125 0.0234375 0.0296875
0 0.478125 0.56953125 0.0234375 0.0296875
0 0.509375 0.56328125 0.0359375 0.04140625
0 0.509375 0.56328125 0.0359375 0.04140625
0 0.5515625 0.55546875 0.04140625 0.0578125
0 0.5515625 0.55546875 0.04140625 0.0578125
0 0.5796875 0.5421875 0.01640625 0.0484375
0 0.5796875 0.5421875 0.01640625 0.0484375
0 0.58515625 0.62734375 0.05 0.06328125
0 0.58515625 0.62734375 0.05 0.06328125
0 0.55 0.64375 0.01875 0.046875
0 0.55 0.64375 0.01875 0.046875
0 0.2875 0.6171875 0.0171875 0.04375
0 0.2875 0.6171875 0.0171875 0.04375
0 0.27734375 0.6171875 0.01640625 0.04140625