0 0.24783492939095303 0.49692848158608405 0.022405621018452494 0.03819198301488118
0 0.24783492939095303 0.49692848158608405 0.022405621018452494 0.03819198301488118
0 0.2946042426016024 0.5579467282380992 0.0481336631118273 0.05346673134088888
0 0.2946042426016024 0.5579467282380992 0.0481336631118273 0.05346673134088888
0 0.3310499768165869 0.566709639841923 0.03305469468185844 0.06110751363713405
0 0.3310499768165869 0.566709639841923 0.03305469468185844 0.06110751363713405
0 0.5000506057981344 0.6216368236980377 0.01633763154179633 0.04062329593337921
0 0.5000506057981344 0.6216368236980377 0.01633763154179633 0.04062329593337921
0 0.5417753742139858 0.6207637506129879 0.01991765785015538 0.048782639474130286
0 0.5417753742139858 0.6207637506129879 0.01991765785015538 0.048782639474130286
0 0.6405159820782588 0.5994846503762675 0.028913226251889412 0.06996224832600753
0 0.6405159820782588 0.5994846503762675 0.028913226251889412 0.06996224832600753
0 0.6881036136200549 0.5654513817171564 0.01221157366340595 0.023088952392628315
0 0.6881036136200549 0.5654513817171564 0.01221157366340595 0.023088952392628315
0 0.6272053690229011 0.7065167524095779 0.01184755261671846 0.016838952392628316
0 0.6272053690229011 0.7065167524095779 0.01184755261671846 0.016838952392628316
0 0.6182931006070497 0.7110316826725127 0.008540542093374626 0.013367108851877418
0 0.6182931006070497 0.7110316826725127 0.008540542093374626 0.013367108851877418