0 0.4738709777962331 0.6245397388071818 0.04216651603912887 0.050484678878243726
0 0.4738709777962331 0.6245397388071818 0.04216651603912887 0.050484678878243726
0 0.4831143723052772 0.5532003273417926 0.03924177513842757 0.05344590456798422
0 0.4831143723052772 0.5532003273417926 0.03924177513842757 0.05344590456798422
0 0.5191031346437784 0.6112684548859839 0.028665220542635695 0.034204581637205675
0 0.5191031346437784 0.6112684548859839 0.028665220542635695 0.034204581637205675
0 0.7377215291528224 0.5289561646332079 0.020852720542635695 0.033795145861557074
0 0.7377215291528224 0.5289561646332079 0.020852720542635695 0.033795145861557074
0 0.7342646645625679 0.4613968504088567 0.022415220542635693 0.03387703301668683
0 0.7342646645625679 0.4613968504088567 0.022415220542635693 0.03387703301668683
0 0.7694721769010691 0.5195059215306129 0.031189443244739934 0.02499335594746519