0 0.284375 0.5890625 0.01796875 0.04921875
0 0.284375 0.5890625 0.01796875 0.04921875
0 0.70859375 0.68203125 0.028125 0.040625
0 0.70859375 0.68203125 0.028125 0.040625
0 0.6921875 0.69296875 0.00625 0.02109375
0 0.6921875 0.69296875 0.00625 0.02109375
0 0.64921875 0.71328125 0.015625 0.0296875
0 0.64921875 0.71328125 0.015625 0.0296875
0 0.63828125 0.7140625 0.0078125 0.02265625
0 0.63828125 0.7140625 0.0078125 0.02265625
0 0.6078125 0.7328125 0.0046875 0.0265625
0 0.6078125 0.7328125 0.0046875 0.0265625
0 0.6015625 0.73046875 0.00703125 0.025
0 0.6015625 0.73046875 0.00703125 0.025
0 0.57578125 0.734375 0.00546875 0.01875
0 0.57578125 0.734375 0.00546875 0.01875
0 0.56875 0.734375 0.00546875 0.02421875
0 0.56875 0.734375 0.00546875 0.02421875
0 0.34140625 0.71484375 0.034375 0.04453125
0 0.34140625 0.71484375 0.034375 0.04453125
0 0.31640625 0.709375 0.01171875 0.02421875
0 0.31640625 0.709375 0.01171875 0.02421875
0 0.26875 0.67890625 0.0109375 0.02265625
0 0.26875 0.67890625 0.0109375 0.02265625
0 0.259375 0.69140625 0.00859375 0.03203125
0 0.259375 0.69140625 0.00859375 0.03203125
0 0.259375 0.6921875 0.01484375 0.03203125