0 0.45213756604727384 0.7706776145632641 0.015897784639735946 0.010650457576345218
0 0.45213756604727384 0.7706776145632641 0.015897784639735946 0.010650457576345218
0 0.45727134692608634 0.7288089789573505 0.022147784639735945 0.011160640606883553
0 0.45727134692608634 0.7288089789573505 0.022147784639735945 0.011160640606883553
0 0.4669418636191337 0.7194180035031577 0.025409176959604096 0.016103232122152634
0 0.4669418636191337 0.7194180035031577 0.025409176959604096 0.016103232122152634
0 0.5114409875300947 0.4011940330499348 0.041034176959604096 0.017378689698497853
0 0.5114409875300947 0.4011940330499348 0.041034176959604096 0.017378689698497853
0 0.5328446260890389 0.36535212789918375 0.0441591769596041 0.01763378121376702
0 0.5328446260890389 0.36535212789918375 0.0441591769596041 0.01763378121376702
0 0.5208136390211628 0.3212992389592902 0.053897889812585476 0.03089905575957417
0 0.5208136390211628 0.3212992389592902 0.053897889812585476 0.03089905575957417
0 0.5819700993668617 0.29183475062821984 0.025409176959604096 0.016103232122152544
0 0.5819700993668617 0.29183475062821984 0.025409176959604096 0.016103232122152544
0 0.6334390418323791 0.7298766266912358 0.03942621285298138 0.0156886439408634
0 0.6334390418323791 0.7298766266912358 0.03942621285298138 0.0156886439408634
0 0.643967364872775 0.7448319469946775 0.03790917695960409 0.01712359818322895
0 0.643967364872775 0.7448319469946775 0.03790917695960409 0.01712359818322895
0 0.48890412866282845 0.8527725085041276 0.05421613855894449 0.041836555759574165