0 0.12109375 0.49921875 0.0203125 0.05625
0 0.12109375 0.49921875 0.0203125 0.05625
0 0.13046875 0.503125 0.009375 0.02734375
0 0.13046875 0.503125 0.009375 0.02734375
0 0.45 0.55546875 0.0078125 0.034375
0 0.45 0.55546875 0.0078125 0.034375
0 0.4671875 0.63046875 0.00546875 0.02890625
0 0.4671875 0.63046875 0.00546875 0.02890625
0 0.459375 0.62734375 0.00859375 0.03203125
0 0.459375 0.62734375 0.00859375 0.03203125
0 0.2765625 0.63828125 0.0296875 0.0609375
0 0.2765625 0.63828125 0.0296875 0.0609375
0 0.1890625 0.63671875 0.05078125 0.0640625
0 0.1890625 0.63671875 0.05078125 0.0640625