0 0.2811110470746054 0.48913423254683436 0.049828450486467356 0.08053297970746058
0 0.2811110470746054 0.48913423254683436 0.049828450486467356 0.08053297970746058
0 0.3580377857105197 0.5560819991859258 0.04196140340856669 0.07727161201270878
0 0.3580377857105197 0.5560819991859258 0.04196140340856669 0.07727161201270878
0 0.4004843843305479 0.571662134737585 0.012990923701106105 0.028343188311602673
0 0.4004843843305479 0.571662134737585 0.012990923701106105 0.028343188311602673
0 0.42409916233372513 0.5822274878218401 0.009865923701106106 0.028288641233702096
0 0.42409916233372513 0.5822274878218401 0.009865923701106106 0.028288641233702096
0 0.4483355032431156 0.5389138644450455 0.024010244317957154 0.03322160308425524
0 0.4483355032431156 0.5389138644450455 0.024010244317957154 0.03322160308425524
0 0.5176542934211574 0.6174440133893853 0.008412517856907442 0.034511367694751625
0 0.5176542934211574 0.6174440133893853 0.008412517856907442 0.034511367694751625
0 0.525439519882207 0.616017881084137 0.013263659090609536 0.04396818831160267
0 0.525439519882207 0.616017881084137 0.013263659090609536 0.04396818831160267
0 0.5552224772685334 0.6220048283241935 0.008412517856907442 0.034511367694751625
0 0.5552224772685334 0.6220048283241935 0.008412517856907442 0.034511367694751625
0 0.5661463404990581 0.6214144930968459 0.010002291395857909 0.036101141233702096
0 0.5661463404990581 0.6214144930968459 0.010002291395857909 0.036101141233702096
0 0.5956292889569305 0.6102139403369022 0.009811376623205349 0.025163641233702093
0 0.5956292889569305 0.6102139403369022 0.009811376623205349 0.025163641233702093
0 0.6027696331127319 0.6165866712621788 0.011592064934808199 0.037690914772652385
0 0.6027696331127319 0.6165866712621788 0.011592064934808199 0.037690914772652385
0 0.6253440624958809 0.6122946375769589 0.008357970779006862 0.03138636769475163
0 0.6253440624958809 0.6122946375769589 0.008357970779006862 0.03138636769475163
0 0.719107699265356 0.6147122999139791 0.019840941558013726 0.06282728246740402
0 0.719107699265356 0.6147122999139791 0.019840941558013726 0.06282728246740402
0 0.7786366578694983 0.5798248311635673 0.008248876623205347 0.025136367694751627
0 0.7786366578694983 0.5798248311635673 0.008248876623205347 0.025136367694751627
0 0.7723593843305478 0.578153237007766 0.008112508928453721 0.017323867694751627
0 0.7723593843305478 0.578153237007766 0.008112508928453721 0.017323867694751627
0 0.8076031834370434 0.6732708680951982 0.02718979139585791 0.03640115016215582
0 0.8076031834370434 0.6732708680951982 0.02718979139585791 0.03640115016215582
0 0.7568997999139792 0.721589591309837 0.011537517856907441 0.03456591477265238
0 0.7568997999139792 0.721589591309837 0.011537517856907441 0.03456591477265238
0 0.7184958189887027 0.7138901396055537 0.028970479707460584 0.0489284237011061
0 0.7184958189887027 0.7138901396055537 0.028970479707460584 0.0489284237011061
0 0.7030480969918799 0.7237736542160503 0.011428423701106106 0.028315914772652384
0 0.7030480969918799 0.7237736542160503 0.011428423701106106 0.028315914772652384
0 0.6750049176087309 0.7279702305149442 0.009865923701106106 0.028288641233702096
0 0.6750049176087309 0.7279702305149442 0.009865923701106106 0.028288641233702096
0 0.40868444236549717 0.6834899788933864 0.011373876623205348 0.025190914772652385
0 0.40868444236549717 0.6834899788933864 0.011373876623205348 0.025190914772652385
0 0.39621171590444754 0.6848342905817837 0.017678423701106106 0.028425008928453722
0 0.39621171590444754 0.6848342905817837 0.017678423701106106 0.028425008928453722
0 0.32092929788538427 0.6226012974816425 0.05755912986961631 0.07598184740221221
0 0.32092929788538427 0.6226012974816425 0.05755912986961631 0.07598184740221221
0 0.2707014269442217 0.5639296810047068 0.05761367694751698 0.07910684740221222