0 0.21407081372028744 0.38946650547343337 0.040426176947516976 0.08040013154179623
0 0.21407081372028744 0.38946650547343337 0.040426176947516976 0.08040013154179623
0 0.24462711282678304 0.29325165813250414 0.058712526785361166 0.054929694681858446
0 0.24462711282678304 0.29325165813250414 0.058712526785361166 0.054929694681858446
0 0.29938279667415885 0.28616022397398944 0.027053423701106104 0.029672089448421434
0 0.29938279667415885 0.28616022397398944 0.027053423701106104 0.029672089448421434
0 0.34322252557084054 0.36789607138550584 0.012963650162155815 0.027290542093374802
0 0.34322252557084054 0.36789607138550584 0.012963650162155815 0.027290542093374802
0 0.3969844995962582 0.2835973951194989 0.014526150162155815 0.02738154735504663
0 0.3969844995962582 0.2835973951194989 0.014526150162155815 0.02738154735504663
0 0.6649378384770538 0.4030097348502689 0.03223184740221221 0.05807010523343692
0 0.6649378384770538 0.4030097348502689 0.03223184740221221 0.05807010523343692
0 0.7045554918856205 0.32421760593930865 0.012800008928453722 0.017915542093374804
0 0.7045554918856205 0.32421760593930865 0.012800008928453722 0.017915542093374804
0 0.6400878429412806 0.39587206903701855 0.014635244317957152 0.03363154735504672
0 0.6400878429412806 0.39587206903701855 0.014635244317957152 0.03363154735504672
0 0.6734009492719466 0.3205689611727457 0.006522735389503431 0.015989021046687403
0 0.6734009492719466 0.3205689611727457 0.006522735389503431 0.015989021046687403
0 0.7316401432655922 0.3374687638600513 0.00967500892845372 0.017733531570031057