0 0.273102250066507 0.44288410975467646 0.03205163354437941 0.08384731969842588
0 0.273102250066507 0.44288410975467646 0.03205163354437941 0.08384731969842588
0 0.295894892386375 0.43621444472166726 0.04849498746358769 0.11333933006601846
0 0.295894892386375 0.43621444472166726 0.04849498746358769 0.11333933006601846
0 0.35221308854630906 0.428949457398334 0.042579956584775314 0.0707417269557407
0 0.35221308854630906 0.428949457398334 0.042579956584775314 0.0707417269557407
0 0.38155124755922454 0.4115767382182877 0.03315949247815268 0.06835902073518518
0 0.38155124755922454 0.4115767382182877 0.03315949247815268 0.06835902073518518
0 0.32669391448969887 0.31507217657838027 0.024846887305303156 0.0504880155513888
0 0.32669391448969887 0.31507217657838027 0.024846887305303156 0.0504880155513888
0 0.3387452851019545 0.27583401932106544 0.01786946159934022 0.024941211404351814
0 0.3387452851019545 0.27583401932106544 0.01786946159934022 0.024941211404351814
0 0.39664871331519985 0.267651080960973 0.017960389812585652 0.028066211404351817
0 0.39664871331519985 0.267651080960973 0.017960389812585652 0.028066211404351817