0 0.784375 0.41875 0.034375 0.07734375
0 0.784375 0.41875 0.034375 0.07734375
0 0.75390625 0.4375 0.01953125 0.06875
0 0.75390625 0.4375 0.01953125 0.06875
0 0.465625 0.43046875 0.0140625 0.075
0 0.465625 0.43046875 0.0140625 0.075
0 0.29140625 0.47890625 0.01328125 0.021875
0 0.29140625 0.47890625 0.01328125 0.021875
0 0.24140625 0.4359375 0.01328125 0.01875
0 0.24140625 0.4359375 0.01328125 0.01875
0 0.22890625 0.43046875 0.0046875 0.02421875
0 0.22890625 0.43046875 0.0046875 0.02421875
0 0.21953125 0.42578125 0.015625 0.03984375
0 0.21953125 0.42578125 0.015625 0.03984375
0 0.20390625 0.54921875 0.01640625 0.021875
0 0.20390625 0.54921875 0.01640625 0.021875
0 0.653125 0.6046875 0.009375 0.028125
0 0.653125 0.6046875 0.009375 0.028125
0 0.6609375 0.60703125 0.00703125 0.0265625
0 0.6609375 0.60703125 0.00703125 0.0265625
0 0.70546875 0.58671875 0.01015625 0.040625
0 0.70546875 0.58671875 0.01015625 0.040625
0 0.71484375 0.59140625 0.0078125 0.03828125
0 0.71484375 0.59140625 0.0078125 0.03828125
0 0.77421875 0.55078125 0.02578125 0.046875
0 0.77421875 0.55078125 0.02578125 0.046875
0 0.759375 0.55703125 0.00703125 0.02265625