0 0.6269928135399914 0.7176924127545868 0.045903533386094965 0.020839758672817864
0 0.6269928135399914 0.7176924127545868 0.045903533386094965 0.020839758672817864
0 0.5590755393250966 0.6614145934118145 0.03372178213245362 0.03163180800445424
0 0.5590755393250966 0.6614145934118145 0.03372178213245362 0.03163180800445424
0 0.5581268047645028 0.6403026620782691 0.03161371285298138 0.012863626670908878
0 0.5581268047645028 0.6403026620782691 0.03161371285298138 0.012863626670908878
0 0.5855664608079174 0.2881589067472691 0.03005121285298138 0.012845445337363514
0 0.5855664608079174 0.2881589067472691 0.03005121285298138 0.012845445337363514
0 0.45762566574334007 0.3609140593968607 0.07484688730530316 0.049292022676635926
0 0.45762566574334007 0.3609140593968607 0.07484688730530316 0.049292022676635926
0 0.438656705397641 0.3950799740610881 0.04268760517284953 0.01767839600572696
0 0.438656705397641 0.3950799740610881 0.04268760517284953 0.01767839600572696
0 0.45710987404397496 0.6203708753978152 0.03956260517284953 0.017642033338636055
0 0.45710987404397496 0.6203708753978152 0.03956260517284953 0.017642033338636055
0 0.477476198338012 0.6456163234006788 0.04902853338609496 0.020876121339908772
0 0.477476198338012 0.6456163234006788 0.04902853338609496 0.020876121339908772
0 0.49683395209893577 0.6786651807367695 0.0521989974927175 0.022474984006999675
0 0.49683395209893577 0.6786651807367695 0.0521989974927175 0.022474984006999675
0 0.5027429712992657 0.6904566560709513 0.0363466769596041 0.014480670671545326
0 0.5027429712992657 0.6904566560709513 0.0363466769596041 0.014480670671545326
0 0.558137513460849 0.74737027474536 0.05260817445232178 0.036537484006999674