0 0.43825956586399517 0.28009430480147424 0.032885222872636885 0.013645837748947986
0 0.43825956586399517 0.28009430480147424 0.032885222872636885 0.013645837748947986
0 0.4358658188890573 0.27141870924797795 0.020367042154477842 0.010084328130301135
0 0.4358658188890573 0.27141870924797795 0.020367042154477842 0.010084328130301135
0 0.495862987605164 0.24617566178771585 0.048573855386194256 0.025128974772256552
0 0.495862987605164 0.24617566178771585 0.048573855386194256 0.025128974772256552
0 0.5086447887366321 0.29504967140636273 0.026635222872636886 0.01342758293962456
0 0.5086447887366321 0.29504967140636273 0.026635222872636886 0.01342758293962456
0 0.5072231893023662 0.3192138577040319 0.020403403590796287 0.016334328130301133
0 0.5072231893023662 0.3192138577040319 0.020403403590796287 0.016334328130301133
0 0.5253101139704013 0.34015384028083673 0.03603749394987581 0.0184424651536097
0 0.5253101139704013 0.34015384028083673 0.03603749394987581 0.0184424651536097
0 0.5350305476154267 0.3998562224948218 0.012536361436318444 0.006686509618646852
0 0.5350305476154267 0.3998562224948218 0.012536361436318444 0.006686509618646852