0 0.5577265694826006 0.7005341669639004 0.029216619106587773 0.026890815775394115
0 0.5577265694826006 0.7005341669639004 0.029216619106587773 0.026890815775394115
0 0.48714439578511753 0.6649239827170021 0.03034247146395259 0.0177076666518051
0 0.48714439578511753 0.6649239827170021 0.03034247146395259 0.0177076666518051
0 0.40410087924078225 0.3131399388072925 0.06388271753501122 0.03736153505643154
0 0.40410087924078225 0.3131399388072925 0.06388271753501122 0.03736153505643154
0 0.4524356794884513 0.20933061426779043 0.06617296360606986 0.05317838593284234
0 0.4524356794884513 0.20933061426779043 0.06617296360606986 0.05317838593284234
0 0.4202203389179108 0.25057170635780085 0.024019696856846906 0.015377763146161882
0 0.4202203389179108 0.25057170635780085 0.024019696856846906 0.015377763146161882
0 0.4212199127392283 0.24578828091959543 0.028707196856846907 0.015953315775394116
0 0.4212199127392283 0.24578828091959543 0.028707196856846907 0.015953315775394116
0 0.3403701730783105 0.24717077649295643 0.1085445541766104 0.0956665087195228
0 0.3403701730783105 0.24717077649295643 0.1085445541766104 0.0956665087195228
0 0.306046522954476 0.3003224694593776 0.09509848428423436 0.07381920170823655
0 0.306046522954476 0.3003224694593776 0.09509848428423436 0.07381920170823655
0 0.3296638054194647 0.326940355436805 0.03673802067816441 0.021600070157448137
0 0.3296638054194647 0.326940355436805 0.03673802067816441 0.021600070157448137
0 0.2939617458661708 0.3429757501560477 0.024238020678164406 0.020065263146161794
0 0.2939617458661708 0.3429757501560477 0.024238020678164406 0.020065263146161794
0 0.28249555293826534 0.37234778085271786 0.024165246071058633 0.018502763146161883
0 0.28249555293826534 0.37234778085271786 0.024165246071058633 0.018502763146161883
0 0.27971515529563024 0.382010557167334 0.03822774607105863 0.02022942103385894
0 0.27971515529563024 0.382010557167334 0.03822774607105863 0.02022942103385894
0 0.30938757692619867 0.6121786843806535 0.051018844499482 0.028014228045145195
0 0.30938757692619867 0.6121786843806535 0.051018844499482 0.028014228045145195
0 0.3143832919800106 0.6216634563132157 0.04306079528527027 0.023929973663091176
0 0.3143832919800106 0.6216634563132157 0.04306079528527027 0.023929973663091176
0 0.33609347208763446 0.6391941186052593 0.036883569892376136 0.024725070157448136
0 0.33609347208763446 0.6391941186052593 0.036883569892376136 0.024725070157448136