0 0.5426311510614814 0.5868666574014252 0.0389673247398008 0.05802157825883114
0 0.5426311510614814 0.5868666574014252 0.0389673247398008 0.05802157825883114
0 0.5244067735172899 0.6268285820694602 0.04702548620519007 0.06275453005422929
0 0.5244067735172899 0.6268285820694602 0.04702548620519007 0.06275453005422929
0 0.5572535730423201 0.6571155248878678 0.026057888964152197 0.05013635538619425
0 0.5572535730423201 0.6571155248878678 0.026057888964152197 0.05013635538619425
0 0.5802783152404041 0.6640149646812133 0.014137743102595125 0.03132272287263689
0 0.5802783152404041 0.6640149646812133 0.014137743102595125 0.03132272287263689
0 0.7795413308442363 0.6487888987190223 0.028855340343633174 0.04390453610435348
0 0.7795413308442363 0.6487888987190223 0.028855340343633174 0.04390453610435348
0 0.7528560001115416 0.6465996848233759 0.020797178878243727 0.03917158430895533
0 0.7528560001115416 0.6465996848233759 0.020797178878243727 0.03917158430895533
0 0.8104261606724197 0.6267275463578901 0.05549972749876275 0.045621572208706954
0 0.8104261606724197 0.6267275463578901 0.05549972749876275 0.045621572208706954
0 0.8064579556748942 0.5360980011783504 0.048669873360319825 0.06432612041330898