0 0.48101200063654675 0.23031616030513025 0.06271817600254544 0.019840941558013546
0 0.48101200063654675 0.23031616030513025 0.06271817600254544 0.019840941558013546
0 0.48382791796627433 0.25693320738303094 0.08006930800445425 0.034203450486467356
0 0.48382791796627433 0.25693320738303094 0.08006930800445425 0.034203450486467356
0 0.5603887759389119 0.45987302110002304 0.025109088001272716 0.009811376623205349
0 0.5603887759389119 0.45987302110002304 0.025109088001272716 0.009811376623205349
0 0.5546467585932762 0.5504162004831721 0.02821590666772735 0.008303423701106104
0 0.5546467585932762 0.5504162004831721 0.02821590666772735 0.008303423701106104
0 0.6479502212365045 0.7247361363591428 0.020476132001908988 0.014417056006354479
0 0.6479502212365045 0.7247361363591428 0.020476132001908988 0.014417056006354479
0 0.6581439285885036 0.5873861408233696 0.028234088001272716 0.009865923701106106
0 0.6581439285885036 0.5873861408233696 0.028234088001272716 0.009865923701106106
0 0.6841722686187295 0.3651389939076248 0.023637494668999892 0.017596603084255057