0 0.4590038579202771 0.40058482005600526 0.03764544574527377 0.03004798523536465
0 0.4590038579202771 0.40058482005600526 0.03764544574527377 0.03004798523536465
0 0.4625015626425414 0.4650679854922856 0.040770445745273776 0.030468650671645038
0 0.4625015626425414 0.4650679854922856 0.040770445745273776 0.030468650671645038
0 0.44516861689726744 0.4377543255927436 0.03605567466803503 0.02515015251722428
0 0.44516861689726744 0.4377543255927436 0.03605567466803503 0.02515015251722428
0 0.44430555366555097 0.4235866592336735 0.03291249394987581 0.02160448708094389
0 0.44430555366555097 0.4235866592336735 0.03291249394987581 0.02160448708094389
0 0.4465407402374426 0.5394219919518136 0.025063632513557366 0.014302823490243099
0 0.4465407402374426 0.5394219919518136 0.025063632513557366 0.014302823490243099
0 0.44737653239192027 0.5489021583108837 0.034447722872636886 0.017127319799084086
0 0.44737653239192027 0.5489021583108837 0.034447722872636886 0.017127319799084086
0 0.39170831537301587 0.6413301804578369 0.0266443132317165 0.017638156208383292
0 0.39170831537301587 0.6413301804578369 0.0266443132317165 0.017638156208383292
0 0.40022934250037895 0.629987010407608 0.03292158430895533 0.023166987080944067
0 0.40022934250037895 0.629987010407608 0.03292158430895533 0.023166987080944067
0 0.3924986557320955 0.642997846816907 0.026635222872636886 0.016075656208383294
0 0.3924986557320955 0.642997846816907 0.026635222872636886 0.016075656208383294
0 0.3864122821955286 0.6702815159443463 0.028188632513557365 0.014723488926523486
0 0.3864122821955286 0.6702815159443463 0.028188632513557365 0.014723488926523486
0 0.3919401195295461 0.6811739304578369 0.023501132513557364 0.014092490772102905
0 0.3919401195295461 0.6811739304578369 0.023501132513557364 0.014092490772102905
0 0.3535760145361353 0.3934186115815425 0.054842036104353474 0.0339241451349066
0 0.3535760145361353 0.3934186115815425 0.054842036104353474 0.0339241451349066
0 0.36524022238165765 0.38562110696759394 0.028197722872636888 0.016285988926523397
0 0.36524022238165765 0.38562110696759394 0.028197722872636888 0.016285988926523397