0 0.4109375 0.52734375 0.021875 0.046875
0 0.4109375 0.52734375 0.021875 0.046875
0 0.6796875 0.525 0.00859375 0.03203125
0 0.6796875 0.525 0.00859375 0.03203125
0 0.690625 0.51953125 0.01015625 0.040625
0 0.690625 0.51953125 0.01015625 0.040625
0 0.721875 0.509375 0.0125 0.04609375
0 0.721875 0.509375 0.0125 0.04609375
0 0.753125 0.63515625 0.01640625 0.04453125
0 0.753125 0.63515625 0.01640625 0.04453125
0 0.74296875 0.6359375 0.00546875 0.02109375
0 0.74296875 0.6359375 0.00546875 0.02109375
0 0.70234375 0.6578125 0.01015625 0.02578125
0 0.70234375 0.6578125 0.01015625 0.02578125
0 0.69140625 0.659375 0.0125 0.0375
0 0.69140625 0.659375 0.0125 0.0375
0 0.6375 0.66171875 0.01015625 0.0359375
0 0.6375 0.66171875 0.01015625 0.0359375
0 0.4078125 0.67421875 0.0125 0.03125
0 0.4078125 0.67421875 0.0125 0.03125
0 0.29609375 0.6625 0.040625 0.05
0 0.29609375 0.6625 0.040625 0.05