0 0.4143553873718101 0.43691233996106893 0.03340353338609479 0.021649506920082117
0 0.4143553873718101 0.43691233996106893 0.03340353338609479 0.021649506920082117
0 0.40603442201154627 0.4271871714819998 0.038136497492717504 0.02340300790866543
0 0.40603442201154627 0.4271871714819998 0.038136497492717504 0.02340300790866543
0 0.43901440657214 0.4496497619001792 0.046085389812585656 0.0284088428896375
0 0.43901440657214 0.4496497619001792 0.046085389812585656 0.0284088428896375
0 0.5014629307870349 0.5077288587441492 0.04130696159934022 0.025092841901054187
0 0.5014629307870349 0.5077288587441492 0.04130696159934022 0.025092841901054187
0 0.5054002730277606 0.5337011097327323 0.04296038981258547 0.028281508897248564
0 0.5054002730277606 0.5337011097327323 0.04296038981258547 0.028281508897248564
0 0.5309074237274058 0.7592250331547173 0.0876196719450391 0.061314184790691506
0 0.5309074237274058 0.7592250331547173 0.0876196719450391 0.061314184790691506
0 0.5311480822781028 0.4283742811775511 0.03340353338609496 0.021649506920082117
0 0.5311480822781028 0.4283742811775511 0.03340353338609496 0.021649506920082117