0 0.33106288630935793 0.5462563000427811 0.025728042093374804 0.013664393713693813
0 0.33106288630935793 0.5462563000427811 0.025728042093374804 0.013664393713693813
0 0.3273316705808121 0.4821938000427812 0.019296031570031145 0.010248295285270359
0 0.3273316705808121 0.4821938000427812 0.019296031570031145 0.010248295285270359
0 0.33041887322576546 0.4679493635250166 0.05908657366340586 0.024567660462916762
0 0.33041887322576546 0.4679493635250166 0.05908657366340586 0.024567660462916762
0 0.33672978640817997 0.4418042404894873 0.022512036831702886 0.011956344499482085
0 0.33672978640817997 0.4418042404894873 0.022512036831702886 0.011956344499482085
0 0.3229879918957307 0.2058667404894873 0.03850105787839038 0.01893409057054054
0 0.3229879918957307 0.2058667404894873 0.03850105787839038 0.01893409057054054
0 0.3076745340596927 0.14469380004278123 0.025348610495108836 0.03390411910658786
0 0.3076745340596927 0.14469380004278123 0.025348610495108836 0.03390411910658786
0 0.22266176820408995 0.21837320264781512 0.03206904735504672 0.015517992142117087
0 0.22266176820408995 0.21837320264781512 0.03206904735504672 0.015517992142117087
0 0.22504331555913656 0.23236292804070927 0.028762036831702885 0.01224744292790545
0 0.22504331555913656 0.23236292804070927 0.028762036831702885 0.01224744292790545
0 0.22906295762427656 0.2744776534336034 0.051092063140062115 0.021078787427387446
0 0.22906295762427656 0.2744776534336034 0.051092063140062115 0.021078787427387446
0 0.2311091179640936 0.4710080510762385 0.02233002630835923 0.008831344499482086
0 0.2311091179640936 0.4710080510762385 0.02233002630835923 0.008831344499482086