0 0.3801861949104162 0.5384673206796341 0.02449216014423623 0.04667757892507769
0 0.3801861949104162 0.5384673206796341 0.02449216014423623 0.04667757892507769
0 0.39221406943545095 0.525868610142173 0.04575021751493065 0.08848564732681172
0 0.39221406943545095 0.525868610142173 0.04575021751493065 0.08848564732681172
0 0.5154710379003122 0.47359202055257726 0.016388719414791808 0.03372255261671846
0 0.5154710379003122 0.47359202055257726 0.016388719414791808 0.03372255261671846
0 0.6792607809664579 0.49486632302812145 0.02292966014423605 0.046586573663405774
0 0.6792607809664579 0.49486632302812145 0.02292966014423605 0.046586573663405774
0 0.7125454064414232 0.5101041861540662 0.024892203647222288 0.06386507892507787
0 0.7125454064414232 0.5101041861540662 0.024892203647222288 0.06386507892507787
0 0.6675238471708677 0.4949650335655825 0.009993249050069508 0.027108531570031145
0 0.6675238471708677 0.4949650335655825 0.009993249050069508 0.027108531570031145
0 0.7220503058520831 0.37062445720075354 0.023075130508958354 0.05283657366340595
0 0.7220503058520831 0.37062445720075354 0.023075130508958354 0.05283657366340595
0 0.7102951882609025 0.37150441773821463 0.013300087005972294 0.0351030420933748
0 0.7102951882609025 0.37150441773821463 0.013300087005972294 0.0351030420933748
0 0.666127614172708 0.3532857677805669 0.016497822188333445 0.03841005261671846
0 0.666127614172708 0.3532857677805669 0.016497822188333445 0.03841005261671846
0 0.6551355627859372 0.354992480948864 0.021512630508958352 0.052745568401734035
0 0.6551355627859372 0.354992480948864 0.021512630508958352 0.052745568401734035
0 0.5994122396476733 0.3626992941595134 0.02285692496187508 0.04346157366340595
0 0.5994122396476733 0.3626992941595134 0.02285692496187508 0.04346157366340595
0 0.5673809896476734 0.3608336862952405 0.011519381458888844 0.025637036831702976
0 0.5673809896476734 0.3608336862952405 0.011519381458888844 0.025637036831702976
0 0.36661727023288165 0.3819975128012438 0.01482621941479172 0.03363154735504663
0 0.36661727023288165 0.3819975128012438 0.01482621941479172 0.03363154735504663
0 0.3239206239563538 0.40141537073610384 0.023184233282499987 0.05752407366340595
0 0.3239206239563538 0.40141537073610384 0.023184233282499987 0.05752407366340595