0 0.2666945370863122 0.64077709135348 0.023673849336070064 0.04226390965492612
0 0.2666945370863122 0.64077709135348 0.023673849336070064 0.04226390965492612
0 0.2838411304704539 0.6490102084337592 0.04733860831306051 0.08296531930985207
0 0.2838411304704539 0.6490102084337592 0.04733860831306051 0.08296531930985207
0 0.3189837449318344 0.6538123229161483 0.01428066861791084 0.038483345792955606
0 0.3189837449318344 0.6538123229161483 0.01428066861791084 0.038483345792955606
0 0.6814842658126816 0.54473116192384 0.03627384328594587 0.06032549480421991
0 0.6814842658126816 0.54473116192384 0.03627384328594587 0.06032549480421991
0 0.7003160790443982 0.5319797896477808 0.03944429508134384 0.06835651609154336
0 0.7003160790443982 0.5319797896477808 0.03944429508134384 0.06835651609154336
0 0.7145371394474443 0.6400490157625672 0.02050339754067192 0.0342328883676025
0 0.7145371394474443 0.6400490157625672 0.02050339754067192 0.0342328883676025