0 0.4764741400125908 0.4856742287758906 0.04418637662320535 0.02934112573336147
0 0.4764741400125908 0.4856742287758906 0.04418637662320535 0.02934112573336147
0 0.4849587958567894 0.47857150764969464 0.03001478246740401 0.021695763890495278
0 0.4849587958567894 0.47857150764969464 0.03001478246740401 0.021695763890495278
0 0.5622734979681099 0.3347269572067863 0.03001478246740419 0.021695763890495278
0 0.5622734979681099 0.3347269572067863 0.03001478246740419 0.021695763890495278
0 0.569935993503883 0.3253580061829718 0.050463650162155815 0.03152378655241304
0 0.569935993503883 0.3253580061829718 0.050463650162155815 0.03152378655241304
0 0.4620416728870319 0.3313682803116124 0.02368296185055314 0.016388103071443626
0 0.4620416728870319 0.3313682803116124 0.02368296185055314 0.016388103071443626
0 0.36888951095375333 0.5542620230069126 0.06655230032431163 0.05963668860004212
0 0.36888951095375333 0.5542620230069126 0.06655230032431163 0.05963668860004212
0 0.36066395372958293 0.5762084941331087 0.03941705600635448 0.0241885051190728
0 0.36066395372958293 0.5762084941331087 0.03941705600635448 0.0241885051190728