0 0.36188446085642234 0.553918322896078 0.024060212873234656 0.03137726502711473
0 0.36188446085642234 0.553918322896078 0.024060212873234656 0.03137726502711473
0 0.28415829860360625 0.5598370456705192 0.00868658514929388 0.012545451795397965
0 0.28415829860360625 0.5598370456705192 0.00868658514929388 0.012545451795397965
0 0.30801106184515803 0.5760978499252453 0.008795845792955604 0.014107951795398144
0 0.30801106184515803 0.5760978499252453 0.008795845792955604 0.014107951795398144
0 0.3415119766958642 0.5883978620254936 0.008795845792955604 0.014107951795397967
0 0.3415119766958642 0.5883978620254936 0.008795845792955604 0.014107951795397967
0 0.34942266568388536 0.5422768409482548 0.01959123416055819 0.03447499394987581
0 0.34942266568388536 0.5422768409482548 0.01959123416055819 0.03447499394987581
0 0.3492698463740333 0.5891336602300956 0.009123627723940864 0.018795451795398144
0 0.3492698463740333 0.5891336602300956 0.009123627723940864 0.018795451795398144
0 0.6181455325120628 0.5969405732888615 0.008686585149293791 0.012545451795397965
0 0.6181455325120628 0.5969405732888615 0.008686585149293791 0.012545451795397965
0 0.611059652190232 0.5977627299047198 0.0072333457929556035 0.014098861436318444
0 0.611059652190232 0.5977627299047198 0.0072333457929556035 0.014098861436318444