0 0.5999672545751406 0.7416798186760607 0.028343176002545434 0.021871591866758598
0 0.5999672545751406 0.7416798186760607 0.028343176002545434 0.021871591866758598
0 0.6048002052435042 0.7297000839871871 0.03926249466899989 0.021523044259386913
0 0.6048002052435042 0.7297000839871871 0.03926249466899989 0.021523044259386913
0 0.6549478452816843 0.45365273709845144 0.03299431333545435 0.01926685717788512
0 0.6549478452816843 0.45365273709845144 0.03299431333545435 0.01926685717788512
0 0.6527586366168204 0.4401113544428883 0.03143181333545435 0.019093435407509674
0 0.6527586366168204 0.4401113544428883 0.03143181333545435 0.019093435407509674
0 0.5586546479551384 0.39290058733517186 0.01885908800127254 0.011456061244505733
0 0.5586546479551384 0.39290058733517186 0.01885908800127254 0.011456061244505733
0 0.5600626066200022 0.4063552591055474 0.028270450668363624 0.0156215918667586
0 0.5600626066200022 0.4063552591055474 0.028270450668363624 0.0156215918667586
0 0.5574904952657758 0.5601747982203596 0.02825226933481808 0.0140590918667586
0 0.5574904952657758 0.5601747982203596 0.02825226933481808 0.0140590918667586
0 0.5566092479312759 0.5686818373351719 0.03137726933481808 0.014405935407509673