0 0.5702492620247341 0.6449698201017732 0.019651165946843817 0.01493579528527036
0 0.5702492620247341 0.6449698201017732 0.019651165946843817 0.01493579528527036
0 0.5776111790513122 0.6375746970662439 0.02131379549649317 0.016571069892376045
0 0.5776111790513122 0.6375746970662439 0.02131379549649317 0.016571069892376045
0 0.7253129896640838 0.350173088713023 0.061878238741233105 0.04182793507002262
0 0.7253129896640838 0.350173088713023 0.061878238741233105 0.04182793507002262
0 0.7404244548080486 0.48816324028459956 0.0507404796419344 0.038193512820281585
0 0.7404244548080486 0.48816324028459956 0.0507404796419344 0.038193512820281585
0 0.6256364713086029 0.7144796453708327 0.021113536397194467 0.013446069892376044
0 0.6256364713086029 0.7144796453708327 0.021113536397194467 0.013446069892376044
0 0.6211992951827262 0.7186042191921503 0.027663925046142523 0.018424668320799496
0 0.6211992951827262 0.7186042191921503 0.027663925046142523 0.018424668320799496