0 0.25309240341186195 0.3712068677467594 0.036755706168510115 0.05149995220315038
0 0.25309240341186195 0.3712068677467594 0.036755706168510115 0.05149995220315038
0 0.2833838754086847 0.3774419626180015 0.02417388555165916 0.04520377317596767
0 0.2833838754086847 0.3774419626180015 0.02417388555165916 0.04520377317596767
0 0.2885935267886565 0.39158191554360905 0.032122753246410875 0.05402169756795683
0 0.2885935267886565 0.39158191554360905 0.032122753246410875 0.05402169756795683
0 0.32498499432125244 0.40560642090125976 0.0128272824674041 0.020358679027182802
0 0.32498499432125244 0.40560642090125976 0.0128272824674041 0.020358679027182802
0 0.3238082780064725 0.42836321334045857 0.014471603084255057 0.02524726390558065
0 0.3238082780064725 0.42836321334045857 0.014471603084255057 0.02524726390558065
0 0.3419991704579905 0.45798144479968456 0.014362508928453721 0.018997263905580652
0 0.3419991704579905 0.45798144479968456 0.014362508928453721 0.018997263905580652
0 0.4454729979747004 0.5140400079470291 0.01126478246740401 0.02015759414878495
0 0.4454729979747004 0.5140400079470291 0.01126478246740401 0.02015759414878495
0 0.4516820876662749 0.5155794184334379 0.014471603084255057 0.02524726390558065
0 0.4516820876662749 0.5155794184334379 0.014471603084255057 0.02524726390558065
0 0.4781354935104735 0.5184109755006745 0.014498876623205348 0.026809763905580652
0 0.4781354935104735 0.5184109755006745 0.014498876623205348 0.026809763905580652
0 0.5772178758157218 0.5134545857224115 0.019322744317957153 0.03522551854077403
0 0.5772178758157218 0.5134545857224115 0.019322744317957153 0.03522551854077403
0 0.5984207199715232 0.5044899398640407 0.04492276217486477 0.07281787659513946
0 0.5984207199715232 0.5044899398640407 0.04492276217486477 0.07281787659513946
0 0.6236661818220762 0.4872100818096753 0.020803423701106282 0.030739103419171875
0 0.6236661818220762 0.4872100818096753 0.020803423701106282 0.030739103419171875
0 0.6546025361241473 0.5011571342417185 0.041715941558013545 0.06772820683834394
0 0.6546025361241473 0.5011571342417185 0.041715941558013545 0.06772820683834394
0 0.7071372008967998 0.4834832908153908 0.04810230925276535 0.07634504635193515
0 0.7071372008967998 0.4834832908153908 0.04810230925276535 0.07634504635193515
0 0.6865735105566021 0.5898025593561649 0.011182961850553142 0.015470094148784952
0 0.6865735105566021 0.5898025593561649 0.011182961850553142 0.015470094148784952
0 0.5886308883976236 0.6187766142560299 0.02392842370110628 0.031141273175967578
0 0.5886308883976236 0.6187766142560299 0.02392842370110628 0.031141273175967578
0 0.35281216518298475 0.5976784733333029 0.014498876623205436 0.026809763905580652
0 0.35281216518298475 0.5976784733333029 0.014498876623205436 0.026809763905580652
0 0.31411390381889903 0.5371811377324478 0.017705697240056394 0.03189943366237635
0 0.31411390381889903 0.5371811377324478 0.017705697240056394 0.03189943366237635
0 0.3087951582831259 0.5292911848068403 0.02406479139585782 0.03895377317596758
0 0.3087951582831259 0.5292911848068403 0.02406479139585782 0.03895377317596758
0 0.25648836445163614 0.48925307067236695 0.07175799756436803 0.09186131952790291
0 0.25648836445163614 0.48925307067236695 0.07175799756436803 0.09186131952790291