0 0.63828125 0.7234375 0.009375 0.03125
0 0.63828125 0.7234375 0.009375 0.03125
0 0.60390625 0.73984375 0.0109375 0.02890625
0 0.60390625 0.73984375 0.0109375 0.02890625
0 0.20625 0.7546875 0.0171875 0.03125
0 0.20625 0.7546875 0.0171875 0.03125
0 0.2265625 0.771875 0.0171875 0.0265625
0 0.2265625 0.771875 0.0171875 0.0265625
0 0.2515625 0.80234375 0.03046875 0.06640625
0 0.2515625 0.80234375 0.03046875 0.06640625
0 0.38203125 0.85390625 0.0140625 0.05390625
0 0.38203125 0.85390625 0.0140625 0.05390625