0 0.2484375 0.5078125 0.009375 0.02734375
0 0.2484375 0.5078125 0.009375 0.02734375
0 0.25859375 0.5109375 0.00859375 0.0296875
0 0.25859375 0.5109375 0.00859375 0.0296875
0 0.70625 0.51640625 0.00703125 0.025
0 0.70625 0.51640625 0.00703125 0.025
0 0.70078125 0.51796875 0.00546875 0.0265625
0 0.70078125 0.51796875 0.00546875 0.0265625
0 0.77109375 0.46640625 0.0359375 0.0578125
0 0.77109375 0.46640625 0.0359375 0.0578125
0 0.69140625 0.621875 0.00703125 0.0265625
0 0.69140625 0.621875 0.00703125 0.0265625
0 0.684375 0.6234375 0.00703125 0.02890625
0 0.684375 0.6234375 0.00703125 0.02890625
0 0.37109375 0.6625 0.00859375 0.03828125
0 0.37109375 0.6625 0.00859375 0.03828125
0 0.33359375 0.62421875 0.009375 0.02734375
0 0.33359375 0.62421875 0.009375 0.02734375
0 0.27734375 0.61171875 0.0109375 0.02734375
0 0.27734375 0.61171875 0.0109375 0.02734375
0 0.26953125 0.6078125 0.00625 0.0296875
0 0.26953125 0.6078125 0.00625 0.0296875