0 0.48974764157102973 0.6043844498747165 0.028731215728545756 0.06639635024955712
0 0.48974764157102973 0.6043844498747165 0.028731215728545756 0.06639635024955712
0 0.5020502204961075 0.6288430093588978 0.02562162628012423 0.039687984608959684
0 0.5020502204961075 0.6288430093588978 0.02562162628012423 0.039687984608959684
0 0.5364252204961074 0.6320520534520389 0.016428636803468066 0.04193779076537574
0 0.5364252204961074 0.6320520534520389 0.016428636803468066 0.04193779076537574
0 0.7707393073136929 0.6795672839010397 0.040503173635170954 0.05506327537433577
0 0.7707393073136929 0.6795672839010397 0.040503173635170954 0.05506327537433577
0 0.6922117598880592 0.7320655877696804 0.012393584186749606 0.026021059484181208
0 0.6922117598880592 0.7320655877696804 0.012393584186749606 0.026021059484181208
0 0.6342249546405048 0.7103352418878781 0.024878173635170954 0.05360461896836242
0 0.6342249546405048 0.7103352418878781 0.024878173635170954 0.05360461896836242