0 0.5082563275851129 0.34058392540576937 0.017779495850815154 0.008012494668999892
0 0.5082563275851129 0.34058392540576937 0.017779495850815154 0.008012494668999892
0 0.5109669304895423 0.3460890380728603 0.019460395020978183 0.009593176002545344
0 0.5109669304895423 0.3460890380728603 0.019460395020978183 0.009593176002545344
0 0.6040666576690255 0.3041657147517234 0.024266294191141215 0.011210220003181703
0 0.6040666576690255 0.3041657147517234 0.024266294191141215 0.011210220003181703
0 0.6055816134778842 0.3151304867520415 0.027628092531467273 0.014371582670272609
0 0.6055816134778842 0.3151304867520415 0.027628092531467273 0.014371582670272609
0 0.6140919304895422 0.34728900608685964 0.06534158008391255 0.03822725334181776
0 0.6140919304895422 0.34728900608685964 0.06534158008391255 0.03822725334181776
0 0.634304729030361 0.627458311425814 0.018134693361304244 0.012699994668999893
0 0.634304729030361 0.627458311425814 0.018134693361304244 0.012699994668999893
0 0.5209866676177803 0.6988600494111783 0.026657588382282427 0.022165901336727068