0 0.403125 0.5953125 0.009375 0.04375
0 0.403125 0.5953125 0.009375 0.04375
0 0.3578125 0.44375 0.0296875 0.059375
0 0.3578125 0.44375 0.0296875 0.059375
0 0.46171875 0.46875 0.01171875 0.0578125
0 0.46171875 0.46875 0.01171875 0.0578125
0 0.5625 0.43046875 0.01015625 0.059375
0 0.5625 0.43046875 0.01015625 0.059375
0 0.703125 0.38671875 0.025 0.078125
0 0.703125 0.38671875 0.025 0.078125
0 0.7296875 0.47578125 0.03671875 0.07578125
0 0.7296875 0.47578125 0.03671875 0.07578125
0 0.68125 0.5359375 0.05078125 0.07890625
0 0.68125 0.5359375 0.05078125 0.07890625
0 0.6109375 0.546875 0.00625 0.03671875