0 0.3592250331547174 0.5248576392297577 0.013709672927693362 0.030707866061076318
0 0.3592250331547174 0.5248576392297577 0.013709672927693362 0.030707866061076318
0 0.3811782876033417 0.5442295215016915 0.0287271778706093 0.055293277879787085
0 0.3811782876033417 0.5442295215016915 0.0287271778706093 0.055293277879787085
0 0.3970261220900221 0.548422813925346 0.01533583992388774 0.03239791181871077
0 0.3970261220900221 0.548422813925346 0.01533583992388774 0.03239791181871077
0 0.4488751235728968 0.5512450539234064 0.013837006920082117 0.033832866061076314
0 0.4488751235728968 0.5512450539234064 0.013837006920082117 0.033832866061076314
0 0.614933863687065 0.4906588849776938 0.029172846843970035 0.06623077787978708
0 0.614933863687065 0.4906588849776938 0.029172846843970035 0.06623077787978708
0 0.6648237757403436 0.4646386478545715 0.01026633794672147 0.02264027454580706
0 0.6648237757403436 0.4646386478545715 0.01026633794672147 0.02264027454580706
0 0.6710419422422464 0.4633472148240333 0.010457338935304605 0.02732777454580724
0 0.6710419422422464 0.4633472148240333 0.010457338935304605 0.02732777454580724
0 0.6792629605310351 0.5496833275511297 0.011956171939110227 0.02589282030344169
0 0.6792629605310351 0.5496833275511297 0.011956171939110227 0.02589282030344169
0 0.6717687955120071 0.5581335563393024 0.01402800790866543 0.03852036606107632
0 0.6717687955120071 0.5581335563393024 0.01402800790866543 0.03852036606107632
0 0.35717705490354723 0.6284928222602957 0.02021434091247105 0.037468049091614476
0 0.35717705490354723 0.6284928222602957 0.02021434091247105 0.037468049091614476