0 0.6612550578815171 0.814375187068552 0.023819445916316084 0.014231425813337495
0 0.6612550578815171 0.814375187068552 0.023819445916316084 0.014231425813337495
0 0.6420983193142625 0.8668794038365485 0.019022818511654195 0.010447640650669854
0 0.6420983193142625 0.8668794038365485 0.019022818511654195 0.010447640650669854
0 0.6717362008952754 0.7583194475023319 0.022147818511654194 0.01088683075911483
0 0.6717362008952754 0.7583194475023319 0.022147818511654194 0.01088683075911483
0 0.6839038071637269 0.37209901589700295 0.052926592558271326 0.0463091367893421
0 0.6839038071637269 0.37209901589700295 0.052926592558271326 0.0463091367893421
0 0.6750273149682752 0.3405322906258905 0.03017857332097762 0.018234806030227268
0 0.6750273149682752 0.3405322906258905 0.03017857332097762 0.018234806030227268
0 0.647619077582147 0.3125804247041083 0.04925595553496294 0.03024494668089712