0 0.4921465599361456 0.2280321278443167 0.03641027868534721 0.02093979139585782
0 0.4921465599361456 0.2280321278443167 0.03641027868534721 0.02093979139585782
0 0.37399531876986086 0.27148389326559225 0.02372844072944442 0.012909103084255058
0 0.37399531876986086 0.27148389326559225 0.02372844072944442 0.012909103084255058
0 0.3890682727983328 0.6304497901813371 0.031504573138263936 0.011482970779006863
0 0.3890682727983328 0.6304497901813371 0.031504573138263936 0.011482970779006863
0 0.43574129141569384 0.7389656737044014 0.04898301386770818 0.024282979707460583
0 0.43574129141569384 0.7389656737044014 0.04898301386770818 0.024282979707460583
0 0.3270390918525341 0.7119685714309252 0.020567073138263937 0.0112920560063543
0 0.3270390918525341 0.7119685714309252 0.020567073138263937 0.0112920560063543
0 0.3287652460128466 0.7049100478919749 0.022093205547083272 0.009756829545304768
0 0.3287652460128466 0.7049100478919749 0.022093205547083272 0.009756829545304768