0 0.5262587088485589 0.29694632964230366 0.027290246071058632 0.019043442932763277
0 0.5262587088485589 0.29694632964230366 0.027290246071058632 0.019043442932763277
0 0.5250964691876412 0.3057411645207015 0.024019696856846906 0.015516273175967576
0 0.5250964691876412 0.3057411645207015 0.024019696856846906 0.015516273175967576
0 0.5126521271693585 0.32541913598708316 0.036883569892376046 0.024937452203150377
0 0.5126521271693585 0.32541913598708316 0.036883569892376046 0.024937452203150377
0 0.5302377334556647 0.298006117446309 0.02565497146395259 0.017279858054365427
0 0.5302377334556647 0.298006117446309 0.02565497146395259 0.017279858054365427
0 0.42848264247083945 0.4250616816165612 0.02565497146395277 0.017279858054365604
0 0.42848264247083945 0.4250616816165612 0.02565497146395277 0.017279858054365604
0 0.288484842842343 0.5916199101859583 0.06541098428423435 0.07054339513591365
0 0.288484842842343 0.5916199101859583 0.06541098428423435 0.07054339513591365
0 0.31166332361192056 0.515545217253195 0.033831344499482 0.02609778244635468
0 0.31166332361192056 0.515545217253195 0.033831344499482 0.02609778244635468
0 0.31740390136217955 0.5038033777396036 0.030560795285270358 0.022570612689559157
0 0.31740390136217955 0.5038033777396036 0.030560795285270358 0.022570612689559157
0 0.34308448986580553 0.346455595293249 0.043351893713693725 0.03042929171674169
0 0.34308448986580553 0.346455595293249 0.043351893713693725 0.03042929171674169
0 0.3552570041338292 0.33781566626606624 0.046549668320799584 0.03239396147353739
0 0.3552570041338292 0.33781566626606624 0.046549668320799584 0.03239396147353739
0 0.3536945041338292 0.33801675114446406 0.04796661910658786 0.02947004635193533
0 0.3536945041338292 0.33801675114446406 0.04796661910658786 0.02947004635193533
0 0.383525399295265 0.30352630357650723 0.05777826674922304 0.04005155562232225
0 0.383525399295265 0.30352630357650723 0.05777826674922304 0.04005155562232225
0 0.36986100558157126 0.28013498260368996 0.028852746071058633 0.01924452781116113
0 0.36986100558157126 0.28013498260368996 0.028852746071058633 0.01924452781116113
0 0.3797967777074778 0.24034559601570615 0.036883569892376136 0.024937452203150377
0 0.3797967777074778 0.24034559601570615 0.036883569892376136 0.024937452203150377
0 0.4182235769216895 0.23854401649495904 0.03397689371369381 0.029222782446354678