0 0.36328125 0.5671875 0.0265625 0.04140625
0 0.36328125 0.5671875 0.0265625 0.04140625
0 0.4171875 0.57109375 0.0234375 0.04140625
0 0.4171875 0.57109375 0.0234375 0.04140625
0 0.45390625 0.57109375 0.03203125 0.03125
0 0.45390625 0.57109375 0.03203125 0.03125
0 0.56484375 0.584375 0.02890625 0.04609375
0 0.56484375 0.584375 0.02890625 0.04609375
0 0.69140625 0.5578125 0.0078125 0.04609375
0 0.69140625 0.5578125 0.0078125 0.04609375
0 0.6515625 0.61484375 0.01015625 0.01875
0 0.6515625 0.61484375 0.01015625 0.01875
0 0.71875 0.55078125 0.0078125 0.02109375
0 0.71875 0.55078125 0.0078125 0.02109375
0 0.73515625 0.6125 0.01796875 0.025
0 0.73515625 0.6125 0.01796875 0.025
0 0.57265625 0.659375 0.015625 0.04921875
0 0.57265625 0.659375 0.015625 0.04921875
0 0.3375 0.62109375 0.01796875 0.02734375