0 0.3243922985565704 0.47475492524374446 0.02734623920022674 0.06791492570596276
0 0.3243922985565704 0.47475492524374446 0.02734623920022674 0.06791492570596276
0 0.4072891333102935 0.40756507673481257 0.015808538474587408 0.0504091769596041
0 0.4072891333102935 0.40756507673481257 0.015808538474587408 0.0504091769596041
0 0.42884667478010574 0.3948975921742187 0.015699411069925694 0.047284176959604095
0 0.42884667478010574 0.3948975921742187 0.015699411069925694 0.047284176959604095
0 0.471688939208076 0.3773751230530311 0.010684528855940557 0.03777278463973612
0 0.471688939208076 0.3773751230530311 0.010684528855940557 0.03777278463973612
0 0.7316591615332618 0.5022460570722643 0.03644842068857255 0.06037521034569906
0 0.7316591615332618 0.5022460570722643 0.03644842068857255 0.06037521034569906
0 0.6136061098966485 0.32206916059576113 0.02814484736759475 0.046085389812585566
0 0.6136061098966485 0.32206916059576113 0.02814484736759475 0.046085389812585566
0 0.60073408766413 0.3099639656894683 0.01887897477225664 0.04893760517284953
0 0.60073408766413 0.3099639656894683 0.01887897477225664 0.04893760517284953
0 0.20749746443581948 0.41817465314042074 0.01342758293962456 0.026926212852981378