0 0.2125 0.334375 0.034375 0.0828125
0 0.2125 0.334375 0.034375 0.0828125
0 0.4625 0.46015625 0.01171875 0.04765625
0 0.4625 0.46015625 0.01171875 0.04765625
0 0.4765625 0.46484375 0.01875 0.06484375
0 0.4765625 0.46484375 0.01875 0.06484375
0 0.5578125 0.47421875 0.01171875 0.04765625
0 0.5578125 0.47421875 0.01171875 0.04765625
0 0.70703125 0.42265625 0.00859375 0.03515625
0 0.70703125 0.42265625 0.00859375 0.03515625
0 0.71640625 0.41796875 0.01015625 0.0375
0 0.71640625 0.41796875 0.01015625 0.0375
0 0.18359375 0.40078125 0.034375 0.05