0 0.47777905073828053 0.264289744397326 0.08787953423772628 0.05665134992375007
0 0.47777905073828053 0.264289744397326 0.08787953423772628 0.05665134992375007
0 0.5556723156976753 0.33211171761183983 0.08279151603912886 0.050292247150208344
0 0.5556723156976753 0.33211171761183983 0.08279151603912886 0.050292247150208344
0 0.5778069339885576 0.37228212272208283 0.03068879549649317 0.016315984232430657
0 0.5778069339885576 0.37228212272208283 0.03068879549649317 0.016315984232430657
0 0.5916586829088235 0.39308493199263844 0.030488536397194465 0.013190984232430657
0 0.5916586829088235 0.39308493199263844 0.030488536397194465 0.013190984232430657
0 0.5529361443521605 0.4237179893633328 0.03607720234403846 0.027362587005972116
0 0.5529361443521605 0.4237179893633328 0.03607720234403846 0.027362587005972116
0 0.6403348172388348 0.4811473232351731 0.035075906847545114 0.011737587005972295
0 0.6403348172388348 0.4811473232351731 0.035075906847545114 0.011737587005972295
0 0.6400542149870814 0.48897800703076333 0.04641392504614252 0.018242160144236054
0 0.6400542149870814 0.48897800703076333 0.04641392504614252 0.018242160144236054
0 0.6505003616555939 0.5176842352792703 0.035075906847545114 0.011737587005972295
0 0.6505003616555939 0.5176842352792703 0.035075906847545114 0.011737587005972295
0 0.651201268503139 0.5286217352792704 0.03683866594684382 0.014898954597152781
0 0.651201268503139 0.5286217352792704 0.03683866594684382 0.014898954597152781
0 0.6453913594961256 0.5600535732351731 0.027263406847545114 0.011555749050069508
0 0.6453913594961256 0.5600535732351731 0.027263406847545114 0.011555749050069508
0 0.6528231276947227 0.5661399190748606 0.04006379549649317 0.01653418977951393
0 0.6528231276947227 0.5661399190748606 0.04006379549649317 0.01653418977951393
0 0.6519813209394626 0.5896319704616314 0.03195090684754529 0.011664851823611145
0 0.6519813209394626 0.5896319704616314 0.03195090684754529 0.011664851823611145
0 0.6680452143687725 0.6815830811189578 0.06566457279438911 0.02649107123840295
0 0.6680452143687725 0.6815830811189578 0.06566457279438911 0.02649107123840295
0 0.6432442759043948 0.7463183815557981 0.025600777297895762 0.009956881458888844
0 0.6432442759043948 0.7463183815557981 0.025600777297895762 0.009956881458888844
0 0.6397688224806222 0.7409223667381593 0.01778827729789594 0.009775043502986237
0 0.6397688224806222 0.7409223667381593 0.01778827729789594 0.009775043502986237
0 0.7396582009505372 0.7612874584937842 0.03940246144333699 0.030560322188333443
0 0.7396582009505372 0.7612874584937842 0.03940246144333699 0.030560322188333443
0 0.7790723519379863 0.7048185997363188 0.03683866594684382 0.014898954597152781
0 0.7790723519379863 0.7048185997363188 0.03683866594684382 0.014898954597152781
0 0.7656816779715779 0.6667919228745827 0.05200259099298634 0.032413762917777866
0 0.7656816779715779 0.6667919228745827 0.05200259099298634 0.032413762917777866
0 0.7732240677002601 0.6501856511230896 0.03058866594684382 0.01475348423243048
0 0.7732240677002601 0.6501856511230896 0.03058866594684382 0.01475348423243048
0 0.7729842358065724 0.6220242835319091 0.030488536397194642 0.013190984232430657
0 0.7729842358065724 0.6220242835319091 0.030488536397194642 0.013190984232430657
0 0.6891251657899604 0.36343183995267303 0.027363536397194643 0.013118249050069508
0 0.6891251657899604 0.36343183995267303 0.027363536397194643 0.013118249050069508
0 0.6883241293927658 0.350931839952673 0.030989184145441228 0.021003484232430657
0 0.6883241293927658 0.350931839952673 0.030989184145441228 0.021003484232430657
0 0.6159997439830203 0.2845450801690273 0.08379281153562204 0.06591724715020834
0 0.6159997439830203 0.2845450801690273 0.08379281153562204 0.06591724715020834
0 0.550746181367664 0.24303103381624958 0.08691781153562221 0.0659899823325695