0 0.5452099016458887 0.7338948338085391 0.026598861436318445 0.008418277879787084
0 0.5452099016458887 0.7338948338085391 0.026598861436318445 0.008418277879787084
0 0.5705194947354426 0.5483717930518746 0.029751132513557366 0.013360869395056341
0 0.5705194947354426 0.5483717930518746 0.029751132513557366 0.013360869395056341
0 0.5509660397185907 0.4162449482026256 0.028161361436318443 0.008545823637421535
0 0.5509660397185907 0.4162449482026256 0.028161361436318443 0.008545823637421535
0 0.539456367977422 0.3793508550203665 0.029723861436318444 0.008673369395056163
0 0.539456367977422 0.3793508550203665 0.029723861436318444 0.008673369395056163
0 0.6373762383907309 0.34200996487252494 0.02194772287263689 0.014285640606883466
0 0.6373762383907309 0.34200996487252494 0.02194772287263689 0.014285640606883466
0 0.6511205758229444 0.39784537669123576 0.031313632513557364 0.01348841515269079
0 0.6511205758229444 0.39784537669123576 0.031313632513557364 0.01348841515269079
0 0.6542001240275462 0.40591296820650485 0.025054542154477843 0.011415732122152633
0 0.6542001240275462 0.40591296820650485 0.025054542154477843 0.011415732122152633
0 0.6672677505891752 0.4437158571463984 0.026607951795398144 0.009980777879787083
0 0.6672677505891752 0.4437158571463984 0.026607951795398144 0.009980777879787083
0 0.664883093973317 0.45055578850994654 0.02190227107723892 0.0064731406068833765
0 0.664883093973317 0.45055578850994654 0.02190227107723892 0.0064731406068833765
0 0.65557068472518 0.7077305597217739 0.02507272287263689 0.014540732122152632
0 0.65557068472518 0.7077305597217739 0.02507272287263689 0.014540732122152632
0 0.6458502510801545 0.7663402851759666 0.02976022287263689 0.014923369395056164
0 0.6458502510801545 0.7663402851759666 0.02976022287263689 0.014923369395056164
0 0.6395457089256767 0.7752051021454285 0.031313632513557364 0.01348841515269079
0 0.6395457089256767 0.7752051021454285 0.031313632513557364 0.01348841515269079
0 0.5262053715916594 0.7761142847169248 0.02194772287263689 0.014285640606883376