0 0.35859375 0.5375 0.015625 0.04921875
0 0.35859375 0.5375 0.015625 0.04921875
0 0.66484375 0.53359375 0.0125 0.05703125
0 0.66484375 0.53359375 0.0125 0.05703125
0 0.67421875 0.5328125 0.01015625 0.04453125
0 0.67421875 0.5328125 0.01015625 0.04453125
0 0.6953125 0.53046875 0.01796875 0.06796875
0 0.6953125 0.53046875 0.01796875 0.06796875
0 0.7078125 0.52734375 0.009375 0.0359375
0 0.7078125 0.52734375 0.009375 0.0359375
0 0.7484375 0.534375 0.0078125 0.0296875
0 0.7484375 0.534375 0.0078125 0.0296875
0 0.7640625 0.6671875 0.03515625 0.028125
0 0.7640625 0.6671875 0.03515625 0.028125
0 0.70703125 0.66015625 0.01328125 0.021875
0 0.70703125 0.66015625 0.01328125 0.021875
0 0.64609375 0.6390625 0.00859375 0.034375
0 0.64609375 0.6390625 0.00859375 0.034375
0 0.6375 0.63984375 0.00859375 0.03671875
0 0.6375 0.63984375 0.00859375 0.03671875
0 0.434375 0.64375 0.00859375 0.03125
0 0.434375 0.64375 0.00859375 0.03125
0 0.390625 0.665625 0.025 0.059375
0 0.390625 0.665625 0.025 0.059375
0 0.37578125 0.65078125 0.02421875 0.0171875
0 0.37578125 0.65078125 0.02421875 0.0171875
0 0.3515625 0.65546875 0.009375 0.03125
0 0.3515625 0.65546875 0.009375 0.03125
0 0.3390625 0.6578125 0.0109375 0.03984375