0 0.5031397309789746 0.6234077672666098 0.04306079528527036 0.018995439695149587
0 0.5031397309789746 0.6234077672666098 0.04306079528527036 0.018995439695149587
0 0.537465535155585 0.5407725292686625 0.042915246071058635 0.015870439695149584
0 0.537465535155585 0.5407725292686625 0.042915246071058635 0.015870439695149584
0 0.5423542423515141 0.5197015051663614 0.057487168320799496 0.026889752926866173
0 0.5423542423515141 0.5197015051663614 0.057487168320799496 0.026889752926866173
0 0.538724128207325 0.463415143730043 0.03339469685684691 0.012690897540672097
0 0.538724128207325 0.463415143730043 0.03339469685684691 0.012690897540672097
0 0.6262669776692057 0.3623344327612627 0.022311647642635178 0.009502265027114732
0 0.6262669776692057 0.3623344327612627 0.022311647642635178 0.009502265027114732
0 0.6264339516143578 0.3084145472226433 0.02387414764263518 0.009511355386194253
0 0.6264339516143578 0.3084145472226433 0.02387414764263518 0.009511355386194253
0 0.6291736538478881 0.36704011347942195 0.019041098428423452 0.00635908430895542
0 0.6291736538478881 0.36704011347942195 0.019041098428423452 0.00635908430895542
0 0.6277417404894873 0.3138923875817229 0.015916098428423453 0.00634090359079611
0 0.6277417404894873 0.3138923875817229 0.015916098428423453 0.00634090359079611
0 0.5760849253546221 0.6511833093228917 0.03673802067816432 0.01739657825883114
0 0.5760849253546221 0.6511833093228917 0.03673802067816432 0.01739657825883114