0 0.5444053462347738 0.2229599384191263 0.07900518198597287 0.07215207416309646
0 0.5444053462347738 0.2229599384191263 0.07900518198597287 0.07215207416309646
0 0.6110199521871549 0.31599942060080943 0.04927810919158375 0.04353254635193524
0 0.6110199521871549 0.31599942060080943 0.04927810919158375 0.04353254635193524
0 0.6059808011997058 0.3725741374319975 0.026802331893687636 0.03134235805436543
0 0.6059808011997058 0.3725741374319975 0.026802331893687636 0.03134235805436543
0 0.6564406785898868 0.4101910486408634 0.0505402205426357 0.039046131230333
0 0.6564406785898868 0.4101910486408634 0.0505402205426357 0.039046131230333
0 0.6833932048080487 0.43744244058649795 0.033913925046142525 0.021410282446354678
0 0.6833932048080487 0.43744244058649795 0.033913925046142525 0.021410282446354678
0 0.6660845912975283 0.4869315440056699 0.09951794108527139 0.07789117758226834
0 0.6660845912975283 0.4869315440056699 0.09951794108527139 0.07789117758226834
0 0.7172348835548189 0.5599057900929336 0.039903109191583755 0.04232603708154823
0 0.7172348835548189 0.5599057900929336 0.039903109191583755 0.04232603708154823
0 0.5484441131967533 0.6178620842774972 0.08192992288667415 0.06942924391989216
0 0.5484441131967533 0.6178620842774972 0.08192992288667415 0.06942924391989216
0 0.49385794031007907 0.565022342825427 0.04801599784053181 0.048018961473537305
0 0.49385794031007907 0.565022342825427 0.04801599784053181 0.048018961473537305
0 0.5197788926541176 0.5884680272102605 0.05582849784053181 0.04902438586552656
0 0.5197788926541176 0.5884680272102605 0.05582849784053181 0.04902438586552656
0 0.4353073557954977 0.41344347405576015 0.05366522054263569 0.039448300987128704
0 0.4353073557954977 0.41344347405576015 0.05366522054263569 0.039448300987128704
0 0.43264343074935513 0.39645705893415795 0.041165220542635696 0.03783962195994599
0 0.43264343074935513 0.39645705893415795 0.041165220542635696 0.03783962195994599
0 0.4577039875046154 0.36960111600139467 0.05971496144333699 0.03712764050072011
0 0.4577039875046154 0.36960111600139467 0.05971496144333699 0.03712764050072011
0 0.40890793722776014 0.27190540771813637 0.0967934592838688 0.08373900782547264
0 0.40890793722776014 0.27190540771813637 0.0967934592838688 0.08373900782547264