0 0.26953125 0.40078125 0.0171875 0.02578125
0 0.26953125 0.40078125 0.0171875 0.02578125
0 0.3015625 0.42734375 0.0171875 0.040625
0 0.3015625 0.42734375 0.0171875 0.040625
0 0.34453125 0.44609375 0.00703125 0.02578125
0 0.34453125 0.44609375 0.00703125 0.02578125
0 0.36875 0.44609375 0.0171875 0.0671875
0 0.36875 0.44609375 0.0171875 0.0671875
0 0.3375 0.440625 0.0078125 0.028125
0 0.3375 0.440625 0.0078125 0.028125
0 0.6953125 0.425 0.01015625 0.04609375
0 0.6953125 0.425 0.01015625 0.04609375
0 0.7640625 0.36796875 0.0328125 0.05546875
0 0.7640625 0.36796875 0.0328125 0.05546875
0 0.3515625 0.5359375 0.0140625 0.04296875
0 0.3515625 0.5359375 0.0140625 0.04296875
0 0.29375 0.5203125 0.0140625 0.03515625
0 0.29375 0.5203125 0.0140625 0.03515625