0 0.3069754399848839 0.5453735834905905 0.01790013154179615 0.03942617591180557
0 0.3069754399848839 0.5453735834905905 0.01790013154179615 0.03942617591180557
0 0.4169874768165869 0.5369818148732295 0.01835515785015538 0.04723867591180557
0 0.4169874768165869 0.5369818148732295 0.01835515785015538 0.04723867591180557
0 0.4247999768165869 0.5371636528291324 0.01670165258848364 0.045639808320625086
0 0.4247999768165869 0.5371636528291324 0.01670165258848364 0.045639808320625086
0 0.46290692156903235 0.5544790926086463 0.017900131541796326 0.03942617591180557
0 0.46290692156903235 0.5544790926086463 0.017900131541796326 0.03942617591180557
0 0.6474030189099617 0.5298278507767714 0.007706084186749606 0.0251454703647223
0 0.6474030189099617 0.5298278507767714 0.007706084186749606 0.0251454703647223
0 0.56148165848544 0.6350043536265629 0.00908657366340595 0.022056837955902787
0 0.56148165848544 0.6350043536265629 0.00908657366340595 0.022056837955902787