0 0.2474637748119936 0.41712295349345946 0.03052656203449331 0.05385832363742153
0 0.2474637748119936 0.41712295349345946 0.03052656203449331 0.05385832363742153
0 0.3581144844891221 0.4868611107702424 0.01515411910658786 0.024585411818710767
0 0.3581144844891221 0.4868611107702424 0.01515411910658786 0.024585411818710767
0 0.42466628370333376 0.49540680546971017 0.03267125889134022 0.06648586939505616
0 0.42466628370333376 0.49540680546971017 0.03267125889134022 0.06648586939505616
0 0.5711260607916391 0.5486110380509046 0.02383991439185813 0.04397314060688338
0 0.5711260607916391 0.5486110380509046 0.02383991439185813 0.04397314060688338
0 0.6017382059530748 0.5207569760824127 0.046006012820281585 0.052008781213767105
0 0.6017382059530748 0.5207569760824127 0.046006012820281585 0.052008781213767105
0 0.6204175853987449 0.5541912294163925 0.04346320967712849 0.06425368969849785
0 0.6204175853987449 0.5541912294163925 0.04346320967712849 0.06425368969849785
0 0.7240156203449329 0.5727654994202718 0.026892139784752266 0.04266573212215263
0 0.7240156203449329 0.5727654994202718 0.026892139784752266 0.04266573212215263
0 0.7357001370941559 0.6064070468448962 0.03721320967712849 0.06374350666795969
0 0.7357001370941559 0.6064070468448962 0.03721320967712849 0.06374350666795969
0 0.7182108841986719 0.7154951333591956 0.020423815963434677 0.037468049091614476
0 0.7182108841986719 0.7154951333591956 0.020423815963434677 0.037468049091614476
0 0.5856145539672134 0.6758750397178945 0.017080492142117265 0.032525457576345396
0 0.5856145539672134 0.6758750397178945 0.017080492142117265 0.032525457576345396
0 0.5775837301458958 0.6705498109297219 0.027474336641598995 0.05516573212215263
0 0.5775837301458958 0.6705498109297219 0.027474336641598995 0.05516573212215263
0 0.39358756575403775 0.6135032301652986 0.01893409057054063 0.03890300333398002
0 0.39358756575403775 0.6135032301652986 0.01893409057054063 0.03890300333398002
0 0.3465306292362731 0.6057706074362625 0.01700771753501131 0.030962957576345394
0 0.3465306292362731 0.6057706074362625 0.01700771753501131 0.030962957576345394
0 0.2536860037195444 0.5507167034934595 0.03663101282028158 0.051243506667959696