0 0.35 0.56484375 0.0171875 0.04609375
0 0.35 0.56484375 0.0171875 0.04609375
0 0.4984375 0.578125 0.0109375 0.03515625
0 0.4984375 0.578125 0.0109375 0.03515625
0 0.51171875 0.58046875 0.01171875 0.0296875
0 0.51171875 0.58046875 0.01171875 0.0296875
0 0.53828125 0.57109375 0.00390625 0.02109375
0 0.53828125 0.57109375 0.00390625 0.02109375
0 0.6078125 0.64375 0.01953125 0.03203125
0 0.6078125 0.64375 0.01953125 0.03203125
0 0.45703125 0.66328125 0.0109375 0.025
0 0.45703125 0.66328125 0.0109375 0.025
0 0.37109375 0.659375 0.04375 0.046875
0 0.37109375 0.659375 0.04375 0.046875
0 0.346875 0.65859375 0.01015625 0.02734375