0 0.45386366346476315 0.35294543876891965 0.03206904735504672 0.016065090992986343
0 0.45386366346476315 0.35294543876891965 0.03206904735504672 0.016065090992986343
0 0.4486301318947321 0.3620200501199717 0.03363154735504672 0.016165220542635694
0 0.4486301318947321 0.3620200501199717 0.03363154735504672 0.016165220542635694
0 0.39710064006958856 0.6543484500276866 0.022512036831702886 0.012339313695090582
0 0.39710064006958856 0.6543484500276866 0.022512036831702886 0.012339313695090582
0 0.4098820901542931 0.7445624398486539 0.05641659997176518 0.03319203423772628
0 0.4098820901542931 0.7445624398486539 0.05641659997176518 0.03319203423772628
0 0.30444343223355047 0.7103598156976754 0.046571163111827296 0.05124112739018098
0 0.30444343223355047 0.7103598156976754 0.046571163111827296 0.05124112739018098
0 0.28500245847132255 0.6267765576781108 0.027199536831702887 0.012639702344038462
0 0.28500245847132255 0.6267765576781108 0.027199536831702887 0.012639702344038462
0 0.3241383661097165 0.35874725092285065 0.03023353157003115 0.011277461443337078
0 0.3241383661097165 0.35874725092285065 0.03023353157003115 0.011277461443337078
0 0.3345144239881069 0.3421605282207466 0.08361613680346806 0.04583173658176474
0 0.3345144239881069 0.3421605282207466 0.08361613680346806 0.04583173658176474
0 0.3484705081748564 0.3179615646179411 0.04658657366340595 0.024778756939830338
0 0.3484705081748564 0.3179615646179411 0.04658657366340595 0.024778756939830338
0 0.36683337130080124 0.28541917488925905 0.040518584186749605 0.027503238741233015
0 0.36683337130080124 0.28541917488925905 0.040518584186749605 0.027503238741233015
0 0.35600228711405163 0.3098183975913631 0.025546031570031057 0.01097707279438911