0 0.2525422236759482 0.44485859909687536 0.015099210344286185 0.03017857332097762
0 0.2525422236759482 0.44485859909687536 0.015099210344286185 0.03017857332097762
0 0.2991171233131285 0.43462793802694966 0.009975200725639422 0.017514882213985138
0 0.2991171233131285 0.43462793802694966 0.009975200725639422 0.017514882213985138
0 0.3395784322061359 0.4285217817663474 0.011865082939624561 0.026944445916316083
0 0.3395784322061359 0.4285217817663474 0.011865082939624561 0.026944445916316083
0 0.34817218220613594 0.4282216814035277 0.018224210344286274 0.03028770072563951
0 0.34817218220613594 0.4282216814035277 0.018224210344286274 0.03028770072563951
0 0.3793949003549705 0.4263491573569106 0.016607146641955416 0.028670637023308566
0 0.3793949003549705 0.4263491573569106 0.016607146641955416 0.028670637023308566
0 0.3706374592479779 0.42196175771973027 0.009975200725639422 0.017514882213985138
0 0.3706374592479779 0.42196175771973027 0.009975200725639422 0.017514882213985138
0 0.4624256551642939 0.4297072811333752 0.008685519237293705 0.025272818511654194
0 0.4624256551642939 0.4297072811333752 0.008685519237293705 0.025272818511654194
0 0.542686074038768 0.4433307823145016 0.010302582939624471 0.02688988221398514
0 0.542686074038768 0.4433307823145016 0.010302582939624471 0.02688988221398514
0 0.6284152429132419 0.4567633105374699 0.016661710344286363 0.030233137023308564
0 0.6284152429132419 0.4567633105374699 0.016661710344286363 0.030233137023308564
0 0.6363095884667382 0.45883424202581563 0.011755955534962937 0.023819445916316084
0 0.6363095884667382 0.45883424202581563 0.011755955534962937 0.023819445916316084
0 0.6608284388295579 0.4665822546396874 0.010138891832631992 0.02220238221398514
0 0.6608284388295579 0.4665822546396874 0.010138891832631992 0.02220238221398514
0 0.6671330025318888 0.46792649983036394 0.013209328130301045 0.02074900961864685
0 0.6671330025318888 0.46792649983036394 0.013209328130301045 0.02074900961864685
0 0.7388914406436564 0.5068773832254754 0.019895837748947896 0.03346726442797028
0 0.7388914406436564 0.5068773832254754 0.019895837748947896 0.03346726442797028
0 0.7416047236759482 0.42778016026731747 0.010029764427970277 0.01907738221398514
0 0.7416047236759482 0.42778016026731747 0.010029764427970277 0.01907738221398514
0 0.7472098829317753 0.4314954373091595 0.010138891832631992 0.02220238221398496
0 0.7472098829317753 0.4314954373091595 0.010138891832631992 0.02220238221398496
0 0.6733532314804964 0.3996576494675443 0.012881945916316084 0.011374009618646852
0 0.6733532314804964 0.3996576494675443 0.012881945916316084 0.011374009618646852
0 0.3190451881965857 0.35571176434315227 0.015099210344286185 0.03017857332097771
0 0.3190451881965857 0.35571176434315227 0.015099210344286185 0.03017857332097771
0 0.33609627894075855 0.35120531361751284 0.026636911069925696 0.0477480192372937
0 0.33609627894075855 0.35120531361751284 0.026636911069925696 0.0477480192372937
0 0.41433040634542023 0.35160212850097006 0.01515377404661713 0.03174107332097771