0 0.5131209698068137 0.6538912427505374 0.03346747146395277 0.016548882573423462
0 0.5131209698068137 0.6538912427505374 0.03346747146395277 0.016548882573423462
0 0.5120850086819433 0.6483632931654559 0.03666524607105863 0.018348180913749523
0 0.5120850086819433 0.6483632931654559 0.03666524607105863 0.018348180913749523
0 0.637059275845451 0.5402808738740685 0.028634422249741043 0.013068685062934548
0 0.637059275845451 0.5402808738740685 0.028634422249741043 0.013068685062934548
0 0.6616289745643247 0.3490764560325735 0.07474744292790554 0.03368976099766208
0 0.6616289745643247 0.3490764560325735 0.07474744292790554 0.03368976099766208
0 0.6610810109582548 0.30388235520273643 0.020894696856846907 0.014039189212119307
0 0.6610810109582548 0.30388235520273643 0.020894696856846907 0.014039189212119307
0 0.6190882559958559 0.2212940755337424 0.04491439371369381 0.028315176764564676
0 0.6190882559958559 0.2212940755337424 0.04491439371369381 0.028315176764564676
0 0.7071599141824612 0.6413473890209154 0.036810795285270356 0.021473180913749522