0 0.3278229346269841 0.5581389841933678 0.03935339149054773 0.053646641014933036
0 0.3278229346269841 0.5581389841933678 0.03935339149054773 0.053646641014933036
0 0.7107495849963265 0.3685685850673227 0.028379530054229284 0.04637558153075183
0 0.7107495849963265 0.3685685850673227 0.028379530054229284 0.04637558153075183
0 0.7216825398167867 0.3683287755831415 0.017360216822512698 0.031292022046570535
0 0.7216825398167867 0.3683287755831415 0.017360216822512698 0.031292022046570535
0 0.6676485039088249 0.5295382073634505 0.03311248184962743 0.054625678452543625
0 0.6676485039088249 0.5295382073634505 0.03311248184962743 0.054625678452543625
0 0.6728854497522946 0.5688714276213599 0.026826120413308986 0.04779221589015457
0 0.6728854497522946 0.5688714276213599 0.026826120413308986 0.04779221589015457
0 0.5293530974893583 0.6790931337360148 0.017351126463433175 0.029729522046570624
0 0.5293530974893583 0.6790931337360148 0.017351126463433175 0.029729522046570624
0 0.5043349167711991 0.6845519839855718 0.014207945745273953 0.026312790765375915
0 0.5043349167711991 0.6845519839855718 0.014207945745273953 0.026312790765375915