0 0.21171875 0.47734375 0.01484375 0.0484375
0 0.21171875 0.47734375 0.01484375 0.0484375
0 0.33203125 0.50625 0.0078125 0.02265625
0 0.33203125 0.50625 0.0078125 0.02265625
0 0.396875 0.490625 0.01328125 0.0625
0 0.396875 0.490625 0.01328125 0.0625
0 0.546875 0.490625 0.0109375 0.040625
0 0.546875 0.490625 0.0109375 0.040625
0 0.56953125 0.45234375 0.03515625 0.04140625
0 0.56953125 0.45234375 0.03515625 0.04140625
0 0.59453125 0.47890625 0.0265625 0.05546875
0 0.59453125 0.47890625 0.0265625 0.05546875
0 0.696875 0.46015625 0.01484375 0.03828125
0 0.696875 0.46015625 0.01484375 0.03828125
0 0.715625 0.48828125 0.01953125 0.0578125
0 0.715625 0.48828125 0.01953125 0.0578125
0 0.72421875 0.6015625 0.01015625 0.03359375
0 0.72421875 0.6015625 0.01015625 0.03359375
0 0.58984375 0.61015625 0.0078125 0.0296875
0 0.58984375 0.61015625 0.0078125 0.0296875
0 0.58125 0.6078125 0.0109375 0.0515625
0 0.58125 0.6078125 0.0109375 0.0515625
0 0.39453125 0.6171875 0.0078125 0.03828125
0 0.39453125 0.6171875 0.0078125 0.03828125
0 0.3484375 0.6265625 0.0078125 0.02890625
0 0.3484375 0.6265625 0.0078125 0.02890625
0 0.2484375 0.60546875 0.0234375 0.04375