0 0.402956989258458 0.5061259961616249 0.027071577339272502 0.04669817009638315
0 0.402956989258458 0.5061259961616249 0.027071577339272502 0.04669817009638315
0 0.39893201324795846 0.5838165897023758 0.05394316000954493 0.0762088401927663
0 0.39893201324795846 0.5838165897023758 0.05394316000954493 0.0762088401927663
0 0.5276200872454131 0.588259293646399 0.07599997334499946 0.09426174497802293
0 0.5276200872454131 0.588259293646399 0.07599997334499946 0.09426174497802293
0 0.5566445159134585 0.5748947408944527 0.020712489337999785 0.036629483014881184
0 0.5566445159134585 0.5748947408944527 0.020712489337999785 0.036629483014881184
0 0.8914393286123662 0.3005426146896637 0.04921929734245438 0.07256357488163978
0 0.8914393286123662 0.3005426146896637 0.04921929734245438 0.07256357488163978
0 0.847862598623502 0.22345388514536482 0.05554202267663584 0.07950726196314166
0 0.847862598623502 0.22345388514536482 0.05554202267663584 0.07950726196314166
0 0.825660334619684 0.2540067899306215 0.025454533338636055 0.0418372483260077
0 0.825660334619684 0.2540067899306215 0.025454533338636055 0.0418372483260077
0 0.5295922145926397 0.48582883276121125 0.022256808004454242 0.03524040478525663
0 0.5295922145926397 0.48582883276121125 0.022256808004454242 0.03524040478525663
0 0.4873501705920035 0.49519872056134917 0.0255090773392725 0.046524748326007524