0 0.353125 0.578125 0.0171875 0.03359375
0 0.353125 0.578125 0.0171875 0.03359375
0 0.41484375 0.56015625 0.0171875 0.03828125
0 0.41484375 0.56015625 0.0171875 0.03828125
0 0.39375 0.5828125 0.01171875 0.03359375
0 0.39375 0.5828125 0.01171875 0.03359375
0 0.38046875 0.58671875 0.0109375 0.03203125
0 0.38046875 0.58671875 0.0109375 0.03203125
0 0.49296875 0.559375 0.00546875 0.02578125
0 0.49296875 0.559375 0.00546875 0.02578125
0 0.5015625 0.55625 0.0046875 0.03359375
0 0.5015625 0.55625 0.0046875 0.03359375
0 0.61171875 0.5890625 0.00859375 0.02421875
0 0.61171875 0.5890625 0.00859375 0.02421875
0 0.59765625 0.58359375 0.01328125 0.03203125
0 0.59765625 0.58359375 0.01328125 0.03203125
0 0.61328125 0.5875 0.0078125 0.02421875
0 0.61328125 0.5875 0.0078125 0.02421875
0 0.6421875 0.5875 0.0046875 0.02890625
0 0.6421875 0.5875 0.0046875 0.02890625
0 0.65078125 0.5796875 0.00546875 0.02265625
0 0.65078125 0.5796875 0.00546875 0.02265625
0 0.38359375 0.67890625 0.01484375 0.05234375
0 0.38359375 0.67890625 0.01484375 0.05234375
0 0.371875 0.66953125 0.00703125 0.02890625
0 0.371875 0.66953125 0.00703125 0.02890625