0 0.5319674207219863 0.3357458638883676 0.04042757892507787 0.02434668977951393
0 0.5319674207219863 0.3357458638883676 0.04042757892507787 0.02434668977951393
0 0.6421893730845911 0.6163763084175342 0.04024556840173403 0.021221689779513754
0 0.6421893730845911 0.6163763084175342 0.04024556840173403 0.021221689779513754
0 0.6427354046546222 0.6257513084175341 0.033904563140062294 0.019513719414791807
0 0.6427354046546222 0.6257513084175341 0.033904563140062294 0.019513719414791807
0 0.6439863624906602 0.6875246098043051 0.019842063140062295 0.019186411094166723
0 0.6439863624906602 0.6875246098043051 0.019842063140062295 0.019186411094166723
0 0.7090653309206292 0.6766221709747217 0.021040542093374803 0.012972778685347209
0 0.7090653309206292 0.6766221709747217 0.021040542093374803 0.012972778685347209
0 0.7361444994353026 0.5774209515599299 0.037120568401734035 0.02114895459715278
0 0.7361444994353026 0.5774209515599299 0.037120568401734035 0.02114895459715278
0 0.7338539573419278 0.5649573191511106 0.037120568401734035 0.02114895459715278
0 0.7338539573419278 0.5649573191511106 0.037120568401734035 0.02114895459715278
0 0.7195338521084909 0.533998259880555 0.04208108418674961 0.025945557370694417
0 0.7195338521084909 0.533998259880555 0.04208108418674961 0.025945557370694417
0 0.716507562645952 0.5223340612673258 0.037120568401734035 0.02114895459715278
0 0.716507562645952 0.5223340612673258 0.037120568401734035 0.02114895459715278
0 0.7131172521367258 0.5044198626540967 0.030779563140062294 0.01944098423243048
0 0.7131172521367258 0.5044198626540967 0.030779563140062294 0.01944098423243048
0 0.7088924837208742 0.499042031632048 0.03234206314006229 0.019477351823611145
0 0.7088924837208742 0.499042031632048 0.03234206314006229 0.019477351823611145
0 0.6332114023061349 0.3279132204616314 0.03417757892507787 0.024201219414791718
0 0.6332114023061349 0.3279132204616314 0.03417757892507787 0.024201219414791718
0 0.575998870806691 0.24553778476618007 0.033904563140062294 0.01951371941479163