0 0.49140625 0.56796875 0.015625 0.03984375
0 0.49140625 0.56796875 0.015625 0.03984375
0 0.75078125 0.5515625 0.02421875 0.0734375
0 0.75078125 0.5515625 0.02421875 0.0734375
0 0.87734375 0.5609375 0.01796875 0.0609375
0 0.87734375 0.5609375 0.01796875 0.0609375
0 0.8953125 0.55625 0.0140625 0.040625
0 0.8953125 0.55625 0.0140625 0.040625
0 0.91328125 0.65859375 0.02109375 0.02734375
0 0.91328125 0.65859375 0.02109375 0.02734375
0 0.88046875 0.67265625 0.00859375 0.02265625
0 0.88046875 0.67265625 0.00859375 0.02265625
0 0.83359375 0.6859375 0.00859375 0.02734375
0 0.83359375 0.6859375 0.00859375 0.02734375
0 0.7796875 0.68046875 0.00859375 0.02734375
0 0.7796875 0.68046875 0.00859375 0.02734375
0 0.72109375 0.72421875 0.02421875 0.05234375
0 0.72109375 0.72421875 0.02421875 0.05234375
0 0.50390625 0.67578125 0.01015625 0.0171875
0 0.50390625 0.67578125 0.01015625 0.0171875
0 0.4703125 0.6890625 0.01875 0.0375
0 0.4703125 0.6890625 0.01875 0.0375
0 0.44921875 0.68984375 0.0234375 0.059375