0 0.325 0.49453125 0.02578125 0.0578125
0 0.325 0.49453125 0.02578125 0.0578125
0 0.34375 0.50546875 0.00859375 0.0421875
0 0.34375 0.50546875 0.00859375 0.0421875
0 0.35703125 0.61640625 0.00703125 0.028125
0 0.35703125 0.61640625 0.00703125 0.028125
0 0.384375 0.6296875 0.0140625 0.03203125
0 0.384375 0.6296875 0.0140625 0.03203125
0 0.5734375 0.63046875 0.00625 0.02421875
0 0.5734375 0.63046875 0.00625 0.02421875
0 0.596875 0.615625 0.00703125 0.02421875
0 0.596875 0.615625 0.00703125 0.02421875
0 0.60390625 0.6078125 0.009375 0.03203125
0 0.60390625 0.6078125 0.009375 0.03203125
0 0.62578125 0.61171875 0.01328125 0.0296875
0 0.62578125 0.61171875 0.01328125 0.0296875
0 0.65703125 0.60078125 0.046875 0.0890625
0 0.65703125 0.60078125 0.046875 0.0890625
0 0.69609375 0.45703125 0.01015625 0.0234375
0 0.69609375 0.45703125 0.01015625 0.0234375
0 0.7 0.4484375 0.00546875 0.0234375
0 0.7 0.4484375 0.00546875 0.0234375
0 0.6515625 0.48671875 0.0046875 0.03203125
0 0.6515625 0.48671875 0.0046875 0.03203125
0 0.6453125 0.490625 0.00703125 0.028125
0 0.6453125 0.490625 0.00703125 0.028125
0 0.6125 0.5125 0.01328125 0.04609375
0 0.6125 0.5125 0.01328125 0.04609375
0 0.58984375 0.51484375 0.009375 0.02421875
0 0.58984375 0.51484375 0.009375 0.02421875
0 0.53671875 0.546875 0.009375 0.04140625
0 0.53671875 0.546875 0.009375 0.04140625
0 0.5546875 0.534375 0.00546875 0.021875
0 0.5546875 0.534375 0.00546875 0.021875
0 0.51484375 0.56328125 0.03203125 0.0640625
0 0.51484375 0.56328125 0.03203125 0.0640625
0 0.47578125 0.55625 0.0328125 0.04921875
0 0.47578125 0.55625 0.0328125 0.04921875
0 0.4453125 0.53828125 0.0234375 0.04375
0 0.4453125 0.53828125 0.0234375 0.04375