0 0.4655469278603904 0.45076036845226175 0.031823826971401556 0.047443685062934546
0 0.4655469278603904 0.45076036845226175 0.031823826971401556 0.047443685062934546
0 0.569835815133294 0.4381993236364206 0.06469997091226495 0.08875576929603177
0 0.569835815133294 0.4381993236364206 0.06469997091226495 0.08875576929603177
0 0.6395425372535068 0.4593154618089216 0.0266261439408634 0.04083848755244546
0 0.6395425372535068 0.4593154618089216 0.0266261439408634 0.04083848755244546
0 0.6687198542229689 0.46331587757582415 0.03220646424430509 0.05213118506293455
0 0.6687198542229689 0.46331587757582415 0.03220646424430509 0.05213118506293455
0 0.6853811957382379 0.4589476862891123 0.02442591515269079 0.03290758838228243
0 0.6853811957382379 0.4589476862891123 0.02442591515269079 0.03290758838228243
0 0.6710638620988766 0.5392271821399275 0.06186201333591956 0.07301237012586874
0 0.6710638620988766 0.5392271821399275 0.06186201333591956 0.07301237012586874
0 0.5680026349776938 0.546260277370687 0.03612868969849785 0.043111382573423465
0 0.5680026349776938 0.546260277370687 0.03612868969849785 0.043111382573423465
0 0.26309160755694866 0.4769713614032918 0.022863415152690792 0.032789189212119395
0 0.26309160755694866 0.4769713614032918 0.022863415152690792 0.032789189212119395
0 0.23745362089286823 0.41058934480655235 0.03118609818322886 0.03963118506293437