0 0.3390625 0.5296875 0.015625 0.03515625
0 0.3390625 0.5296875 0.015625 0.03515625
0 0.35078125 0.54296875 0.0140625 0.0296875
0 0.35078125 0.54296875 0.0140625 0.0296875
0 0.371875 0.540625 0.0140625 0.03828125
0 0.371875 0.540625 0.0140625 0.03828125
0 0.38359375 0.540625 0.0109375 0.03515625
0 0.38359375 0.540625 0.0109375 0.03515625
0 0.59140625 0.540625 0.0140625 0.046875
0 0.59140625 0.540625 0.0140625 0.046875
0 0.61796875 0.5625 0.01015625 0.02265625
0 0.61796875 0.5625 0.01015625 0.02265625
0 0.36796875 0.66640625 0.015625 0.0375
0 0.36796875 0.66640625 0.015625 0.0375
0 0.32890625 0.67109375 0.0140625 0.0359375
0 0.32890625 0.67109375 0.0140625 0.0359375
0 0.27578125 0.64765625 0.00703125 0.02109375
0 0.27578125 0.64765625 0.00703125 0.02109375
0 0.22265625 0.6078125 0.01015625 0.02890625
0 0.22265625 0.6078125 0.01015625 0.02890625