0 0.45625 0.59609375 0.0109375 0.04375
0 0.45625 0.59609375 0.0109375 0.04375
0 0.515625 0.590625 0.01015625 0.0359375
0 0.515625 0.590625 0.01015625 0.0359375
0 0.64921875 0.54921875 0.0109375 0.0296875
0 0.64921875 0.54921875 0.0109375 0.0296875
0 0.64296875 0.553125 0.0078125 0.02109375
0 0.64296875 0.553125 0.0078125 0.02109375
0 0.72734375 0.59921875 0.03359375 0.053125
0 0.72734375 0.59921875 0.03359375 0.053125
0 0.6671875 0.64765625 0.009375 0.01640625
0 0.6671875 0.64765625 0.009375 0.01640625
0 0.64609375 0.659375 0.02109375 0.04375
0 0.64609375 0.659375 0.02109375 0.04375
0 0.2515625 0.60625 0.01171875 0.01640625