0 0.27890625 0.57109375 0.0171875 0.0609375
0 0.27890625 0.57109375 0.0171875 0.0609375
0 0.3125 0.590625 0.02578125 0.06328125
0 0.3125 0.590625 0.02578125 0.06328125
0 0.66328125 0.6328125 0.015625 0.0375
0 0.66328125 0.6328125 0.015625 0.0375
0 0.73203125 0.61796875 0.0125 0.0421875
0 0.73203125 0.61796875 0.0125 0.0421875
0 0.63515625 0.83671875 0.01328125 0.040625
0 0.63515625 0.83671875 0.01328125 0.040625
0 0.40234375 0.80703125 0.01015625 0.03828125
0 0.40234375 0.80703125 0.01015625 0.03828125
0 0.30234375 0.734375 0.015625 0.03828125