0 0.5535284636295393 0.1794183776779152 0.027545845792955603 0.017638156208383205
0 0.5535284636295393 0.1794183776779152 0.027545845792955603 0.017638156208383205
0 0.5250578002914426 0.6406411873263125 0.04226390965492612 0.028906150671645037
0 0.5250578002914426 0.6406411873263125 0.04226390965492612 0.028906150671645037
0 0.5099244731879203 0.6497757645077143 0.053747712873234654 0.03819097969862639
0 0.5099244731879203 0.6497757645077143 0.053747712873234654 0.03819097969862639
0 0.6183761115555229 0.6556804733151115 0.021295845792955605 0.016796825335822517
0 0.6183761115555229 0.6556804733151115 0.021295845792955605 0.016796825335822517
0 0.6273686993027068 0.6489497270062703 0.02431158514929379 0.015654990772102906
0 0.6273686993027068 0.6489497270062703 0.02431158514929379 0.015654990772102906
0 0.7181579542463853 0.5263237657634383 0.05185743094224939 0.03329314698048602
0 0.7181579542463853 0.5263237657634383 0.05185743094224939 0.03329314698048602
0 0.6231307694457381 0.15979715536160669 0.07671531930985206 0.05676063775258888