0 0.26875 0.546875 0.015625 0.02421875
0 0.26875 0.546875 0.015625 0.02421875
0 0.296875 0.53828125 0.009375 0.025
0 0.296875 0.53828125 0.009375 0.025
0 0.371875 0.56875 0.0078125 0.0265625
0 0.371875 0.56875 0.0078125 0.0265625
0 0.421875 0.57109375 0.009375 0.03125
0 0.421875 0.57109375 0.009375 0.03125
0 0.7078125 0.565625 0.0109375 0.02265625
0 0.7078125 0.565625 0.0109375 0.02265625
0 0.65078125 0.60390625 0.01796875 0.03359375
0 0.65078125 0.60390625 0.01796875 0.03359375
0 0.696875 0.57578125 0.01328125 0.02421875
0 0.696875 0.57578125 0.01328125 0.02421875
0 0.6171875 0.64296875 0.025 0.0265625
0 0.6171875 0.64296875 0.025 0.0265625
0 0.37578125 0.64609375 0.01171875 0.04453125
0 0.37578125 0.64609375 0.01171875 0.04453125
0 0.32890625 0.6359375 0.021875 0.05546875
0 0.32890625 0.6359375 0.021875 0.05546875
0 0.33671875 0.67578125 0.0171875 0.02421875
0 0.33671875 0.67578125 0.0171875 0.02421875
0 0.2984375 0.60625 0.0125 0.021875
0 0.2984375 0.60625 0.0125 0.021875
0 0.27109375 0.60234375 0.00859375 0.02265625
0 0.27109375 0.60234375 0.00859375 0.02265625
0 0.31484375 0.62734375 0.009375 0.02421875