0 0.25859375 0.51953125 0.0109375 0.0421875
0 0.25859375 0.51953125 0.0109375 0.0421875
0 0.3578125 0.54921875 0.015625 0.05078125
0 0.3578125 0.54921875 0.015625 0.05078125
0 0.36875 0.5578125 0.01796875 0.0359375
0 0.36875 0.5578125 0.01796875 0.0359375
0 0.43125 0.56640625 0.01015625 0.03203125
0 0.43125 0.56640625 0.01015625 0.03203125
0 0.425 0.56015625 0.00390625 0.01953125
0 0.425 0.56015625 0.00390625 0.01953125
0 0.49375 0.59609375 0.00703125 0.03125
0 0.49375 0.59609375 0.00703125 0.03125
0 0.58515625 0.58203125 0.00546875 0.02890625
0 0.58515625 0.58203125 0.00546875 0.02890625
0 0.684375 0.56015625 0.0078125 0.02265625
0 0.684375 0.56015625 0.0078125 0.02265625
0 0.69296875 0.55625 0.00703125 0.02265625
0 0.69296875 0.55625 0.00703125 0.02265625
0 0.73046875 0.5265625 0.01015625 0.0265625
0 0.73046875 0.5265625 0.01015625 0.0265625
0 0.6015625 0.6625 0.01015625 0.02421875
0 0.6015625 0.6625 0.01015625 0.02421875