0 0.356078859552414 0.3143187128314902 0.060442437762226756 0.12412847969862621
0 0.356078859552414 0.3143187128314902 0.060442437762226756 0.12412847969862621
0 0.3970231682657023 0.2922334794417051 0.0241245842330974 0.03263215805396262
0 0.3970231682657023 0.2922334794417051 0.0241245842330974 0.03263215805396262
0 0.5689592130815434 0.37405479403698527 0.011269386722608488 0.026261996308841164
0 0.5689592130815434 0.37405479403698527 0.011269386722608488 0.026261996308841164
0 0.6862408788484459 0.3282768410992608 0.0451008576783142 0.08494581795350467
0 0.6862408788484459 0.3282768410992608 0.0451008576783142 0.08494581795350467
0 0.7179644755290979 0.330320186736457 0.05876153859206372 0.12235564698048602
0 0.7179644755290979 0.330320186736457 0.05876153859206372 0.12235564698048602
0 0.7460437765687165 0.4196681950415645 0.041288773445216795 0.05504798523536465
0 0.7460437765687165 0.4196681950415645 0.041288773445216795 0.05504798523536465
0 0.7096093691001836 0.43877868027692896 0.026871075934727706 0.048467490772102904
0 0.7096093691001836 0.43877868027692896 0.026871075934727706 0.048467490772102904
0 0.3863960894311895 0.4436156374956678 0.01451278589277143 0.02824516174512155
0 0.3863960894311895 0.4436156374956678 0.01451278589277143 0.02824516174512155
0 0.3470017027085811 0.42366362273103225 0.019910680913749524 0.03825115989954213
0 0.3470017027085811 0.42366362273103225 0.019910680913749524 0.03825115989954213
0 0.33426490436825507 0.4222212844761538 0.020147479254075583 0.04137615989954213
0 0.33426490436825507 0.4222212844761538 0.020147479254075583 0.04137615989954213