0 0.6066737189038772 0.6356313533054146 0.027463258706427317 0.019200285892771517
0 0.6066737189038772 0.6356313533054146 0.027463258706427317 0.019200285892771517
0 0.6015015400256334 0.5968056516457408 0.040208920171816584 0.024834979254075584
0 0.6015015400256334 0.5968056516457408 0.040208920171816584 0.024834979254075584
0 0.5351407191310198 0.21357967716554999 0.04497830732694634 0.026752676764564675
0 0.5351407191310198 0.21357967716554999 0.04497830732694634 0.026752676764564675
0 0.7131550130018404 0.512262863053677 0.058133404567984215 0.04019987012586892
0 0.7131550130018404 0.512262863053677 0.058133404567984215 0.04019987012586892
0 0.7193474592929388 0.5855227642984324 0.056652791723114146 0.04164397095570589
0 0.7193474592929388 0.5855227642984324 0.056652791723114146 0.04164397095570589
0 0.6979504941186478 0.6561671510210408 0.029271420171816588 0.024006185062934372
0 0.6979504941186478 0.6561671510210408 0.029271420171816588 0.024006185062934372
0 0.7099215496365717 0.6301607580746552 0.035357645861557076 0.02135478174358667
0 0.7099215496365717 0.6301607580746552 0.035357645861557076 0.02135478174358667
0 0.7313594583884276 0.5602976213520467 0.06265713025772471 0.03743006763635783