0 0.5163952135918202 0.40874638972615845 0.034905621018452494 0.03880822177194432
0 0.5163952135918202 0.40874638972615845 0.034905621018452494 0.03880822177194432
0 0.4906301031672983 0.5174864026856492 0.06588260523343692 0.0368547425071295
0 0.4906301031672983 0.5174864026856492 0.06588260523343692 0.0368547425071295
0 0.5190218717243242 0.6572426783218066 0.06201415258848364 0.05050713939685174
0 0.5190218717243242 0.6572426783218066 0.06201415258848364 0.05050713939685174
0 0.3555362243975124 0.7150728851080099 0.05254814732681172 0.04812443317629622
0 0.3555362243975124 0.7150728851080099 0.05254814732681172 0.04812443317629622
0 0.3511643267177648 0.38977965065939885 0.061286110495108834 0.03800713939685174
0 0.3511643267177648 0.38977965065939885 0.061286110495108834 0.03800713939685174
0 0.319109960890397 0.3529433234681025 0.03132559471009326 0.03072231969842587
0 0.319109960890397 0.3529433234681025 0.03132559471009326 0.03072231969842587