0 0.3359375 0.5234375 0.0125 0.03828125
0 0.3359375 0.5234375 0.0125 0.03828125
0 0.4453125 0.521875 0.0109375 0.046875
0 0.4453125 0.521875 0.0109375 0.046875
0 0.453125 0.52265625 0.0109375 0.04375
0 0.453125 0.52265625 0.0109375 0.04375
0 0.490625 0.5421875 0.01171875 0.03828125
0 0.490625 0.5421875 0.01171875 0.03828125
0 0.67578125 0.5296875 0.0046875 0.02421875
0 0.67578125 0.5296875 0.0046875 0.02421875
0 0.58671875 0.62890625 0.00703125 0.02109375
0 0.58671875 0.62890625 0.00703125 0.02109375