0 0.41572007125241284 0.5862563165856594 0.02676249466899989 0.017805749050069507
0 0.41572007125241284 0.5862563165856594 0.02676249466899989 0.017805749050069507
0 0.4168734912476403 0.6213761989944788 0.02674431333545435 0.01624324905006951
0 0.4168734912476403 0.6213761989944788 0.02674431333545435 0.01624324905006951
0 0.4630057932845477 0.3485010902370135 0.023637494668999892 0.01773301386770836
0 0.4630057932845477 0.3485010902370135 0.023637494668999892 0.01773301386770836
0 0.47564215328613846 0.336491399507569 0.02361931333545435 0.016170513867708357
0 0.47564215328613846 0.336491399507569 0.02361931333545435 0.016170513867708357
0 0.4014694039624563 0.2671432938842358 0.014189769334818081 0.011264808320625087
0 0.4014694039624563 0.2671432938842358 0.014189769334818081 0.011264808320625087
0 0.39592792862827453 0.27352058045336775 0.01887726933481817 0.011373911094166722
0 0.39592792862827453 0.27352058045336775 0.01887726933481817 0.011373911094166722
0 0.3650228266231838 0.31172974848138857 0.02674431333545444 0.01624324905006951
0 0.3650228266231838 0.31172974848138857 0.02674431333545444 0.01624324905006951
0 0.361825101289002 0.3180524836637497 0.025145450668363534 0.013081881458888844
0 0.361825101289002 0.3180524836637497 0.025145450668363534 0.013081881458888844
0 0.30590926658977624 0.5591327317638887 0.026780676002545255 0.019368249050069508
0 0.30590926658977624 0.5591327317638887 0.026780676002545255 0.019368249050069508
0 0.30340188458786727 0.5732497831506594 0.025218176002545344 0.019331881458888846
0 0.30340188458786727 0.5732497831506594 0.025218176002545344 0.019331881458888846
0 0.30680814791536754 0.6161276141727081 0.017351132001908985 0.014462543502986059