0 0.48619979296496324 0.8038623340720361 0.09081517676456467 0.0514052580585183
0 0.48619979296496324 0.8038623340720361 0.09081517676456467 0.0514052580585183
0 0.5143597591467843 0.7760592542888417 0.045170790041956364 0.02257762902925915
0 0.5143597591467843 0.7760592542888417 0.045170790041956364 0.02257762902925915
0 0.5486513261584423 0.7472404786526843 0.04985829004195637 0.022987732139537087
0 0.5486513261584423 0.7472404786526843 0.04985829004195637 0.022987732139537087
0 0.5702536390209154 0.7250722442040731 0.06089087842423861 0.04568293836009243
0 0.5702536390209154 0.7250722442040731 0.06089087842423861 0.04568293836009243
0 0.5882456998087962 0.7064685071635638 0.046733290041956366 0.022714330066018463
0 0.5882456998087962 0.7064685071635638 0.046733290041956366 0.022714330066018463
0 0.6032311597668398 0.6891538680495359 0.035322193361304245 0.01550742280870363
0 0.6032311597668398 0.6891538680495359 0.035322193361304245 0.01550742280870363
0 0.5764048601771139 0.4989977597554619 0.04469719336130425 0.016327629029259327
0 0.5764048601771139 0.4989977597554619 0.04469719336130425 0.016327629029259327
0 0.49255896598132837 0.2937641641380547 0.08877908008391255 0.045018557021759074
0 0.49255896598132837 0.2937641641380547 0.08877908008391255 0.045018557021759074
0 0.6540418402563821 0.35600846885073956 0.039275987552445456 0.026718324882222165
0 0.6540418402563821 0.35600846885073956 0.039275987552445456 0.026718324882222165
0 0.6036857201305132 0.29572578826634144 0.043845088382282425 0.025565927992499925
0 0.6036857201305132 0.29572578826634144 0.043845088382282425 0.025565927992499925
0 0.6774327186806207 0.3984105823286098 0.04720688672260831 0.02896433006601846
0 0.6774327186806207 0.3984105823286098 0.04720688672260831 0.02896433006601846
0 0.7222608892214082 0.45743355928435053 0.05646348755244546 0.028222036286573982
0 0.7222608892214082 0.45743355928435053 0.05646348755244546 0.028222036286573982
0 0.7285467780186089 0.4789374123946283 0.032078794191141215 0.013671520735185183
0 0.7285467780186089 0.4789374123946283 0.032078794191141215 0.013671520735185183
0 0.7380070562377105 0.6140253118762486 0.05658188672260831 0.02978453628657398
0 0.7380070562377105 0.6140253118762486 0.05658188672260831 0.02978453628657398
0 0.7578585375663784 0.6506852732806004 0.038565592531467276 0.017343324882222077
0 0.7578585375663784 0.6506852732806004 0.038565592531467276 0.017343324882222077
0 0.7593501825873566 0.6601286237989801 0.044460395020978184 0.01320262902925915
0 0.7593501825873566 0.6601286237989801 0.044460395020978184 0.01320262902925915
0 0.775733121799476 0.6817397836481931 0.022703794191141213 0.012851314514629664
0 0.775733121799476 0.6817397836481931 0.022703794191141213 0.012851314514629664
0 0.7410513910955079 0.7361347577292117 0.08323947510489074 0.05384675287472209
0 0.7410513910955079 0.7361347577292117 0.08323947510489074 0.05384675287472209
0 0.7189046265733607 0.7613596416594431 0.038920790041956366 0.022030824882222078
0 0.7189046265733607 0.7613596416594431 0.038920790041956366 0.022030824882222078
0 0.6863531583169473 0.7926588683323599 0.057907588382282424 0.026796237323333118
0 0.6863531583169473 0.7926588683323599 0.057907588382282424 0.026796237323333118
0 0.6681242991887405 0.8081376053728693 0.0820554834032606 0.03822175287472192