0 0.3735720473566941 0.7066392220042872 0.052581344499482 0.02548060124083733
0 0.3735720473566941 0.7066392220042872 0.052581344499482 0.02548060124083733
0 0.3681011433039182 0.7405061236134415 0.028852746071058543 0.017591691585911208
0 0.3681011433039182 0.7405061236134415 0.028852746071058543 0.017591691585911208
0 0.5646274644346394 0.2159328224888198 0.06922518899896399 0.048448207677454655
0 0.5646274644346394 0.2159328224888198 0.06922518899896399 0.048448207677454655
0 0.5342206029810466 0.6681508863507902 0.024456344499482086 0.023513909654926123
0 0.5342206029810466 0.6681508863507902 0.024456344499482086 0.023513909654926123
0 0.5256803569099879 0.6843221895690988 0.04625856989237605 0.02348105866619026
0 0.5256803569099879 0.6843221895690988 0.04625856989237605 0.02348105866619026
0 0.5172835060003653 0.7308529821437458 0.07860018899896418 0.04910377153942491
0 0.5172835060003653 0.7308529821437458 0.07860018899896418 0.04910377153942491