0 0.7180551393760087 0.35054322761030443 0.024420845792955604 0.015290807326946343
0 0.7180551393760087 0.35054322761030443 0.024420845792955604 0.015290807326946343
0 0.7033195580851126 0.6852557423096256 0.053201409654925945 0.026139776119281775
0 0.7033195580851126 0.6852557423096256 0.053201409654925945 0.026139776119281775
0 0.7024236936027236 0.6501813794647553 0.019514824505632154 0.011920145861557074
0 0.7024236936027236 0.6501813794647553 0.019514824505632154 0.011920145861557074
0 0.6484406699696116 0.7353099739922598 0.02620186708027905 0.0184976944820761
0 0.6484406699696116 0.7353099739922598 0.02620186708027905 0.0184976944820761
0 0.6151368610513197 0.6152497795101839 0.0342328883676025 0.022032130257724703
0 0.6151368610513197 0.6152497795101839 0.0342328883676025 0.022032130257724703
0 0.6468514007759751 0.5678734905006032 0.0649037341605581 0.03765048620519007
0 0.6468514007759751 0.5678734905006032 0.0649037341605581 0.03765048620519007
0 0.6789594244090871 0.48159847580128207 0.03412362772394069 0.020469630257724702
0 0.6789594244090871 0.48159847580128207 0.03412362772394069 0.020469630257724702
0 0.6806804615358524 0.45055319368910657 0.03256112772394086 0.020387743102595123