0 0.47687233715610444 0.7210797478974994 0.05189438672260849 0.03173064698048602
0 0.47687233715610444 0.7210797478974994 0.05189438672260849 0.03173064698048602
0 0.5215317964894483 0.6022096854807331 0.024384693361304242 0.015654990772102906
0 0.5215317964894483 0.6022096854807331 0.024384693361304242 0.015654990772102906
0 0.5149373317575197 0.5360137681988733 0.0659568867226085 0.033623641443747763
0 0.5149373317575197 0.5360137681988733 0.0659568867226085 0.033623641443747763
0 0.5350578097621954 0.3849321138360694 0.04360829004195636 0.024428983389785053
0 0.5350578097621954 0.3849321138360694 0.04360829004195636 0.024428983389785053
0 0.49993652594401644 0.3588803509170134 0.050071777594401644 0.048497481544205634
0 0.49993652594401644 0.3588803509170134 0.050071777594401644 0.048497481544205634
0 0.5297657359020602 0.3359236965542096 0.06377908008391256 0.04570297600746738
0 0.5297657359020602 0.3359236965542096 0.06377908008391256 0.04570297600746738
0 0.5250171910862191 0.23159678111792922 0.04240098755244528 0.02890615067164486
0 0.5250171910862191 0.23159678111792922 0.04240098755244528 0.02890615067164486
0 0.5553199977249148 0.21489012675512545 0.06318708423309757 0.03789047600746738
0 0.5553199977249148 0.21489012675512545 0.06318708423309757 0.03789047600746738
0 0.6689447898414637 0.21458992104903185 0.0371214917016303 0.020462652517224365
0 0.6689447898414637 0.21458992104903185 0.0371214917016303 0.020462652517224365
0 0.6595366688904022 0.35081283002578423 0.03231559253146728 0.018269154362803786
0 0.6595366688904022 0.35081283002578423 0.03231559253146728 0.018269154362803786
0 0.6562224147412173 0.35915116182113466 0.05478258838228243 0.029026312416766408
0 0.6562224147412173 0.35915116182113466 0.05478258838228243 0.029026312416766408
0 0.640506016820454 0.5475224834657982 0.040246491701630305 0.020883317953504843
0 0.640506016820454 0.5475224834657982 0.040246491701630305 0.020883317953504843
0 0.6432767419253448 0.5945026498248683 0.030753092531467276 0.01805882164466368
0 0.6432767419253448 0.5945026498248683 0.030753092531467276 0.01805882164466368
0 0.6089744421351263 0.6938264668555834 0.05080548340326043 0.037770314262345825