0 0.2659083637740095 0.42078933532226764 0.026817030054229286 0.04685471097638842
0 0.2659083637740095 0.42078933532226764 0.026817030054229286 0.04685471097638842
0 0.350628797419035 0.4703023122207985 0.03793633723582168 0.07938312137843066
0 0.350628797419035 0.4703023122207985 0.03793633723582168 0.07938312137843066
0 0.37869016490547763 0.45607747118697545 0.04727497579950324 0.07422890172303838
0 0.37869016490547763 0.45607747118697545 0.04727497579950324 0.07422890172303838
0 0.4148185624461497 0.4846894798659793 0.033194295081344014 0.0694602312061269
0 0.4148185624461497 0.4846894798659793 0.033194295081344014 0.0694602312061269
0 0.44838049618937104 0.4752941836311352 0.04256929508134384 0.07055601155073461
0 0.44838049618937104 0.4752941836311352 0.04256929508134384 0.07055601155073461
0 0.48588049618937096 0.4709110622527044 0.05833974082661779 0.09738231212508061
0 0.48588049618937096 0.4709110622527044 0.05833974082661779 0.09738231212508061
0 0.5141782130118837 0.49731122121888144 0.018968168617910664 0.03969156068921542
0 0.5141782130118837 0.49731122121888144 0.018968168617910664 0.03969156068921542
0 0.1882833335233885 0.5158583381939983 0.04408634328594587 0.06292614160816914
0 0.1882833335233885 0.5158583381939983 0.04408634328594587 0.06292614160816914
0 0.21183446301188372 0.5326501373324791 0.02521816861791084 0.0404220809189539
0 0.21183446301188372 0.5326501373324791 0.02521816861791084 0.0404220809189539
0 0.7055486224564124 0.6031553542118585 0.05040906615858276 0.07615666183790762