0 0.35177224391176837 0.6765117032123747 0.09926641848667064 0.06183279830757158
0 0.35177224391176837 0.6765117032123747 0.09926641848667064 0.06183279830757158
0 0.5585312665007216 0.3006966170310113 0.030835411818710766 0.018234806030227268
0 0.5585312665007216 0.3006966170310113 0.030835411818710766 0.018234806030227268
0 0.5478169071076051 0.2805783774647912 0.03447059484924893 0.024923996138672244
0 0.5478169071076051 0.2805783774647912 0.03447059484924893 0.024923996138672244
0 0.5352689807450266 0.25453953047990485 0.06345646424430526 0.058344612060454534
0 0.5352689807450266 0.25453953047990485 0.06345646424430526 0.058344612060454534
0 0.4804695236277233 0.15952688017591551 0.08520391848667064 0.059856442819569325
0 0.4804695236277233 0.15952688017591551 0.08520391848667064 0.059856442819569325
0 0.6491878305952455 0.1929643291572195 0.0813136439408634 0.05004225271112435
0 0.6491878305952455 0.1929643291572195 0.0813136439408634 0.05004225271112435
0 0.6645259171095448 0.21320503356077217 0.062053460910325244 0.04115711206045454
0 0.6645259171095448 0.21320503356077217 0.062053460910325244 0.04115711206045454
0 0.6822397045322296 0.2516467503287686 0.040848140606883375 0.027364876355562194
0 0.6822397045322296 0.2516467503287686 0.040848140606883375 0.027364876355562194
0 0.6998099707430872 0.2823857646238762 0.08102660151720861 0.0654476576569019
0 0.6998099707430872 0.2823857646238762 0.08102660151720861 0.0654476576569019
0 0.6829256175588884 0.3473139775305449 0.0578761439408634 0.046748326897787074
0 0.6829256175588884 0.3473139775305449 0.0578761439408634 0.046748326897787074
0 0.7102693675588884 0.34347106408165134 0.017952774545807237 0.011790545596447367
0 0.7102693675588884 0.34347106408165134 0.017952774545807237 0.011790545596447367
0 0.689462659982543 0.36184100225943244 0.024457866061076316 0.015793925813337318
0 0.689462659982543 0.36184100225943244 0.024457866061076316 0.015793925813337318
0 0.6840736583155531 0.37109353742209994 0.024330320303441687 0.014231425813337317
0 0.6840736583155531 0.37109353742209994 0.024330320303441687 0.014231425813337317
0 0.6142080842190895 0.526874804428332 0.037468049091614476 0.02380068624711722
0 0.6142080842190895 0.526874804428332 0.037468049091614476 0.02380068624711722
0 0.6030634190663988 0.5593325772265556 0.05060577787978708 0.03336994668089695
0 0.6030634190663988 0.5593325772265556 0.05060577787978708 0.03336994668089695
0 0.5475470005797282 0.6150167140158976 0.044100686364518006 0.02936656646400717
0 0.5475470005797282 0.6150167140158976 0.044100686364518006 0.02936656646400717
0 0.54000556754919 0.6222548917598989 0.030835411818710766 0.018234806030227268
0 0.54000556754919 0.6222548917598989 0.030835411818710766 0.018234806030227268
0 0.516472472699941 0.6456417225190136 0.03290809484924893 0.024704401084449757
0 0.516472472699941 0.6456417225190136 0.03290809484924893 0.024704401084449757
0 0.45405234997090493 0.7007515370523569 0.042920823637421536 0.03383447140978468