0 0.3046875 0.42109375 0.046875 0.06484375
0 0.3046875 0.42109375 0.046875 0.06484375
0 0.4171875 0.3890625 0.028125 0.040625
0 0.4171875 0.3890625 0.028125 0.040625
0 0.46875 0.41171875 0.0234375 0.0203125
0 0.46875 0.41171875 0.0234375 0.0203125
0 0.5234375 0.3765625 0.021875 0.04296875
0 0.5234375 0.3765625 0.021875 0.04296875
0 0.559375 0.3609375 0.01015625 0.03125
0 0.559375 0.3609375 0.01015625 0.03125
0 0.59921875 0.3921875 0.04296875 0.0875
0 0.59921875 0.3921875 0.04296875 0.0875
0 0.6875 0.36796875 0.03125 0.0296875
0 0.6875 0.36796875 0.03125 0.0296875
0 0.67734375 0.54296875 0.04296875 0.06875
0 0.67734375 0.54296875 0.04296875 0.06875
0 0.60703125 0.5765625 0.034375 0.0375
0 0.60703125 0.5765625 0.034375 0.0375
0 0.6390625 0.56015625 0.03046875 0.04609375
0 0.6390625 0.56015625 0.03046875 0.04609375
0 0.4421875 0.58203125 0.02109375 0.04609375
0 0.4421875 0.58203125 0.02109375 0.04609375
0 0.425 0.5796875 0.02578125 0.03359375
0 0.425 0.5796875 0.02578125 0.03359375
0 0.409375 0.54765625 0.015625 0.05546875
0 0.409375 0.54765625 0.015625 0.05546875
0 0.29921875 0.56171875 0.05234375 0.08203125
0 0.29921875 0.56171875 0.05234375 0.08203125