0 0.4196800022750852 0.27901397524652893 0.03723989087179334 0.017814791395857822
0 0.4196800022750852 0.27901397524652893 0.03723989087179334 0.017814791395857822
0 0.4239889939767153 0.26333442816862823 0.016453794191141215 0.011210235389503432
0 0.4239889939767153 0.26333442816862823 0.016453794191141215 0.011210235389503432
0 0.3842231412727786 0.5410054606360324 0.01934199585081515 0.008139782467404188
0 0.3842231412727786 0.5410054606360324 0.01934199585081515 0.008139782467404188
0 0.3861515715618282 0.597927616480231 0.042164189212119306 0.02102161201270878
0 0.3861515715618282 0.597927616480231 0.042164189212119306 0.02102161201270878
0 0.415269463883514 0.6770014618538484 0.01789789502097818 0.00967500892845372
0 0.415269463883514 0.6770014618538484 0.01789789502097818 0.00967500892845372
0 0.41365941969237274 0.6879525986233235 0.016216995850815152 0.008085235389503254
0 0.41365941969237274 0.6879525986233235 0.016216995850815152 0.008085235389503254
0 0.3392738037156889 0.7532287711066136 0.021022895020978184 0.009729556006354301
0 0.3392738037156889 0.7532287711066136 0.021022895020978184 0.009729556006354301
0 0.3326569508112594 0.7478827520318901 0.022585395020978182 0.009756829545304768
0 0.3326569508112594 0.7478827520318901 0.022585395020978182 0.009756829545304768
0 0.29541798255484597 0.7142032272751239 0.03423329004195637 0.019322744317956976
0 0.29541798255484597 0.7142032272751239 0.03423329004195637 0.019322744317956976
0 0.2876530267459871 0.7034157317393508 0.027509693361304245 0.012963650162155815
0 0.2876530267459871 0.7034157317393508 0.027509693361304245 0.012963650162155815
0 0.3396624607832363 0.20238901988879765 0.03783188672260831 0.025627291395857822