0 0.2968054472433518 0.48897342090010376 0.021103432629559826 0.047806561393340274
0 0.2968054472433518 0.48897342090010376 0.021103432629559826 0.047806561393340274
0 0.3092372633959759 0.49441447791139004 0.02282957386326192 0.0573734122697509
0 0.3092372633959759 0.49441447791139004 0.02282957386326192 0.0573734122697509
0 0.40841905722746574 0.5535679340016805 0.016443206168510117 0.04879350876410786
0 0.40841905722746574 0.5535679340016805 0.016443206168510117 0.04879350876410786
0 0.41765768953271404 0.5625315392601452 0.014826159090609536 0.04547665788769706
0 0.41765768953271404 0.5625315392601452 0.014826159090609536 0.04547665788769706
0 0.6044758510589554 0.6246161444294398 0.021267073863261744 0.057181561393340276
0 0.6044758510589554 0.6246161444294398 0.021267073863261744 0.057181561393340276
0 0.6186201716758065 0.621655302317137 0.011346603084255058 0.02478045613487545
0 0.6186201716758065 0.621655302317137 0.011346603084255058 0.02478045613487545
0 0.7028412130716644 0.5959818242051143 0.009811376623205349 0.026151105258464823
0 0.7028412130716644 0.5959818242051143 0.009811376623205349 0.026151105258464823
0 0.635801943186162 0.7138012628340664 0.008194329545304769 0.02283425438205384
0 0.635801943186162 0.7138012628340664 0.008194329545304769 0.02283425438205384
0 0.5902030710271834 0.7246438374181535 0.008139782467404188 0.019709254382053842
0 0.5902030710271834 0.7246438374181535 0.008139782467404188 0.019709254382053842
0 0.549387156254531 0.7305932146314731 0.006468188311602674 0.013267403505643215
0 0.549387156254531 0.7305932146314731 0.006468188311602674 0.013267403505643215
0 0.27027812906213267 0.5734038068775311 0.033576159090609535 0.04777886840462671