0 0.509280565592336 0.43740853775836525 0.04279327787978708 0.03203115067164504
0 0.509280565592336 0.43740853775836525 0.04279327787978708 0.03203115067164504
0 0.514398629227818 0.4617925349899961 0.02614791181871077 0.017427823490243098
0 0.514398629227818 0.4617925349899961 0.02614791181871077 0.017427823490243098
0 0.511353377560828 0.47007078591278584 0.023022911818710766 0.01700715805396271
0 0.511353377560828 0.47007078591278584 0.023022911818710766 0.01700715805396271
0 0.4704100289185572 0.6233160469862623 0.029272911818710768 0.017848488926523486
0 0.4704100289185572 0.6233160469862623 0.029272911818710768 0.017848488926523486
0 0.40889883088510964 0.6995481518513558 0.037595594849248924 0.025150152517224456
0 0.40889883088510964 0.6995481518513558 0.037595594849248924 0.025150152517224456
0 0.4001457131570434 0.7196954046197248 0.04072059484924893 0.025570817953504844
0 0.4001457131570434 0.7196954046197248 0.04072059484924893 0.025570817953504844
0 0.47072940906445915 0.7742174587313839 0.014955320303441866 0.012830494463261743
0 0.47072940906445915 0.7742174587313839 0.014955320303441866 0.012830494463261743
0 0.446686131184672 0.7978353006774211 0.022895366061076318 0.015444658053962713
0 0.446686131184672 0.7978353006774211 0.022895366061076318 0.015444658053962713
0 0.5158344860358606 0.7344787757620989 0.021205320303441688 0.013671825335822518
0 0.5158344860358606 0.7344787757620989 0.021205320303441688 0.013671825335822518
0 0.508148500289864 0.42224928868115497 0.03408795757634522 0.020041987080944068