0 0.33125 0.6003132402574721 0.028125 0.050490923701106104
0 0.33125 0.6003132402574721 0.028125 0.050490923701106104
0 0.3734375 0.6057371258091313 0.015625 0.02996023538950343
0 0.3734375 0.6057371258091313 0.015625 0.02996023538950343
0 0.31875 0.6758763019458693 0.0125 0.018968188311602675
0 0.31875 0.6758763019458693 0.0125 0.018968188311602675
0 0.36484375 0.6735558713449044 0.01875 0.02220228246740419
0 0.36484375 0.6735558713449044 0.01875 0.02220228246740419
0 0.3109375 0.6741774342511176 0.0125 0.017405688311602673
0 0.3109375 0.6741774342511176 0.0125 0.017405688311602673
0 0.4046875 0.6656575965881381 0.0109375 0.015815914772652383
0 0.4046875 0.6656575965881381 0.0109375 0.015815914772652383
0 0.3984375 0.6647672524323367 0.00625 0.012609094155801337
0 0.3984375 0.6647672524323367 0.00625 0.012609094155801337
0 0.6015625 0.5440940624958809 0.0109375 0.018940914772652383
0 0.6015625 0.5440940624958809 0.0109375 0.018940914772652383
0 0.62421875 0.5366770288106608 0.0140625 0.02368296185055314
0 0.62421875 0.5366770288106608 0.0140625 0.02368296185055314
0 0.72421875 0.5556100353034826 0.0109375 0.022065914772652385
0 0.72421875 0.5556100353034826 0.0109375 0.022065914772652385
0 0.71875 0.5547333279171565 0.0125 0.023655688311602675
0 0.71875 0.5547333279171565 0.0125 0.023655688311602675