0 0.46169157401634175 0.38010871606681557 0.03105257892507769 0.025339961443337077
0 0.46169157401634175 0.38010871606681557 0.03105257892507769 0.025339961443337077
0 0.5337485845396854 0.38158967535068433 0.02076752630835941 0.00911418414544123
0 0.5337485845396854 0.38158967535068433 0.02076752630835941 0.00911418414544123
0 0.45271360323788556 0.6688906138150622 0.02113154735504672 0.015364184145441228
0 0.45271360323788556 0.6688906138150622 0.02113154735504672 0.015364184145441228
0 0.43780966907937086 0.7228271421926923 0.016262036831702888 0.011938795496493172
0 0.43780966907937086 0.7228271421926923 0.016262036831702888 0.011938795496493172
0 0.4718191899848839 0.5697417149870814 0.01608002630835923 0.00881379549649317
0 0.4718191899848839 0.5697417149870814 0.01608002630835923 0.00881379549649317
0 0.47233512947565764 0.5878105945367308 0.012682010523343657 0.003926036397194466
0 0.47233512947565764 0.5878105945367308 0.012682010523343657 0.003926036397194466