0 0.42026221375990874 0.6761971821952698 0.034316211404351905 0.0210227312061269
0 0.42026221375990874 0.6761971821952698 0.034316211404351905 0.0210227312061269
0 0.4033576777561588 0.6572949928844851 0.05632791244111104 0.02514205201021156
0 0.4033576777561588 0.6572949928844851 0.05632791244111104 0.02514205201021156
0 0.34402092544708457 0.5930904552967389 0.06632762902925915 0.05105520229738456
0 0.34402092544708457 0.5930904552967389 0.06632762902925915 0.05105520229738456
0 0.3896457837411586 0.5753854986598524 0.06285131451462966 0.02899757223995003
0 0.3896457837411586 0.5753854986598524 0.06285131451462966 0.02899757223995003
0 0.3392732197921769 0.4529118859285197 0.04498030933083328 0.01917614160816914
0 0.3392732197921769 0.4529118859285197 0.04498030933083328 0.01917614160816914
0 0.36591292370365824 0.36937901021058706 0.07562471658814811 0.0335836126994268
0 0.36591292370365824 0.36937901021058706 0.07562471658814811 0.0335836126994268
0 0.26050296229930636 0.39871140902998886 0.06794891762490733 0.0342329624122538
0 0.26050296229930636 0.39871140902998886 0.06794891762490733 0.0342329624122538