0 0.4760099318220762 0.5857193114248962 0.037718188311602674 0.013809528855940556
0 0.4760099318220762 0.5857193114248962 0.037718188311602674 0.013809528855940556
0 0.4267032272751239 0.3651141455456471 0.058603432629559825 0.0473313569862416
0 0.4267032272751239 0.3651141455456471 0.058603432629559825 0.0473313569862416
0 0.5172521351479173 0.2830680265785058 0.04256932954530477 0.023348219962933126
0 0.5172521351479173 0.2830680265785058 0.04256932954530477 0.023348219962933126
0 0.5256822439142154 0.29274312694132554 0.05975682954530477 0.023948420688572548
0 0.5256822439142154 0.29274312694132554 0.05975682954530477 0.023948420688572548
0 0.5452447215930809 0.3364212050716267 0.023628414772652383 0.011755955534962847
0 0.5452447215930809 0.3364212050716267 0.023628414772652383 0.011755955534962847
0 0.5729337504103323 0.6758755746717401 0.035138659090609536 0.04495040145127884