0 0.31875 0.59140625 0.059375 0.046875
0 0.31875 0.59140625 0.059375 0.046875
0 0.2984375 0.50625 0.01953125 0.03671875
0 0.2984375 0.50625 0.01953125 0.03671875
0 0.33203125 0.53046875 0.0109375 0.02734375
0 0.33203125 0.53046875 0.0109375 0.02734375
0 0.340625 0.54375 0.0109375 0.040625
0 0.340625 0.54375 0.0109375 0.040625
0 0.66171875 0.53203125 0.05078125 0.0703125
0 0.66171875 0.53203125 0.05078125 0.0703125
0 0.7046875 0.578125 0.02734375 0.02421875
0 0.7046875 0.578125 0.02734375 0.02421875
0 0.6421875 0.60625 0.05390625 0.07109375
0 0.6421875 0.60625 0.05390625 0.07109375
0 0.5984375 0.6296875 0.03671875 0.04375
0 0.5984375 0.6296875 0.03671875 0.04375
0 0.2640625 0.56015625 0.01875 0.01953125