0 0.24865908966693628 0.4337992258011248 0.04611413354437941 0.08688037659513945
0 0.24865908966693628 0.4337992258011248 0.04611413354437941 0.08688037659513945
0 0.27430394734706826 0.42579382530756044 0.021403638558944317 0.040114103419172056
0 0.27430394734706826 0.42579382530756044 0.021403638558944317 0.040114103419172056
0 0.32115856380268887 0.33820965163802846 0.04782974623907634 0.03884504635193524
0 0.32115856380268887 0.33820965163802846 0.04782974623907634 0.03884504635193524
0 0.6356589844940868 0.3667426759584601 0.023466243731793845 0.05750268829756973
0 0.6356589844940868 0.3667426759584601 0.023466243731793845 0.05750268829756973
0 0.6841730408414353 0.33618975228892817 0.013227425705962937 0.026608679027182714
0 0.6841730408414353 0.33618975228892817 0.013227425705962937 0.026608679027182714
0 0.6998087495377816 0.22674548374815404 0.01850595909205772 0.04752443366237626
0 0.6998087495377816 0.22674548374815404 0.01850595909205772 0.04752443366237626