0 0.2943215361878823 0.4472291871464358 0.017878484232430658 0.03088936708027905
0 0.2943215361878823 0.4472291871464358 0.017878484232430658 0.03088936708027905
0 0.3067669848011115 0.4457595222957297 0.016170513867708357 0.024530106436617415
0 0.3067669848011115 0.4457595222957297 0.016170513867708357 0.024530106436617415
0 0.353151022320174 0.4279435916055817 0.013045513867708358 0.02431158514929379
0 0.353151022320174 0.4279435916055817 0.013045513867708358 0.02431158514929379
0 0.6677239750174657 0.5388582203379287 0.01475348423243048 0.030670845792955603
0 0.6677239750174657 0.5388582203379287 0.01475348423243048 0.030670845792955603
0 0.6606745412218754 0.5375852974414508 0.013045513867708358 0.02431158514929379
0 0.6606745412218754 0.5375852974414508 0.013045513867708358 0.02431158514929379
0 0.6796771547289934 0.44921656613088434 0.011483013867708359 0.024202324505632155
0 0.6796771547289934 0.44921656613088434 0.011483013867708359 0.024202324505632155
0 0.3972809223964239 0.3467917805936029 0.022675087005972296 0.03590464901126431
0 0.3972809223964239 0.3467917805936029 0.022675087005972296 0.03590464901126431
0 0.3496792237831947 0.34580308096192 0.014608013867708358 0.024420845792955604
0 0.3496792237831947 0.34580308096192 0.014608013867708358 0.024420845792955604