0 0.24453125 0.54921875 0.01171875 0.0390625
0 0.24453125 0.54921875 0.01171875 0.0390625
0 0.259375 0.5609375 0.0265625 0.075
0 0.259375 0.5609375 0.0265625 0.075
0 0.2921875 0.5734375 0.00390625 0.03828125
0 0.2921875 0.5734375 0.00390625 0.03828125
0 0.67734375 0.55078125 0.02265625 0.05390625
0 0.67734375 0.55078125 0.02265625 0.05390625
0 0.69921875 0.54296875 0.02265625 0.0625
0 0.69921875 0.54296875 0.02265625 0.0625
0 0.68203125 0.65 0.0109375 0.03203125
0 0.68203125 0.65 0.0109375 0.03203125