0 0.33046875 0.4953125 0.02578125 0.05859375
0 0.33046875 0.4953125 0.02578125 0.05859375
0 0.3890625 0.6234375 0.01328125 0.0296875
0 0.3890625 0.6234375 0.01328125 0.0296875
0 0.4515625 0.534375 0.02109375 0.0375
0 0.4515625 0.534375 0.02109375 0.0375
0 0.48203125 0.55625 0.03203125 0.053125
0 0.48203125 0.55625 0.03203125 0.053125
0 0.51171875 0.5546875 0.02265625 0.05
0 0.51171875 0.5546875 0.02265625 0.05
0 0.53125 0.5484375 0.00859375 0.0421875
0 0.53125 0.5484375 0.00859375 0.0421875
0 0.54140625 0.546875 0.00859375 0.0375
0 0.54140625 0.546875 0.00859375 0.0375
0 0.56015625 0.53203125 0.0046875 0.02578125
0 0.56015625 0.53203125 0.0046875 0.02578125
0 0.61640625 0.51015625 0.0140625 0.046875
0 0.61640625 0.51015625 0.0140625 0.046875
0 0.59453125 0.509375 0.01015625 0.03203125
0 0.59453125 0.509375 0.01015625 0.03203125
0 0.65078125 0.4890625 0.00859375 0.02890625
0 0.65078125 0.4890625 0.00859375 0.02890625
0 0.625 0.50703125 0.01015625 0.02734375
0 0.625 0.50703125 0.01015625 0.02734375
0 0.70078125 0.45546875 0.0109375 0.03359375
0 0.70078125 0.45546875 0.0109375 0.03359375
0 0.7640625 0.42265625 0.02421875 0.02734375
0 0.7640625 0.42265625 0.02421875 0.02734375
0 0.66171875 0.59609375 0.046875 0.0859375
0 0.66171875 0.59609375 0.046875 0.0859375
0 0.63203125 0.6109375 0.0125 0.0296875
0 0.63203125 0.6109375 0.0125 0.0296875
0 0.609375 0.60703125 0.00859375 0.02890625
0 0.609375 0.60703125 0.00859375 0.02890625
0 0.60234375 0.609375 0.0078125 0.02265625