0 0.46283437986632103 0.5747134288963736 0.025190914772652385 0.011956171939110406
0 0.46283437986632103 0.5747134288963736 0.025190914772652385 0.011956171939110406
0 0.4343411870904914 0.5524736729648745 0.04103410308425524 0.025092841901054187
0 0.4343411870904914 0.5524736729648745 0.04103410308425524 0.025092841901054187
0 0.43239685754518664 0.5305350059686801 0.037854556006354304 0.02184050790866543
0 0.43239685754518664 0.5305350059686801 0.037854556006354304 0.02184050790866543
0 0.3499331850618965 0.45769307216657173 0.030042056006354477 0.021522172927693362
0 0.3499331850618965 0.45769307216657173 0.030042056006354477 0.021522172927693362
0 0.36518385835596556 0.6605143246380296 0.02373750892845372 0.01814250494291585
0 0.36518385835596556 0.6605143246380296 0.02373750892845372 0.01814250494291585
0 0.3918009054338663 0.6647216635733344 0.026753414772652383 0.012019838935304606
0 0.3918009054338663 0.6647216635733344 0.026753414772652383 0.012019838935304606