0 0.598012533355371 0.27256659036114356 0.08346095318850325 0.04597177956950453
0 0.598012533355371 0.27256659036114356 0.08346095318850325 0.04597177956950453
0 0.5679432530522177 0.3233820736119206 0.03034259724103805 0.013882717535011224
0 0.5679432530522177 0.3233820736119206 0.03034259724103805 0.013882717535011224
0 0.5606154319304615 0.36200792596928544 0.051392081637205676 0.028891287427387446
0 0.5606154319304615 0.36200792596928544 0.051392081637205676 0.028891287427387446
0 0.5699970759829963 0.33282984821902645 0.024010710085908115 0.01202911910658786
0 0.5699970759829963 0.33282984821902645 0.024010710085908115 0.01202911910658786
0 0.569246803481759 0.37799679900481475 0.10558161465389251 0.05167812406898662
0 0.569246803481759 0.37799679900481475 0.10558161465389251 0.05167812406898662
0 0.6068198038204433 0.6041975800220614 0.057723968792335614 0.03074488585581072
0 0.6068198038204433 0.6041975800220614 0.057723968792335614 0.03074488585581072
0 0.652405620758328 0.6710062444139195 0.027299484396167806 0.015299668320799497
0 0.652405620758328 0.6710062444139195 0.027299484396167806 0.015299668320799497
0 0.6559400565339768 0.6789642936281313 0.027299484396167806 0.015299668320799497
0 0.6559400565339768 0.6789642936281313 0.027299484396167806 0.015299668320799497
0 0.6042823812737776 0.7342296823794262 0.04563340456798422 0.037975188998963995
0 0.6042823812737776 0.7342296823794262 0.04563340456798422 0.037975188998963995
0 0.5171674836031983 0.6631487408992628 0.057226001809022264 0.050984611248705035
0 0.5171674836031983 0.6631487408992628 0.057226001809022264 0.050984611248705035
0 0.47118776175864496 0.3360211606678045 0.05237472749876275 0.04764128742738745
0 0.47118776175864496 0.3360211606678045 0.05237472749876275 0.04764128742738745
0 0.5042558893028364 0.29781483932768626 0.06479284034363317 0.046660984284234354