0 0.3803927406110935 0.41385669871895214 0.017478401336727067 0.025199994668999894
0 0.3803927406110935 0.41385669871895214 0.017478401336727067 0.025199994668999894
0 0.4192188832750027 0.43462373205758825 0.0444954346753633 0.0645715773392725
0 0.4192188832750027 0.43462373205758825 0.0444954346753633 0.0645715773392725
0 0.6344887999284123 0.5347980967536323 0.030160214672181596 0.04097044533736351
0 0.6344887999284123 0.5347980967536323 0.030160214672181596 0.04097044533736351
0 0.6781206212603671 0.5454634240929048 0.020694308004454244 0.03304885733609062
0 0.6781206212603671 0.5454634240929048 0.020694308004454244 0.03304885733609062
0 0.6605871285805494 0.6421475200906777 0.014317038669636161 0.022038632001908986
0 0.6605871285805494 0.6421475200906777 0.014317038669636161 0.022038632001908986
0 0.32872969593413937 0.4890470553787251 0.033394302673454224 0.05038180800445424
0 0.32872969593413937 0.4890470553787251 0.033394302673454224 0.05038180800445424
0 0.3550922012651395 0.5065436380489977 0.019149989337999784 0.03459317600254543