0 0.6086977583333315 0.7934929925416692 0.030889054595791877 0.02274632164466368
0 0.6086977583333315 0.7934929925416692 0.030889054595791877 0.02274632164466368
0 0.5996114574381675 0.7016510817193373 0.07810401603912887 0.058533470470728946
0 0.5996114574381675 0.7016510817193373 0.07810401603912887 0.058533470470728946
0 0.5578745404115895 0.6889408483295523 0.0446907387412331 0.04474148338978523
0 0.5578745404115895 0.6889408483295523 0.0446907387412331 0.04474148338978523
0 0.5558101950996663 0.6350796838160615 0.05033996144333717 0.03620781426234583
0 0.5558101950996663 0.6350796838160615 0.05033996144333717 0.03620781426234583
0 0.4735541093484672 0.3939140552913698 0.06364099784053164 0.05039047600746738
0 0.4735541093484672 0.3939140552913698 0.06364099784053164 0.05039047600746738
0 0.48964828115540726 0.3149176343183512 0.11155686613141409 0.09711512483353282
0 0.48964828115540726 0.3149176343183512 0.11155686613141409 0.09711512483353282
0 0.6832330906884445 0.6018011349082066 0.06560401603912887 0.056850808725607396
0 0.6832330906884445 0.6018011349082066 0.06560401603912887 0.056850808725607396