0 0.45513877923445867 0.7640159987269893 0.04467758293962447 0.031160810292873365
0 0.45513877923445867 0.7640159987269893 0.04467758293962447 0.031160810292873365
0 0.4139334258764141 0.74032508365226 0.043005955534962934 0.027871584925270552
0 0.4139334258764141 0.74032508365226 0.043005955534962934 0.027871584925270552
0 0.37493790246276915 0.6533529185775308 0.05103671034428627 0.034942711763283896
0 0.37493790246276915 0.6533529185775308 0.05103671034428627 0.034942711763283896
0 0.37815218249983606 0.6950477424747229 0.031795637023308565 0.018909507352052303
0 0.37815218249983606 0.6950477424747229 0.031795637023308565 0.018909507352052303
0 0.4869914691603249 0.6766028294263409 0.02392857332097762 0.016525880514039314
0 0.4869914691603249 0.6766028294263409 0.02392857332097762 0.016525880514039314
0 0.4318625473754441 0.33835202023325345 0.02749008293962447 0.02935433124924458
0 0.4318625473754441 0.33835202023325345 0.02749008293962447 0.02935433124924458
0 0.3151636314961949 0.403547584752046 0.02409226442797028 0.021213380514039315
0 0.3151636314961949 0.403547584752046 0.02409226442797028 0.021213380514039315