0 0.35804438729757826 0.4676766156641978 0.01929603157003106 0.009920569279472246
0 0.35804438729757826 0.4676766156641978 0.01929603157003106 0.009920569279472246
0 0.3630504057134297 0.4620714733443297 0.025728042093374804 0.013227425705962758
0 0.3630504057134297 0.4620714733443297 0.025728042093374804 0.013227425705962758
0 0.5078532134506457 0.29251382812146776 0.027563557878390377 0.017960389812585652
0 0.5078532134506457 0.29251382812146776 0.027563557878390377 0.017960389812585652
0 0.49815969503479424 0.2982553627612039 0.02425654735504672 0.01474446159934022
0 0.49815969503479424 0.2982553627612039 0.02425654735504672 0.01474446159934022
0 0.407974310791575 0.26656274505194205 0.034359589448421345 0.027517246239076344
0 0.407974310791575 0.26656274505194205 0.034359589448421345 0.027517246239076344
0 0.3887692844832157 0.27492081433141424 0.02434755261671855 0.016306961599340218
0 0.3887692844832157 0.27492081433141424 0.02434755261671855 0.016306961599340218
0 0.24632709534537783 0.6315920146479834 0.060087631541796235 0.04074467194503928