0 0.3279086184253255 0.700698797812845 0.10009703628657399 0.06079540252860856
0 0.3279086184253255 0.700698797812845 0.10009703628657399 0.06079540252860856
0 0.5649067897734266 0.35378781770948536 0.031191211404351903 0.019089961443337078
0 0.5649067897734266 0.35378781770948536 0.031191211404351903 0.019089961443337078
0 0.5568010553248156 0.33100115978220596 0.03628881451462966 0.024077850092285046
0 0.5568010553248156 0.33100115978220596 0.03628881451462966 0.024077850092285046
0 0.5468300245048617 0.3028959461794005 0.06714783524981485 0.05713018198597286
0 0.5468300245048617 0.3028959461794005 0.06714783524981485 0.05713018198597286
0 0.5024244965596301 0.19775666564230207 0.08759703628657398 0.059994366131414
0 0.5024244965596301 0.19775666564230207 0.08759703628657398 0.059994366131414
0 0.6641049988687043 0.2588677390550001 0.08365183006601846 0.050419107032115384
0 0.6641049988687043 0.2588677390550001 0.08365183006601846 0.050419107032115384
0 0.6768298827989359 0.28213525833333153 0.06251912384546295 0.03974242288667416
0 0.6768298827989359 0.28213525833333153 0.06251912384546295 0.03974242288667416
0 0.6910393542880563 0.3239525185123643 0.042812216588148114 0.02760336829088228
0 0.6910393542880563 0.3239525185123643 0.042812216588148114 0.02760336829088228
0 0.7043698309609729 0.3580574082410465 0.08488213939685174 0.06448160703211539
0 0.7043698309609729 0.3580574082410465 0.08488213939685174 0.06448160703211539
0 0.6817142894906028 0.421658833287189 0.05994092799249984 0.04579216378737563
0 0.6817142894906028 0.421658833287189 0.05994092799249984 0.04579216378737563
0 0.7096342379354639 0.42220025139350115 0.018144407257314654 0.012038925046142523
0 0.7096342379354639 0.42220025139350115 0.018144407257314654 0.012038925046142523
0 0.6873785291230102 0.4368332503137671 0.02466780933083328 0.015564443244739934
0 0.6873785291230102 0.4368332503137671 0.02466780933083328 0.015564443244739934
0 0.6811579234208344 0.44577745373753963 0.026093608294074144 0.014102072794389287
0 0.6811579234208344 0.44577745373753963 0.026093608294074144 0.014102072794389287
0 0.5984056290757419 0.5924707834717591 0.03785131451462966 0.0241779796419344
0 0.5984056290757419 0.5924707834717591 0.03785131451462966 0.0241779796419344
0 0.5840895593773161 0.6229092550941291 0.05117152073518518 0.03435401603912887
0 0.5840895593773161 0.6229092550941291 0.05117152073518518 0.03435401603912887
0 0.5247248298296773 0.67099510410668 0.04607391762490742 0.029366127390180984
0 0.5247248298296773 0.67099510410668 0.04607391762490742 0.029366127390180984
0 0.51721512620102 0.6769144370801019 0.031191211404351903 0.019089961443336988
0 0.51721512620102 0.6769144370801019 0.031191211404351903 0.019089961443336988
0 0.4922055642782885 0.6963851303248416 0.0333005155513888 0.02544009099298634
0 0.4922055642782885 0.6963851303248416 0.0333005155513888 0.02544009099298634
0 0.42530173680416816 0.7418466270856392 0.04492152073518518 0.03395349784053163