0 0.7581597958157996 0.477880551997467 0.016770837748947897 0.034271156405973356
0 0.7581597958157996 0.477880551997467 0.016770837748947897 0.034271156405973356
0 0.7668081095181304 0.47864079097418166 0.010138891832631992 0.022750193843583944
0 0.7668081095181304 0.47864079097418166 0.010138891832631992 0.022750193843583944
0 0.7880630614248961 0.4139528063652218 0.02830853847458741 0.052479715890154564
0 0.7880630614248961 0.4139528063652218 0.02830853847458741 0.052479715890154564
0 0.7385442110620766 0.4099538240440375 0.014990082939624472 0.027875290765375916
0 0.7385442110620766 0.4099538240440375 0.014990082939624472 0.027875290765375916
0 0.7144345884667382 0.4153397414732959 0.017896828130301044 0.021917022046570624
0 0.7144345884667382 0.4153397414732959 0.017896828130301044 0.021917022046570624
0 0.6919866695922641 0.4009756104416584 0.020004965153609788 0.03768788768716789
0 0.6919866695922641 0.4009756104416584 0.020004965153609788 0.03768788768716789
0 0.6324479784852717 0.4018310047843567 0.006686509618646852 0.013083462562389236
0 0.6324479784852717 0.4018310047843567 0.006686509618646852 0.013083462562389236