0 0.2800285374557414 0.7506367849226764 0.025546303218308707 0.010882114022572687
0 0.2800285374557414 0.7506367849226764 0.025546303218308707 0.010882114022572687
0 0.2811047183979909 0.723978359484471 0.022421303218308708 0.010498412269751078
0 0.2811047183979909 0.723978359484471 0.022421303218308708 0.010498412269751078
0 0.2758926945127774 0.7083672059788277 0.031217149011264312 0.0255201666518051
0 0.2758926945127774 0.7083672059788277 0.031217149011264312 0.0255201666518051
0 0.3019853009493948 0.6958118200014004 0.025764824505632156 0.014007114022572686
0 0.3019853009493948 0.6958118200014004 0.025764824505632156 0.014007114022572686
0 0.2791919291775387 0.5259661007203631 0.022421303218308708 0.010498412269751078
0 0.2791919291775387 0.5259661007203631 0.022421303218308708 0.010498412269751078
0 0.28177597979795727 0.5002807761585685 0.022421303218308708 0.010498412269751078
0 0.28177597979795727 0.5002807761585685 0.022421303218308708 0.010498412269751078
0 0.20197994711066744 0.7174148902257261 0.044842606436617416 0.020996824539502155
0 0.20197994711066744 0.7174148902257261 0.044842606436617416 0.020996824539502155
0 0.21148063324869706 0.7280369209223962 0.03201482450563216 0.014774517528215726
0 0.21148063324869706 0.7280369209223962 0.03201482450563216 0.014774517528215726