0 0.29609375 0.47421875 0.009375 0.02421875
0 0.29609375 0.47421875 0.009375 0.02421875
0 0.34453125 0.4921875 0.00859375 0.0265625
0 0.34453125 0.4921875 0.00859375 0.0265625
0 0.6125 0.4875 0.0234375 0.0484375
0 0.6125 0.4875 0.0234375 0.0484375
0 0.63125 0.48515625 0.01484375 0.04921875
0 0.63125 0.48515625 0.01484375 0.04921875
0 0.67109375 0.4765625 0.00546875 0.02421875
0 0.67109375 0.4765625 0.00546875 0.02421875
0 0.73671875 0.440625 0.02421875 0.04140625
0 0.73671875 0.440625 0.02421875 0.04140625
0 0.6671875 0.57421875 0.00859375 0.02109375
0 0.6671875 0.57421875 0.00859375 0.02109375
0 0.65859375 0.57421875 0.0109375 0.021875
0 0.65859375 0.57421875 0.0109375 0.021875
0 0.3640625 0.59453125 0.01015625 0.01875
0 0.3640625 0.59453125 0.01015625 0.01875
0 0.346875 0.596875 0.03125 0.06640625
0 0.346875 0.596875 0.03125 0.06640625
0 0.31015625 0.584375 0.009375 0.02421875
0 0.31015625 0.584375 0.009375 0.02421875