0 0.5291187378889811 0.23458959972742885 0.0390037114043519 0.01915279172311406
0 0.5291187378889811 0.23458959972742885 0.0390037114043519 0.01915279172311406
0 0.5068527586241662 0.26452940524535284 0.07773402073518518 0.03518058344622812
0 0.5068527586241662 0.26452940524535284 0.07773402073518518 0.03518058344622812
0 0.44064730900152665 0.6366733208946136 0.019433505183796385 0.008795145861557075
0 0.44064730900152665 0.6366733208946136 0.019433505183796385 0.008795145861557075
0 0.4426199121118044 0.6414427080497433 0.019433505183796385 0.008795145861557075
0 0.4426199121118044 0.6414427080497433 0.019433505183796385 0.008795145861557075
0 0.42393897115981377 0.5790279172311404 0.027519407257314655 0.012329581637205678
0 0.42393897115981377 0.5790279172311404 0.027519407257314655 0.012329581637205678
0 0.39096179288448984 0.45987180348175904 0.03404280933083328 0.0157821302577247
0 0.39096179288448984 0.45987180348175904 0.03404280933083328 0.0157821302577247