0 0.43592645465884133 0.14210704829242138 0.05451708163720568 0.02748980032431154
0 0.43592645465884133 0.14210704829242138 0.05451708163720568 0.02748980032431154
0 0.41551437811001823 0.24809794967239318 0.0639739687923356 0.029215941558013547
0 0.41551437811001823 0.24809794967239318 0.0639739687923356 0.029215941558013547
0 0.39180688319840085 0.3274445304355139 0.03996325870642732 0.01786933847375849
0 0.39180688319840085 0.3274445304355139 0.03996325870642732 0.01786933847375849
0 0.39542985018171406 0.3478388510523649 0.028698210085908206 0.011428423701106106
0 0.39542985018171406 0.3478388510523649 0.028698210085908206 0.011428423701106106
0 0.3965010272509356 0.3572411245913153 0.025491322930778538 0.009811376623205437
0 0.3965010272509356 0.3572411245913153 0.025491322930778538 0.009811376623205437
0 0.39802922772590543 0.38776442166921593 0.041361984396167804 0.014771612012708869
0 0.39802922772590543 0.38776442166921593 0.041361984396167804 0.014771612012708869
0 0.3951941547951269 0.39709851136079044 0.03823698439616781 0.0147170649348082
0 0.3951941547951269 0.39709851136079044 0.03823698439616781 0.0147170649348082
0 0.41136138738227235 0.4317871570587194 0.027135710085908295 0.011401150162155815
0 0.41136138738227235 0.4317871570587194 0.027135710085908295 0.011401150162155815
0 0.41259633876175333 0.43806443059766964 0.03182321008590829 0.011482970779006863
0 0.41259633876175333 0.43806443059766964 0.03182321008590829 0.011482970779006863
0 0.5014530416115723 0.6225951635515411 0.07811171189493056 0.060684129869616396
0 0.5014530416115723 0.6225951635515411 0.07811171189493056 0.060684129869616396
0 0.4036396613538476 0.6537303409060952 0.081980340343633 0.04514095048646727
0 0.4036396613538476 0.6537303409060952 0.081980340343633 0.04514095048646727
0 0.40107126130841914 0.5684513599808186 0.034286468792335614 0.028697744317956974
0 0.40107126130841914 0.5684513599808186 0.034286468792335614 0.028697744317956974
0 0.3552132066950063 0.5183871302733581 0.035603307326946255 0.024037517856907442
0 0.3552132066950063 0.5183871302733581 0.035603307326946255 0.024037517856907442
0 0.3459167718238686 0.5018036022701808 0.03988137155129756 0.016306838473758488
0 0.3459167718238686 0.5018036022701808 0.03988137155129756 0.016306838473758488
0 0.3319006959524141 0.15749449472169894 0.02409259724103805 0.012909103084255103
0 0.3319006959524141 0.15749449472169894 0.02409259724103805 0.012909103084255103
0 0.37260093905500913 0.12692633319545746 0.0943918091359686 0.07345686525911974