0 0.5498275852261685 0.7854274305127642 0.0420453883676025 0.023390878424238613
0 0.5498275852261685 0.7854274305127642 0.0420453883676025 0.023390878424238613
0 0.5588419523064475 0.7688319263635794 0.08107503737886682 0.048107458508151166
0 0.5588419523064475 0.7688319263635794 0.08107503737886682 0.048107458508151166
0 0.5667144364670057 0.73487132345915 0.03826482450563216 0.013779080083912553
0 0.5667144364670057 0.73487132345915 0.03826482450563216 0.013779080083912553
0 0.4904293499803295 0.35445992781347185 0.05854447351689629 0.03707487012586883
0 0.4904293499803295 0.35445992781347185 0.05854447351689629 0.03707487012586883
0 0.48007635802610127 0.3340406840372492 0.0680287341605581 0.039347765146847014
0 0.48007635802610127 0.3340406840372492 0.0680287341605581 0.039347765146847014
0 0.5882712702789172 0.3367414767784978 0.03401436708027923 0.01967388257342346
0 0.5882712702789172 0.3367414767784978 0.03401436708027923 0.01967388257342346