0 0.43515625 0.46875 0.01171875 0.04609375
0 0.43515625 0.46875 0.01171875 0.04609375
0 0.453125 0.4859375 0.00703125 0.02421875
0 0.453125 0.4859375 0.00703125 0.02421875
0 0.4625 0.490625 0.01171875 0.0484375
0 0.4625 0.490625 0.01171875 0.0484375
0 0.70078125 0.5375 0.00703125 0.02578125
0 0.70078125 0.5375 0.00703125 0.02578125
0 0.66171875 0.56484375 0.00625 0.02265625
0 0.66171875 0.56484375 0.00625 0.02265625
0 0.63984375 0.5546875 0.0265625 0.04453125
0 0.63984375 0.5546875 0.0265625 0.04453125
0 0.5921875 0.621875 0.021875 0.03515625
0 0.5921875 0.621875 0.021875 0.03515625
0 0.39453125 0.5640625 0.01484375 0.0375
0 0.39453125 0.5640625 0.01484375 0.0375
0 0.29453125 0.540625 0.04375 0.08359375
0 0.29453125 0.540625 0.04375 0.08359375