0 0.19615744633211846 0.47481073802513524 0.032268292553055564 0.04411362667090888
0 0.19615744633211846 0.47481073802513524 0.032268292553055564 0.04411362667090888
0 0.21988654027194485 0.5211681173615441 0.029143292553055568 0.04407726400381797
0 0.21988654027194485 0.5211681173615441 0.029143292553055568 0.04407726400381797
0 0.3055162221676741 0.5760561593729981 0.03713763050895835 0.051980670671545326
0 0.3055162221676741 0.5760561593729981 0.03713763050895835 0.051980670671545326
0 0.26465483282500046 0.5654271947008166 0.021039851823611143 0.03148635733609062
0 0.26465483282500046 0.5654271947008166 0.021039851823611143 0.03148635733609062
0 0.2840386528291323 0.4586504833704529 0.016170513867708357 0.02361931333545435
0 0.2840386528291323 0.4586504833704529 0.016170513867708357 0.02361931333545435
0 0.6195241707809032 0.5773668574156325 0.030342116641250173 0.028470445337363516
0 0.6195241707809032 0.5773668574156325 0.030342116641250173 0.028470445337363516
0 0.553247166981181 0.682816878739633 0.020894381458888844 0.0252363573360908
0 0.553247166981181 0.682816878739633 0.020894381458888844 0.0252363573360908