0 0.28046875 0.4953125 0.01171875 0.034375
0 0.28046875 0.4953125 0.01171875 0.034375
0 0.3328125 0.509375 0.01015625 0.03125
0 0.3328125 0.509375 0.01015625 0.03125
0 0.70234375 0.6734375 0.01171875 0.01953125
0 0.70234375 0.6734375 0.01171875 0.01953125
0 0.63125 0.6765625 0.025 0.07109375
0 0.63125 0.6765625 0.025 0.07109375
0 0.40625 0.6515625 0.01484375 0.04453125
0 0.40625 0.6515625 0.01484375 0.04453125
0 0.37421875 0.64765625 0.0171875 0.05625
0 0.37421875 0.64765625 0.0171875 0.05625
0 0.3109375 0.65390625 0.0140625 0.06796875
0 0.3109375 0.65390625 0.0140625 0.06796875
0 0.221875 0.5859375 0.021875 0.02421875