0 0.31875 0.55390625 0.00859375 0.0265625
0 0.31875 0.55390625 0.00859375 0.0265625
0 0.34140625 0.55546875 0.0078125 0.0171875
0 0.34140625 0.55546875 0.0078125 0.0171875
0 0.415625 0.5859375 0.01015625 0.03359375
0 0.415625 0.5859375 0.01015625 0.03359375
0 0.40703125 0.58671875 0.00859375 0.0359375
0 0.40703125 0.58671875 0.00859375 0.0359375
0 0.64375 0.51875 0.01015625 0.0265625
0 0.64375 0.51875 0.01015625 0.0265625
0 0.67109375 0.63828125 0.0203125 0.04375
0 0.67109375 0.63828125 0.0203125 0.04375
0 0.65859375 0.63984375 0.01015625 0.02734375
0 0.65859375 0.63984375 0.01015625 0.02734375
0 0.6140625 0.65390625 0.00859375 0.02265625
0 0.6140625 0.65390625 0.00859375 0.02265625
0 0.2859375 0.64765625 0.0125 0.02734375
0 0.2859375 0.64765625 0.0125 0.02734375
0 0.27578125 0.63671875 0.01328125 0.03359375
0 0.27578125 0.63671875 0.01328125 0.03359375