0 0.47322788885875494 0.3255397345694959 0.046140170950527096 0.02641214882606544
0 0.47322788885875494 0.3255397345694959 0.046140170950527096 0.02641214882606544
0 0.5319860539149641 0.7188238843183511 0.033449169961943956 0.020041987080944068
0 0.5319860539149641 0.7188238843183511 0.033449169961943956 0.020041987080944068
0 0.542984562317921 0.7599296306271922 0.04295150395433271 0.02442898338978523
0 0.542984562317921 0.7599296306271922 0.04295150395433271 0.02442898338978523
0 0.5779471527361004 0.7980455340672064 0.04470500494291585 0.029326816107925247
0 0.5779471527361004 0.7980455340672064 0.04470500494291585 0.029326816107925247
0 0.5770213226980443 0.813460201349066 0.041580004942915846 0.028906150671645037
0 0.5770213226980443 0.813460201349066 0.041580004942915846 0.028906150671645037
0 0.4428572283255322 0.7433433366662202 0.023946835969555026 0.015654990772102906
0 0.4428572283255322 0.7433433366662202 0.023946835969555026 0.015654990772102906
0 0.4410718938388518 0.73766425394808 0.02225700197716627 0.012319658053962712
0 0.4410718938388518 0.73766425394808 0.02225700197716627 0.012319658053962712
0 0.34364250102576427 0.4440647044503696 0.05497134288963732 0.05246381241676641
0 0.34364250102576427 0.4440647044503696 0.05497134288963732 0.05246381241676641