0 0.4762158593866782 0.2203372920825009 0.044914393713693636 0.02882762902925915
0 0.4762158593866782 0.2203372920825009 0.044914393713693636 0.02882762902925915
0 0.5357599873846063 0.3029844052775473 0.07660104135632899 0.04093664976444433
0 0.5357599873846063 0.3029844052775473 0.07660104135632899 0.04093664976444433
0 0.5237522930089586 0.33149011409000095 0.07086046360606986 0.05132734561740726
0 0.5237522930089586 0.33149011409000095 0.07086046360606986 0.05132734561740726
0 0.5567852708830522 0.36703734335481586 0.06700771753501122 0.03542894354388881
0 0.5567852708830522 0.36703734335481586 0.06700771753501122 0.03542894354388881
0 0.5512822876322752 0.4004649980202325 0.06751713978475227 0.046366443543888636
0 0.5512822876322752 0.4004649980202325 0.06751713978475227 0.046366443543888636
0 0.5506851282028158 0.4381700495753714 0.093099336641599 0.061053660132036926
0 0.5506851282028158 0.4381700495753714 0.093099336641599 0.061053660132036926
0 0.580192845737827 0.4653969309137048 0.03830052067816432 0.020468324882222076
0 0.580192845737827 0.4653969309137048 0.03830052067816432 0.020468324882222076
0 0.5626755901562558 0.13982073246884366 0.05977741439185813 0.04724543836009247
0 0.5626755901562558 0.13982073246884366 0.05977741439185813 0.04724543836009247
0 0.5825172092628437 0.1616178200277326 0.038591619106587774 0.026718324882222165
0 0.5825172092628437 0.1616178200277326 0.038591619106587774 0.026718324882222165
0 0.7081124462331652 0.6518826521200013 0.07100601282028159 0.05445234561740726