0 0.2328125 0.42265625 0.02109375 0.06328125
0 0.2328125 0.42265625 0.02109375 0.06328125
0 0.25703125 0.43359375 0.02265625 0.0515625
0 0.25703125 0.43359375 0.02265625 0.0515625
0 0.271875 0.43203125 0.02109375 0.0703125
0 0.271875 0.43203125 0.02109375 0.0703125
0 0.3078125 0.4703125 0.01015625 0.025
0 0.3078125 0.4703125 0.01015625 0.025
0 0.29765625 0.46953125 0.0078125 0.01875
0 0.29765625 0.46953125 0.0078125 0.01875
0 0.38359375 0.50078125 0.0109375 0.03359375
0 0.38359375 0.50078125 0.0109375 0.03359375
0 0.65546875 0.46796875 0.02265625 0.053125
0 0.65546875 0.46796875 0.02265625 0.053125
0 0.7046875 0.43828125 0.0171875 0.0359375
0 0.7046875 0.43828125 0.0171875 0.0359375
0 0.703125 0.5296875 0.04140625 0.034375
0 0.703125 0.5296875 0.04140625 0.034375
0 0.678125 0.540625 0.00859375 0.02265625
0 0.678125 0.540625 0.00859375 0.02265625
0 0.63359375 0.56171875 0.0109375 0.02421875
0 0.63359375 0.56171875 0.0109375 0.02421875
0 0.58125 0.584375 0.0171875 0.02421875
0 0.58125 0.584375 0.0171875 0.02421875
0 0.625 0.56875 0.00859375 0.025
0 0.625 0.56875 0.00859375 0.025
0 0.37265625 0.58359375 0.0171875 0.046875
0 0.37265625 0.58359375 0.0171875 0.046875
0 0.28125 0.54375 0.0140625 0.01875
0 0.28125 0.54375 0.0140625 0.01875
0 0.27265625 0.5375 0.0109375 0.02421875
0 0.27265625 0.5375 0.0109375 0.02421875
0 0.24609375 0.51484375 0.0109375 0.02109375