0 0.35573836766135675 0.5767333669178389 0.015559298022528622 0.04411371285298138
0 0.35573836766135675 0.5767333669178389 0.015559298022528622 0.04411371285298138
0 0.3313989213838685 0.4230688093168493 0.03863616510280767 0.06193771034569906
0 0.3313989213838685 0.4230688093168493 0.03863616510280767 0.06193771034569906
0 0.4314481978669721 0.45290341033306375 0.021230143815484225 0.05831260517284953
0 0.4314481978669721 0.45290341033306375 0.021230143815484225 0.05831260517284953
0 0.5367584107402068 0.4186527792959668 0.018214404459146037 0.0597841769596041
0 0.5367584107402068 0.4186527792959668 0.018214404459146037 0.0597841769596041
0 0.682130894900765 0.38011781353999147 0.035259792826748536 0.0805513180258309
0 0.682130894900765 0.38011781353999147 0.035259792826748536 0.0805513180258309
0 0.6960516472465534 0.4709330301538966 0.04765053218308672 0.07935253087881229
0 0.6960516472465534 0.4709330301538966 0.04765053218308672 0.07935253087881229
0 0.6397745140747311 0.5287060777257564 0.060369053470410175 0.08284124373179366
0 0.6397745140747311 0.5287060777257564 0.060369053470410175 0.08284124373179366
0 0.5682437215000841 0.5370246945770883 0.011997255447881727 0.03777278463973612