0 0.38288539040392483 0.31039938849206444 0.01715326674922295 0.033813795496493174
0 0.38288539040392483 0.31039938849206444 0.01715326674922295 0.033813795496493174
0 0.3938956650110307 0.3126627953396097 0.02027826674922295 0.034014054595791876
0 0.3938956650110307 0.3126627953396097 0.02027826674922295 0.034014054595791876
0 0.29760501592065347 0.35244838371170245 0.018861315963434676 0.03703892504614252
0 0.29760501592065347 0.35244838371170245 0.018861315963434676 0.03703892504614252
0 0.4781036910658786 0.264313735345147 0.015299668320799497 0.027463665946843907
0 0.4781036910658786 0.264313735345147 0.015299668320799497 0.027463665946843907
0 0.5552076925136207 0.2139515923772624 0.04364299214211727 0.03395349784053163
0 0.5552076925136207 0.2139515923772624 0.04364299214211727 0.03395349784053163
0 0.6707256846557378 0.2525110495016628 0.05578342721213971 0.09392927513842757
0 0.6707256846557378 0.2525110495016628 0.05578342721213971 0.09392927513842757
0 0.8304088997095498 0.25261807834071826 0.01359161910658777 0.024238536397194553
0 0.8304088997095498 0.25261807834071826 0.01359161910658777 0.024238536397194553
0 0.8373309877988909 0.2507249113141402 0.008540246071058633 0.016125647748246586
0 0.8373309877988909 0.2507249113141402 0.008540246071058633 0.016125647748246586
0 0.3781357702638797 0.1916994532668891 0.018570217535011313 0.030788925046142522
0 0.3781357702638797 0.1916994532668891 0.018570217535011313 0.030788925046142522
0 0.28671455769126714 0.2356916802879298 0.01671661910658786 0.024438795496493172