0 0.34609375 0.546875 0.01484375 0.0359375
0 0.34609375 0.546875 0.01484375 0.0359375
0 0.63828125 0.53203125 0.01328125 0.0546875
0 0.63828125 0.53203125 0.01328125 0.0546875
0 0.66953125 0.53203125 0.01640625 0.05859375
0 0.66953125 0.53203125 0.01640625 0.05859375
0 0.68046875 0.53125 0.01015625 0.03125
0 0.68046875 0.53125 0.01015625 0.03125
0 0.69453125 0.63984375 0.00859375 0.0296875
0 0.69453125 0.63984375 0.00859375 0.0296875
0 0.653125 0.640625 0.01015625 0.0296875
0 0.653125 0.640625 0.01015625 0.0296875
0 0.621875 0.63984375 0.0078125 0.02890625
0 0.621875 0.63984375 0.0078125 0.02890625
0 0.6140625 0.63828125 0.00625 0.025
0 0.6140625 0.63828125 0.00625 0.025
0 0.3390625 0.66015625 0.009375 0.02578125
0 0.3390625 0.66015625 0.009375 0.02578125
0 0.3265625 0.65703125 0.0078125 0.0234375