0 0.24261951704283327 0.3951774604245925 0.025518197240056394 0.03099769448207601
0 0.24261951704283327 0.3951774604245925 0.025518197240056394 0.03099769448207601
0 0.2814422836819248 0.47292400214770663 0.017705697240056394 0.03058825870642714
0 0.2814422836819248 0.47292400214770663 0.017705697240056394 0.03058825870642714
0 0.6376531477232286 0.6235026927845955 0.035465941558013726 0.06430151741285464
0 0.6376531477232286 0.6235026927845955 0.035465941558013726 0.06430151741285464
0 0.7393832430968459 0.5937100514455941 0.05117276217486459 0.06980788896415202
0 0.7393832430968459 0.5937100514455941 0.05117276217486459 0.06980788896415202
0 0.6992355300284767 0.6189247354122205 0.014471603084255236 0.02417448439616763
0 0.6992355300284767 0.6189247354122205 0.014471603084255236 0.02417448439616763
0 0.7046906432590017 0.6184300904551747 0.014553423701106105 0.028861984396167627
0 0.7046906432590017 0.6184300904551747 0.014553423701106105 0.028861984396167627
0 0.7076713672844193 0.6997619776103046 0.09094437418757337 0.11248006784239592
0 0.7076713672844193 0.6997619776103046 0.09094437418757337 0.11248006784239592
0 0.6565997909855255 0.7251847014910227 0.07038641233702041 0.09735303482570909
0 0.6565997909855255 0.7251847014910227 0.07038641233702041 0.09735303482570909
0 0.6279975040538945 0.6963669826986871 0.020939791395857908 0.037002033016686656
0 0.6279975040538945 0.6963669826986871 0.020939791395857908 0.037002033016686656
0 0.6137537719108019 0.7299640547249545 0.019186376623205346 0.025982645861557074
0 0.6137537719108019 0.7299640547249545 0.019186376623205346 0.025982645861557074
0 0.5849702528360785 0.735480392355054 0.017596603084255057 0.024338258706427317
0 0.5849702528360785 0.735480392355054 0.017596603084255057 0.024338258706427317
0 0.5756225263750288 0.7365515694242756 0.019404564934808022 0.03848264586155707
0 0.5756225263750288 0.7365515694242756 0.019404564934808022 0.03848264586155707
0 0.3440901083559656 0.6635357140426372 0.025872753246410873 0.0513101944820761
0 0.3440901083559656 0.6635357140426372 0.025872753246410873 0.0513101944820761
0 0.3346060142001642 0.6567943911118587 0.022611385551659247 0.04333392017181659
0 0.3346060142001642 0.6567943911118587 0.022611385551659247 0.04333392017181659
0 0.31621452434643393 0.6316339388278666 0.0240920649348082 0.03872830732694617
0 0.31621452434643393 0.6316339388278666 0.0240920649348082 0.03872830732694617