0 0.23422590911891797 0.4106718938907353 0.04919636182749913 0.07467862739018098
0 0.23422590911891797 0.4106718938907353 0.04919636182749913 0.07467862739018098
0 0.24613391326810286 0.4192854302879298 0.01920028589277134 0.027663925046142523
0 0.24613391326810286 0.4192854302879298 0.01920028589277134 0.027663925046142523
0 0.4271946591189179 0.4230378932724264 0.020029080083912732 0.03860142504614252
0 0.4271946591189179 0.4230378932724264 0.020029080083912732 0.03860142504614252
0 0.6010088221865282 0.553503050581397 0.01955548340326043 0.03235142504614252
0 0.6010088221865282 0.553503050581397 0.01955548340326043 0.03235142504614252
0 0.6246346537203332 0.6146803824750847 0.03624607593472771 0.047415220542635694
0 0.6246346537203332 0.6146803824750847 0.03624607593472771 0.047415220542635694
0 0.5956934375385121 0.5822090414820984 0.021709979254075584 0.040264054595791875
0 0.5956934375385121 0.5822090414820984 0.021709979254075584 0.040264054595791875
0 0.5912347709464171 0.3613260425618325 0.029143970955705888 0.056289572794389106
0 0.5912347709464171 0.3613260425618325 0.029143970955705888 0.056289572794389106
0 0.37965865351984057 0.3147957942598755 0.05388386182749914 0.07497901603912896
0 0.37965865351984057 0.3147957942598755 0.05388386182749914 0.07497901603912896
0 0.34900064937065567 0.3049807032668891 0.027959979254075583 0.040664572794389106
0 0.34900064937065567 0.3049807032668891 0.027959979254075583 0.040664572794389106
0 0.3704710624382659 0.4256832294850509 0.027959979254075583 0.040664572794389106