0 0.5821938000427813 0.2915013212524128 0.08336046360606986 0.046257929344363104
0 0.5821938000427813 0.2915013212524128 0.08336046360606986 0.046257929344363104
0 0.5622622897036991 0.30032233792173085 0.05934076674922295 0.03348520934118149
0 0.5622622897036991 0.30032233792173085 0.05934076674922295 0.03348520934118149
0 0.5692549983473703 0.33459734058723095 0.052872442927905536 0.028724984006999677
0 0.5692549983473703 0.33459734058723095 0.052872442927905536 0.028724984006999677
0 0.4862175965709058 0.7259768659293668 0.025727746071058634 0.015915901336727066
0 0.4862175965709058 0.7259768659293668 0.025727746071058634 0.015915901336727066
0 0.5235763554622459 0.6615143765913671 0.04444351282028158 0.04892839600572696
0 0.5235763554622459 0.6615143765913671 0.04444351282028158 0.04892839600572696
0 0.5670545277119869 0.6500768899188674 0.04491439371369381 0.0255090773392725