0 0.4109375 0.6 0.025 0.07109375
0 0.4109375 0.6 0.025 0.07109375
0 0.42109375 0.6953125 0.01953125 0.05703125
0 0.42109375 0.6953125 0.01953125 0.05703125
0 0.49140625 0.61796875 0.01171875 0.05078125
0 0.49140625 0.61796875 0.01171875 0.05078125
0 0.62109375 0.571875 0.01796875 0.0671875
0 0.62109375 0.571875 0.01796875 0.0671875
0 0.703125 0.55234375 0.0171875 0.0546875
0 0.703125 0.55234375 0.0171875 0.0546875
0 0.72578125 0.53984375 0.02109375 0.0390625
0 0.72578125 0.53984375 0.02109375 0.0390625