0 0.396875 0.515625 0.0125 0.0421875
0 0.396875 0.515625 0.0125 0.0421875
0 0.36640625 0.58671875 0.0328125 0.06328125
0 0.36640625 0.58671875 0.0328125 0.06328125
0 0.4796875 0.65 0.05234375 0.071875
0 0.4796875 0.65 0.05234375 0.071875
0 0.51015625 0.6515625 0.0078125 0.03515625
0 0.51015625 0.6515625 0.0078125 0.03515625
0 0.90546875 0.5484375 0.028125 0.0609375
0 0.90546875 0.5484375 0.028125 0.0609375
0 0.89375 0.45625 0.0328125 0.065625
0 0.89375 0.45625 0.0328125 0.065625
0 0.86328125 0.47421875 0.0125 0.03828125
0 0.86328125 0.47421875 0.0125 0.03828125
0 0.5171875 0.55546875 0.0125 0.0296875
0 0.5171875 0.55546875 0.0125 0.0296875
0 0.4765625 0.54453125 0.01015625 0.04375