0 0.2803336249062844 0.40859375 0.057741071238402775 0.0640625
0 0.2803336249062844 0.40859375 0.057741071238402775 0.0640625
0 0.3346938165856594 0.42265625 0.06900587955902786 0.078125
0 0.3346938165856594 0.42265625 0.06900587955902786 0.078125
0 0.36378125133118017 0.4484375 0.05167290919430565 0.071875
0 0.36378125133118017 0.4484375 0.05167290919430565 0.071875
0 0.5994622185617704 0.56015625 0.022602351823611144 0.03125
0 0.5994622185617704 0.56015625 0.022602351823611144 0.03125
0 0.6706098667381593 0.59140625 0.04680357123840295 0.0640625
0 0.6706098667381593 0.59140625 0.04680357123840295 0.0640625
0 0.7104016781929163 0.459375 0.06548083605604163 0.0609375
0 0.7104016781929163 0.459375 0.06548083605604163 0.0609375
0 0.6606387207459719 0.415625 0.05603310087368065 0.0578125
0 0.6606387207459719 0.415625 0.05603310087368065 0.0578125
0 0.6405262424974649 0.40703125 0.024310322188333445 0.0375
0 0.6405262424974649 0.40703125 0.024310322188333445 0.0375
0 0.40882426044923587 0.2921875 0.058104747150208344 0.0796875
0 0.40882426044923587 0.2921875 0.058104747150208344 0.0796875
0 0.44621515767569414 0.296875 0.02100348423243048 0.0296875
0 0.44621515767569414 0.296875 0.02100348423243048 0.0296875
0 0.48053560628892333 0.29921875 0.02114895459715278 0.0359375
0 0.48053560628892333 0.29921875 0.02114895459715278 0.0359375
0 0.5612361731589232 0.52421875 0.01638871941479163 0.0328125