0 0.32905225067736854 0.489312093726778 0.0442280348257091 0.07397820683834375
0 0.32905225067736854 0.489312093726778 0.0442280348257091 0.07397820683834375
0 0.34627737222866606 0.5070484849499554 0.025730340343633085 0.04676627317596775
0 0.34627737222866606 0.5070484849499554 0.025730340343633085 0.04676627317596775
0 0.5485668905460317 0.5912805569456803 0.012329581637205678 0.02797009414878495
0 0.5485668905460317 0.5912805569456803 0.012329581637205678 0.02797009414878495
0 0.7179819538658718 0.5812681011302437 0.010521420171816587 0.0230815092703871
0 0.7179819538658718 0.5812681011302437 0.010521420171816587 0.0230815092703871
0 0.7228332281761313 0.5849963557654373 0.008631371551297562 0.01663042439198925
0 0.7228332281761313 0.5849963557654373 0.008631371551297562 0.01663042439198925
0 0.6803215015818797 0.5585738564878945 0.013728307326946165 0.025046179027182803
0 0.6803215015818797 0.5585738564878945 0.013728307326946165 0.025046179027182803
0 0.7967310736081471 0.5588114723677327 0.017017081637205677 0.028573348783978502
0 0.7967310736081471 0.5588114723677327 0.017017081637205677 0.028573348783978502
0 0.7891443029159322 0.6509527933405499 0.03674972749876293 0.04973636732475253
0 0.7891443029159322 0.6509527933405499 0.03674972749876293 0.04973636732475253
0 0.7619610051999243 0.6653020155293887 0.010193871551297562 0.016831509270387103
0 0.7619610051999243 0.6653020155293887 0.010193871551297562 0.016831509270387103
0 0.4165123863621602 0.6774913376466701 0.020797178878243727 0.041475518540774206
0 0.4165123863621602 0.6774913376466701 0.020797178878243727 0.041475518540774206
0 0.29184990106148134 0.6234249246924396 0.017180855947465278 0.0316983487839785
0 0.29184990106148134 0.6234249246924396 0.017180855947465278 0.0316983487839785