0 0.31381459864869904 0.5253842507478186 0.009547716822512698 0.030617741228577345
0 0.31381459864869904 0.5253842507478186 0.009547716822512698 0.030617741228577345
0 0.34908447813719423 0.5484039053549841 0.030014752926866263 0.05919576389049528
0 0.34908447813719423 0.5484039053549841 0.030014752926866263 0.05919576389049528
0 0.3232077793668583 0.5294394919763961 0.012663626463433175 0.029365321638103303
0 0.3232077793668583 0.5294394919763961 0.012663626463433175 0.029365321638103303
0 0.698285047419035 0.5799303911194938 0.007985216822512697 0.030462701023814633
0 0.698285047419035 0.5799303911194938 0.007985216822512697 0.030462701023814633
0 0.6055395320973327 0.7432842288337195 0.01427157825883114 0.037332861842866195
0 0.6055395320973327 0.7432842288337195 0.01427157825883114 0.037332861842866195
0 0.5908230471244474 0.7636863468884718 0.01897725897699054 0.04092298245715505
0 0.5908230471244474 0.7636863468884718 0.01897725897699054 0.04092298245715505
0 0.3538452218906783 0.6956665058668914 0.015843168617910842 0.039050402047629086
0 0.3538452218906783 0.6956665058668914 0.015843168617910842 0.039050402047629086
0 0.31151682132494424 0.6672616703382929 0.01269998789975162 0.035615321638103124
0 0.31151682132494424 0.6672616703382929 0.01269998789975162 0.035615321638103124
0 0.2542992189638121 0.6295714528644467 0.026935204722264315 0.06669818348096931