0 0.2671875 0.4859375 0.0078125 0.01640625
0 0.2671875 0.4859375 0.0078125 0.01640625
0 0.309375 0.4875 0.0078125 0.02265625
0 0.309375 0.4875 0.0078125 0.02265625
0 0.31953125 0.49609375 0.0125 0.025
0 0.31953125 0.49609375 0.0125 0.025
0 0.6421875 0.5140625 0.0125 0.040625
0 0.6421875 0.5140625 0.0125 0.040625
0 0.68125 0.5328125 0.01328125 0.04375
0 0.68125 0.5328125 0.01328125 0.04375
0 0.7234375 0.5171875 0.0234375 0.0515625
0 0.7234375 0.5171875 0.0234375 0.0515625
0 0.7609375 0.57578125 0.0125 0.025
0 0.7609375 0.57578125 0.0125 0.025
0 0.33203125 0.6625 0.0109375 0.0390625
0 0.33203125 0.6625 0.0109375 0.0390625
0 0.31796875 0.6734375 0.0125 0.03671875
0 0.31796875 0.6734375 0.0125 0.03671875
0 0.18984375 0.52890625 0.034375 0.0515625