0 0.47054283656909546 0.7243225787316788 0.08146817600254544 0.01969542934436319
0 0.47054283656909546 0.7243225787316788 0.08146817600254544 0.01969542934436319
0 0.5231780352482767 0.6327350627386785 0.06111931333545435 0.016334072008272395
0 0.5231780352482767 0.6327350627386785 0.06111931333545435 0.016334072008272395
0 0.526093949912504 0.6507401754057694 0.05319772533418181 0.006868165340545218
0 0.526093949912504 0.6507401754057694 0.05319772533418181 0.006868165340545218
0 0.5605433172740482 0.443300392743451 0.04861931333545435 0.01618862133990877
0 0.5605433172740482 0.443300392743451 0.04861931333545435 0.01618862133990877
0 0.5954273946133206 0.3999503820814508 0.0830488573360908 0.021276110677908557
0 0.5954273946133206 0.3999503820814508 0.0830488573360908 0.021276110677908557
0 0.4940648892823205 0.3815810954009969 0.01569772533418181 0.006431813335454439
0 0.4940648892823205 0.3815810954009969 0.01569772533418181 0.006431813335454439
0 0.44383762261300247 0.4005305427275426 0.042387494668999895 0.01767839600572696