0 0.30148815516429395 0.4369925684880494 0.016879965153609698 0.03639214106622681
0 0.30148815516429395 0.4369925684880494 0.016879965153609698 0.03639214106622681
0 0.2851910325689556 0.44059494160758755 0.011483137023308564 0.015943248746358663
0 0.2851910325689556 0.44059494160758755 0.011483137023308564 0.015943248746358663
0 0.5617163270339928 0.40908756268206165 0.008467264427970278 0.018977320533113406
0 0.5617163270339928 0.40908756268206165 0.008467264427970278 0.018977320533113406
0 0.6189112681409854 0.4121156227903338 0.02173115626060227 0.04121603338609496
0 0.6189112681409854 0.4121156227903338 0.02173115626060227 0.04121603338609496
0 0.7005531377410987 0.44336797129926564 0.009920637023308565 0.015897784639736123
0 0.7005531377410987 0.44336797129926564 0.009920637023308565 0.015897784639736123
0 0.7114906377410988 0.4430497225529069 0.008358137023308565 0.015852320533113407
0 0.7114906377410988 0.4430497225529069 0.008358137023308565 0.015852320533113407
0 0.7715079892850448 0.3701374082879997 0.010029764427970277 0.019022784639736123
0 0.7715079892850448 0.3701374082879997 0.010029764427970277 0.019022784639736123
0 0.765793702624556 0.363265282661179 0.00857639183263199 0.022102320533113406
0 0.765793702624556 0.363265282661179 0.00857639183263199 0.022102320533113406
0 0.7292733600662846 0.3252257250601894 0.019895837748947896 0.03335806927947216
0 0.7292733600662846 0.3252257250601894 0.019895837748947896 0.03335806927947216
0 0.7180357597034648 0.31695022380654814 0.013427582939624472 0.026926212852981378
0 0.7180357597034648 0.31695022380654814 0.013427582939624472 0.026926212852981378
0 0.21885421523842769 0.3549362379258061 0.02469246515360961 0.03661946159934022