0 0.37535197030832185 0.4444981386500295 0.026136602665567034 0.04110323212215263
0 0.37535197030832185 0.4444981386500295 0.026136602665567034 0.04110323212215263
0 0.656872406439126 0.557108806387794 0.028199207838416562 0.05841827787978708
0 0.656872406439126 0.557108806387794 0.028199207838416562 0.05841827787978708
0 0.6868099590255508 0.5681259257828503 0.03146060015828454 0.06336086939505634
0 0.6868099590255508 0.5681259257828503 0.03146060015828454 0.06336086939505634
0 0.6970571372387961 0.5720799732074747 0.018142246239076343 0.034215503333980025
0 0.6970571372387961 0.5720799732074747 0.018142246239076343 0.034215503333980025
0 0.7363122023616332 0.4747424586636072 0.018096782132453627 0.032653003333980024
0 0.7363122023616332 0.4747424586636072 0.018096782132453627 0.032653003333980024
0 0.6961274715619631 0.45977129184392646 0.018096782132453627 0.032653003333979844
0 0.6961274715619631 0.45977129184392646 0.018096782132453627 0.032653003333979844
0 0.6654314010288497 0.449471649570053 0.01492631802583091 0.030835411818710766
0 0.6654314010288497 0.449471649570053 0.01492631802583091 0.030835411818710766
0 0.6576189010288497 0.4488339207818804 0.013227425705962937 0.026020366061076317
0 0.6576189010288497 0.4488339207818804 0.013227425705962937 0.026020366061076317
0 0.39478026873811145 0.3354100521357302 0.016397889812585564 0.027837957576345395
0 0.39478026873811145 0.3354100521357302 0.016397889812585564 0.027837957576345395
0 0.3822575366848001 0.33360843607465396 0.014789925705962936 0.02614791181871077