0 0.6436750724806222 0.8032824336587581 0.03703892504614252 0.020121052425594144
0 0.6436750724806222 0.8032824336587581 0.03703892504614252 0.020121052425594144
0 0.6411613417589536 0.7883111379011234 0.05150194324473976 0.027518964244305267
0 0.6411613417589536 0.7883111379011234 0.05150194324473976 0.027518964244305267
0 0.6126463155407917 0.7556741100213363 0.03215116594684382 0.01661341515269079
0 0.6126463155407917 0.7556741100213363 0.03215116594684382 0.01661341515269079
0 0.6111641586932466 0.7446728371425191 0.04973918414544123 0.02426641848667064
0 0.6111641586932466 0.7446728371425191 0.04973918414544123 0.02426641848667064
0 0.5867556415743834 0.7154796736568183 0.04671431369509058 0.025573826971401557
0 0.5867556415743834 0.7154796736568183 0.04671431369509058 0.025573826971401557
0 0.5845923642764875 0.7059771278991838 0.03058866594684382 0.016485869395056342
0 0.5845923642764875 0.7059771278991838 0.03058866594684382 0.016485869395056342
0 0.5703400971576243 0.6776130118381075 0.033713665946843815 0.01674096091032524
0 0.5703400971576243 0.6776130118381075 0.033713665946843815 0.01674096091032524
0 0.516819369213733 0.42455191365487865 0.07075259099298634 0.03686201333591956
0 0.516819369213733 0.42455191365487865 0.07075259099298634 0.03686201333591956
0 0.5341186883074943 0.3428075771405794 0.019350777297895937 0.010905549091614475
0 0.5341186883074943 0.3428075771405794 0.019350777297895937 0.010905549091614475
0 0.5321056053340724 0.33564878138294485 0.020913277297895938 0.011033094849248925
0 0.5321056053340724 0.33564878138294485 0.020913277297895938 0.011033094849248925
0 0.4334981246124038 0.3128334215307864 0.03215116594684382 0.016613415152690703
0 0.4334981246124038 0.3128334215307864 0.03215116594684382 0.016613415152690703
0 0.44151898056478506 0.4137422172884209 0.02560077729789594 0.011415732122152633
0 0.44151898056478506 0.4137422172884209 0.02560077729789594 0.011415732122152633
0 0.493616910852715 0.6931107239563807 0.03215116594684382 0.01661341515269079
0 0.493616910852715 0.6931107239563807 0.03215116594684382 0.01661341515269079
0 0.5293121838316741 0.7892840933514369 0.04631379549649317 0.01932382697140156
0 0.5293121838316741 0.7892840933514369 0.04631379549649317 0.01932382697140156
0 0.4814778562569231 0.673467903652939 0.021013406847545112 0.012595594849248926
0 0.4814778562569231 0.673467903652939 0.021013406847545112 0.012595594849248926