0 0.5003374186073568 0.7185091865646657 0.06610323212215263 0.030980491264490338
0 0.5003374186073568 0.7185091865646657 0.06610323212215263 0.030980491264490338
0 0.49300315072950945 0.6943843804082495 0.05516573212215263 0.029959431780308955
0 0.49300315072950945 0.6943843804082495 0.05516573212215263 0.029959431780308955
0 0.49655858542703746 0.6793218319473535 0.07391573212215263 0.03170981946747666
0 0.49655858542703746 0.6793218319473535 0.07391573212215263 0.03170981946747666
0 0.4629009336102663 0.6452496745013906 0.02589282030344169 0.013271350249557123
0 0.4629009336102663 0.6452496745013906 0.02589282030344169 0.013271350249557123
0 0.4620718861856418 0.6554059245013907 0.01951527454580724 0.011125387687167887
0 0.4620718861856418 0.6554059245013907 0.01951527454580724 0.011125387687167887
0 0.4426519486131758 0.570385640391545 0.035395366061076315 0.015709044093141066
0 0.4426519486131758 0.570385640391545 0.035395366061076315 0.015709044093141066
0 0.5115923646839504 0.29569717117362543 0.05672823212215263 0.03010529742090622
0 0.5115923646839504 0.29569717117362543 0.05672823212215263 0.03010529742090622
0 0.5482950102918037 0.2449777427210817 0.03903054909161448 0.022250775374335775
0 0.5482950102918037 0.2449777427210817 0.03903054909161448 0.022250775374335775
0 0.45714385180707284 0.25038588269602496 0.03938123545613248 0.04554240973373842
0 0.45714385180707284 0.25038588269602496 0.03938123545613248 0.04554240973373842
0 0.44260311968492017 0.27655280782080355 0.022767820303441866 0.012979618968362505
0 0.44260311968492017 0.27655280782080355 0.022767820303441866 0.012979618968362505
0 0.4156581113499705 0.3217095424297634 0.026020366061076317 0.014833850249557124
0 0.4156581113499705 0.3217095424297634 0.026020366061076317 0.014833850249557124
0 0.3865128742268481 0.37482464267932053 0.028093049091614385 0.021229715890154478
0 0.3865128742268481 0.37482464267932053 0.028093049091614385 0.021229715890154478
0 0.40714410968298065 0.33103262063274996 0.025892820303441866 0.013271350249557123
0 0.40714410968298065 0.33103262063274996 0.025892820303441866 0.013271350249557123
0 0.35932926558263767 0.584366519343203 0.05009559484924893 0.024834334858516983
0 0.35932926558263767 0.584366519343203 0.05009559484924893 0.024834334858516983
0 0.3860515201245655 0.674907475250062 0.020025457576345395 0.017375387687167888
0 0.3860515201245655 0.674907475250062 0.020025457576345395 0.017375387687167888
0 0.3916000184575756 0.6829177626876728 0.026020366061076317 0.014833850249557301
0 0.3916000184575756 0.6829177626876728 0.026020366061076317 0.014833850249557301
0 0.41039794482015396 0.7090735765396088 0.022895366061076318 0.014542118968362416