0 0.5111377323600028 0.342723625704447 0.04645892017181659 0.026371165938124365
0 0.5111377323600028 0.342723625704447 0.04645892017181659 0.026371165938124365
0 0.5235115796010408 0.3540608241687252 0.08798467887824372 0.04758971126195988
0 0.5235115796010408 0.3540608241687252 0.08798467887824372 0.04758971126195988
0 0.5831875520114209 0.47378945720678634 0.03354948439616763 0.01731834430002106
0 0.5831875520114209 0.47378945720678634 0.03354948439616763 0.01731834430002106
0 0.57143225972248 0.6390862298687041 0.04637703301668665 0.024808665938124363
0 0.57143225972248 0.6390862298687041 0.04637703301668665 0.024808665938124363
0 0.5583081399802049 0.6733716118139517 0.06356453301668666 0.02651410819051634
0 0.5583081399802049 0.6733716118139517 0.06356453301668666 0.02651410819051634
0 0.570818106059007 0.6273674798687041 0.02697193577564878 0.01044818348096932
0 0.570818106059007 0.6273674798687041 0.02697193577564878 0.01044818348096932
0 0.6988888743763726 0.6735580134876715 0.05254514586155708 0.023866326757175926
0 0.6988888743763726 0.6735580134876715 0.05254514586155708 0.023866326757175926
0 0.6967122207128995 0.6619943036924345 0.034948210085908295 0.014348384504783951
0 0.6967122207128995 0.6619943036924345 0.034948210085908295 0.014348384504783951
0 0.7123471867917015 0.615680091337661 0.03823698439616763 0.01778346491430973
0 0.7123471867917015 0.615680091337661 0.03823698439616763 0.01778346491430973
0 0.7102114767057933 0.6048976315424239 0.05246325870642732 0.022303826757175925
0 0.7102114767057933 0.6048976315424239 0.05246325870642732 0.022303826757175925
0 0.6994919826986872 0.5502040825662384 0.043252033016686654 0.02449858552859858
0 0.6994919826986872 0.5502040825662384 0.043252033016686654 0.02449858552859858
0 0.6993348524409624 0.5172365423614755 0.025491322930778538 0.011855643276206607
0 0.6993348524409624 0.5172365423614755 0.025491322930778538 0.011855643276206607
0 0.6661561030067892 0.31870337533053766 0.03346759724103805 0.01575584430002106
0 0.6661561030067892 0.31870337533053766 0.03346759724103805 0.01575584430002106
0 0.6443320126631562 0.276891377890074 0.057232645861557074 0.024331447371464688
0 0.6443320126631562 0.276891377890074 0.057232645861557074 0.024331447371464688