0 0.3900197185400509 0.23484174420634057 0.06766716378737554 0.06487364144374777
0 0.3900197185400509 0.23484174420634057 0.06766716378737554 0.06487364144374777
0 0.40057768430232465 0.2876362497430789 0.08243057063492074 0.07770413590700942
0 0.40057768430232465 0.2876362497430789 0.08243057063492074 0.07770413590700942
0 0.4244564728589876 0.3138532598937657 0.07507914558877822 0.05967530503444873
0 0.4244564728589876 0.3138532598937657 0.07507914558877822 0.05967530503444873
0 0.520905466537466 0.5370957205467423 0.032651813695090584 0.026081654362803696
0 0.520905466537466 0.5370957205467423 0.032651813695090584 0.026081654362803696
0 0.5475495072535973 0.6047640661839384 0.06696625693983034 0.05393614144374777
0 0.5475495072535973 0.6047640661839384 0.06696625693983034 0.05393614144374777
0 0.4131652128368383 0.6592559308667845 0.06504281153562204 0.07226547600746738
0 0.4131652128368383 0.6592559308667845 0.06504281153562204 0.07226547600746738
0 0.3726694232004412 0.6143639969747097 0.061317034237726276 0.06246981057118699
0 0.3726694232004412 0.6143639969747097 0.061317034237726276 0.06246981057118699
0 0.3653773573458824 0.5952083269244808 0.039001943244739844 0.02848548523536465
0 0.3653773573458824 0.5952083269244808 0.039001943244739844 0.02848548523536465
0 0.26555303979328054 0.3762927817077847 0.08329216378737563 0.06697696862514971
0 0.26555303979328054 0.3762927817077847 0.08329216378737563 0.06697696862514971
0 0.2678374306016969 0.4131617835533641 0.030989184145441228 0.02430882164466368
0 0.2678374306016969 0.4131617835533641 0.030989184145441228 0.02430882164466368
0 0.26797833050941183 0.4472212844761538 0.03723918414544123 0.025150152517224456
0 0.26797833050941183 0.4472212844761538 0.03723918414544123 0.025150152517224456
0 0.48747120527869914 0.5028708730639666 0.033813795496493174 0.020041987080944068