0 0.2109375 0.49609375 0.02109375 0.05859375
0 0.2109375 0.49609375 0.02109375 0.05859375
0 0.45546875 0.575 0.01640625 0.0484375
0 0.45546875 0.575 0.01640625 0.0484375
0 0.478125 0.58125 0.0203125 0.053125
0 0.478125 0.58125 0.0203125 0.053125
0 0.49296875 0.5859375 0.0109375 0.03359375
0 0.49296875 0.5859375 0.0109375 0.03359375
0 0.61171875 0.56640625 0.0109375 0.034375
0 0.61171875 0.56640625 0.0109375 0.034375
0 0.62265625 0.56328125 0.00859375 0.025
0 0.62265625 0.56328125 0.00859375 0.025
0 0.703125 0.65859375 0.01640625 0.0421875
0 0.703125 0.65859375 0.01640625 0.0421875
0 0.61484375 0.67109375 0.00859375 0.034375
0 0.61484375 0.67109375 0.00859375 0.034375