0 0.40100040178041835 0.7644183373872219 0.07886138555165907 0.04400587955902786
0 0.40100040178041835 0.7644183373872219 0.07886138555165907 0.04400587955902786
0 0.30822652069298595 0.7329702752668747 0.054161394480112965 0.060611498100139015
0 0.30822652069298595 0.7329702752668747 0.054161394480112965 0.060611498100139015
0 0.3056958100602489 0.6775378928580553 0.030151150162155815 0.02725348423243048
0 0.3056958100602489 0.6775378928580553 0.030151150162155815 0.02725348423243048
0 0.39170544804754004 0.6348944915475344 0.026807961850553053 0.014680749050069507
0 0.39170544804754004 0.6348944915475344 0.026807961850553053 0.014680749050069507
0 0.3118173506453278 0.5804810549021525 0.026835235389503432 0.01624324905006951
0 0.3118173506453278 0.5804810549021525 0.026835235389503432 0.01624324905006951
0 0.45722175933219555 0.31370851614881906 0.056850017856907444 0.035684233282500075
0 0.45722175933219555 0.31370851614881906 0.056850017856907444 0.035684233282500075
0 0.3822802605500115 0.27402972672989556 0.017405688311602673 0.012900043502986059
0 0.3822802605500115 0.27402972672989556 0.017405688311602673 0.012900043502986059
0 0.44750188595540097 0.3389449054914927 0.033085235389503434 0.01638871941479163
0 0.44750188595540097 0.3389449054914927 0.033085235389503434 0.01638871941479163
0 0.374985957790068 0.3038990646857983 0.015734094155801338 0.006613675911805572
0 0.374985957790068 0.3038990646857983 0.015734094155801338 0.006613675911805572
0 0.39744161038785575 0.24710355081808996 0.017351141233702006 0.009775043502986058