0 0.43868639953412475 0.5089470843652876 0.06165013154179633 0.04182793507002245
0 0.43868639953412475 0.5089470843652876 0.06165013154179633 0.04182793507002245
0 0.40340905219319545 0.4784761803125116 0.0668836631118273 0.051421258891340214
0 0.40340905219319545 0.4784761803125116 0.0668836631118273 0.051421258891340214
0 0.36718312585660134 0.4986045897419711 0.051547089448421436 0.028891287427387446
0 0.36718312585660134 0.4986045897419711 0.051547089448421436 0.028891287427387446
0 0.3566474442583354 0.5183712801886772 0.03363154735504663 0.01559076674922295
0 0.3566474442583354 0.5183712801886772 0.03363154735504663 0.01559076674922295
0 0.3322221098598243 0.7143537142252424 0.04704159997176518 0.03179796360606986
0 0.3322221098598243 0.7143537142252424 0.04704159997176518 0.03179796360606986
0 0.3401410256730747 0.6897903618678776 0.04033657366340586 0.023694365177646403
0 0.3401410256730747 0.6897903618678776 0.04033657366340586 0.023694365177646403
0 0.34842323350911275 0.7517274356891951 0.051713689420186525 0.05850601282028158
0 0.34842323350911275 0.7517274356891951 0.051713689420186525 0.05850601282028158
0 0.4372428098033546 0.7784590636871231 0.07009966837349921 0.05312930810555194