0 0.534375 0.59140625 0.0078125 0.0421875
0 0.534375 0.59140625 0.0078125 0.0421875
0 0.51796875 0.59609375 0.00390625 0.03125
0 0.51796875 0.59609375 0.00390625 0.03125
0 0.62890625 0.56015625 0.015625 0.04140625
0 0.62890625 0.56015625 0.015625 0.04140625
0 0.66875 0.54609375 0.03046875 0.0703125
0 0.66875 0.54609375 0.03046875 0.0703125
0 0.68359375 0.5296875 0.00703125 0.025
0 0.68359375 0.5296875 0.00703125 0.025
0 0.678125 0.63203125 0.00546875 0.01953125
0 0.678125 0.63203125 0.00546875 0.01953125
0 0.625 0.64765625 0.01484375 0.01953125
0 0.625 0.64765625 0.01484375 0.01953125