0 0.40234375 0.6359375 0.034375 0.0234375
0 0.40234375 0.6359375 0.034375 0.0234375
0 0.346875 0.6234375 0.0078125 0.0265625
0 0.346875 0.6234375 0.0078125 0.0265625
0 0.38125 0.63203125 0.01171875 0.02734375
0 0.38125 0.63203125 0.01171875 0.02734375
0 0.315625 0.5765625 0.009375 0.00859375
0 0.315625 0.5765625 0.009375 0.00859375
0 0.334375 0.58359375 0.01015625 0.01484375
0 0.334375 0.58359375 0.01015625 0.01484375
0 0.609375 0.6453125 0.02734375 0.01484375
0 0.609375 0.6453125 0.02734375 0.01484375
0 0.64765625 0.63828125 0.03984375 0.009375
0 0.64765625 0.63828125 0.03984375 0.009375
0 0.6296875 0.61484375 0.01015625 0.0234375
0 0.6296875 0.61484375 0.01015625 0.0234375
0 0.64296875 0.61796875 0.00859375 0.028125
0 0.64296875 0.61796875 0.00859375 0.028125
0 0.70390625 0.628125 0.01640625 0.01015625
0 0.70390625 0.628125 0.01640625 0.01015625
0 0.7078125 0.58671875 0.0171875 0.01171875