0 0.5155760421337906 0.3087852640219525 0.05774859818322895 0.04036605042954129
0 0.5155760421337906 0.3087852640219525 0.05774859818322895 0.04036605042954129
0 0.44199411835628605 0.5896025740624322 0.024330320303441687 0.012165807326946165
0 0.44199411835628605 0.5896025740624322 0.024330320303441687 0.012165807326946165
0 0.4417868242656414 0.5966747676399973 0.022640274545807238 0.010521420171816587
0 0.4417868242656414 0.5966747676399973 0.022640274545807238 0.010521420171816587
0 0.44929630638779405 0.621388162597043 0.03227036606107632 0.014137743102595125
0 0.44929630638779405 0.621388162597043 0.03227036606107632 0.014137743102595125
0 0.4531228080547839 0.6298181382867835 0.03721295757634522 0.017508404567984213
0 0.4531228080547839 0.6298181382867835 0.03721295757634522 0.017508404567984213
0 0.469975339268551 0.6728720974681807 0.040465503333980024 0.019234678878243726
0 0.469975339268551 0.6728720974681807 0.040465503333980024 0.019234678878243726
0 0.4708043866931755 0.6830283474681806 0.029783094849248924 0.02178646879233561
0 0.4708043866931755 0.6830283474681806 0.029783094849248924 0.02178646879233561
0 0.38708321987349475 0.6474017859573629 0.01951527454580724 0.010357645861557074
0 0.38708321987349475 0.6474017859573629 0.01951527454580724 0.010357645861557074
0 0.39041551396413937 0.6401658180695385 0.02589282030344169 0.0122476944820761
0 0.39041551396413937 0.6401658180695385 0.02589282030344169 0.0122476944820761