0 0.44609375 0.55078125 0.01328125 0.06328125
0 0.44609375 0.55078125 0.01328125 0.06328125
0 0.459375 0.54921875 0.009375 0.04375
0 0.459375 0.54921875 0.009375 0.04375
0 0.6234375 0.56640625 0.00625 0.04296875
0 0.6234375 0.56640625 0.00625 0.04296875
0 0.60859375 0.53203125 0.01640625 0.03359375
0 0.60859375 0.53203125 0.01640625 0.03359375
0 0.67265625 0.68203125 0.00703125 0.0203125
0 0.67265625 0.68203125 0.00703125 0.0203125
0 0.60625 0.66328125 0.01015625 0.0390625
0 0.60625 0.66328125 0.01015625 0.0390625