0 0.2078125 0.61484375 0.0390625 0.05859375
0 0.2078125 0.61484375 0.0390625 0.05859375
0 0.2296875 0.64609375 0.0171875 0.03125
0 0.2296875 0.64609375 0.0171875 0.03125
0 0.334375 0.59296875 0.00859375 0.02890625
0 0.334375 0.59296875 0.00859375 0.02890625
0 0.59609375 0.66953125 0.01171875 0.0578125
0 0.59609375 0.66953125 0.01171875 0.0578125
0 0.60859375 0.6625 0.00859375 0.0296875
0 0.60859375 0.6625 0.00859375 0.0296875
0 0.603125 0.5921875 0.009375 0.03671875
0 0.603125 0.5921875 0.009375 0.03671875
0 0.66171875 0.659375 0.03828125 0.0703125
0 0.66171875 0.659375 0.03828125 0.0703125
0 0.7421875 0.521875 0.01171875 0.03359375
0 0.7421875 0.521875 0.01171875 0.03359375
0 0.58984375 0.58828125 0.0109375 0.03125