0 0.4887636009497074 0.40185514606988537 0.062346887305303154 0.05305506763635783
0 0.4887636009497074 0.40185514606988537 0.062346887305303154 0.05305506763635783
0 0.5128148663891136 0.42472488362233063 0.051136602665566855 0.04285127344521662
0 0.5128148663891136 0.42472488362233063 0.051136602665566855 0.04285127344521662
0 0.5070709832404455 0.4952266377715156 0.07953438730530316 0.05435745850815117
0 0.5070709832404455 0.4952266377715156 0.07953438730530316 0.05435745850815117
0 0.5070087987589941 0.5466707386013525 0.038091033386094784 0.023154080083912554
0 0.5070087987589941 0.5466707386013525 0.038091033386094784 0.023154080083912554
0 0.45586749907556323 0.6644017676456467 0.06386392319868044 0.051610966806520865
0 0.45586749907556323 0.6644017676456467 0.06386392319868044 0.051610966806520865
0 0.36407583801758364 0.3495328616270064 0.07521060015828454 0.06650226099766207
0 0.36407583801758364 0.3495328616270064 0.07521060015828454 0.06650226099766207
0 0.38708978919208265 0.3099617987645333 0.028761497492717503 0.024006185062934372