0 0.3163887272903606 0.4411528435522024 0.04805460485118864 0.07606108552859858
0 0.3163887272903606 0.4411528435522024 0.04805460485118864 0.07606108552859858
0 0.34775042653175625 0.4104757291497999 0.02649859818322886 0.03982560307144354
0 0.34775042653175625 0.4104757291497999 0.02649859818322886 0.03982560307144354
0 0.7238184610795031 0.4345911805186094 0.05663237939699588 0.08621128655241303
0 0.7238184610795031 0.4345911805186094 0.05663237939699588 0.08621128655241303
0 0.779239026841017 0.5346274743757222 0.044706464244305265 0.054031045323835514
0 0.779239026841017 0.5346274743757222 0.044706464244305265 0.054031045323835514
0 0.7414366536529389 0.3706243475495472 0.04665160151720862 0.05887358552859858
0 0.7414366536529389 0.3706243475495472 0.04665160151720862 0.05887358552859858
0 0.6578749834992784 0.32142262789007403 0.03549096091032524 0.03606834430002106
0 0.6578749834992784 0.32142262789007403 0.03549096091032524 0.03606834430002106
0 0.3385670030441158 0.33656705955932575 0.039476830305381405 0.06591088450478395