0 0.41171875 0.6198289846233104 0.0171875 0.021213258706427318
0 0.41171875 0.6198289846233104 0.0171875 0.021213258706427318
0 0.4328125 0.6187235080290587 0.0328125 0.0392196302577247
0 0.4328125 0.6187235080290587 0.0328125 0.0392196302577247
0 0.44375 0.6720565479431505 0.015625 0.02269387155129756
0 0.44375 0.6720565479431505 0.015625 0.02269387155129756
0 0.3734375 0.6921477199239894 0.015625 0.014881371551297562
0 0.3734375 0.6921477199239894 0.015625 0.014881371551297562
0 0.4046875 0.6912912268213942 0.0125 0.01628009724103805
0 0.4046875 0.6912912268213942 0.0125 0.01628009724103805
0 0.46875 0.6605901034610744 0.0109375 0.016198210085908115
0 0.46875 0.6605901034610744 0.0109375 0.016198210085908115
0 0.57265625 0.5801446076449459 0.0203125 0.024502033016686832
0 0.57265625 0.5801446076449459 0.0203125 0.024502033016686832
0 0.70859375 0.5198954251486575 0.0109375 0.019323210085908295
0 0.70859375 0.5198954251486575 0.0109375 0.019323210085908295