0 0.5888628516782515 0.8216182905267342 0.05322008838228243 0.02881597969862639
0 0.5888628516782515 0.8216182905267342 0.05322008838228243 0.02881597969862639
0 0.5875021838367566 0.8546862087313839 0.029308991701630305 0.019410988926523487
0 0.5875021838367566 0.8546862087313839 0.029308991701630305 0.019410988926523487
0 0.5036857201305133 0.3098395589825287 0.07050267676456468 0.052794306880028154
0 0.5036857201305133 0.3098395589825287 0.07050267676456468 0.052794306880028154
0 0.43635223570156756 0.7376793486624864 0.025095088382282426 0.025029990772102904
0 0.43635223570156756 0.7376793486624864 0.025095088382282426 0.025029990772102904
0 0.44156087657336085 0.755392680457837 0.04685168921211939 0.02641214882606544
0 0.44156087657336085 0.755392680457837 0.04685168921211939 0.02641214882606544
0 0.4395257025080885 0.7999690159443463 0.07987767676456467 0.054056303188869316
0 0.4395257025080885 0.7999690159443463 0.07987767676456467 0.054056303188869316