0 0.5175405455683013 0.3038075985925699 0.0559976944820761 0.0262728656913195
0 0.5175405455683013 0.3038075985925699 0.0559976944820761 0.0262728656913195
0 0.5105535611721335 0.31772462822784764 0.0591226944820761 0.026345600873680652
0 0.5105535611721335 0.31772462822784764 0.0591226944820761 0.026345600873680652
0 0.4651824282008753 0.42226600465274344 0.05410764586155707 0.019986498100139017
0 0.4651824282008753 0.42226600465274344 0.05410764586155707 0.019986498100139017
0 0.4589357502271426 0.4369824680836116 0.057478307326946164 0.02474673328249999
0 0.4589357502271426 0.4369824680836116 0.057478307326946164 0.02474673328249999
0 0.42929143656861823 0.6294966231938546 0.06504514586155707 0.020241071238402953
0 0.42929143656861823 0.6294966231938546 0.06504514586155707 0.020241071238402953
0 0.3460385232942067 0.6807486922480559 0.022611984396167805 0.014571646276527872
0 0.3460385232942067 0.6807486922480559 0.022611984396167805 0.014571646276527872
0 0.34344578980255014 0.6705197070656947 0.025491322930778538 0.009956881458888844
0 0.34344578980255014 0.6705197070656947 0.025491322930778538 0.009956881458888844
0 0.33447358152566414 0.6327651339274308 0.03190509724103805 0.013227351823611145
0 0.33447358152566414 0.6327651339274308 0.03190509724103805 0.013227351823611145
0 0.32702957372374797 0.625552045971528 0.02853443577564878 0.008467116641249994
0 0.32702957372374797 0.625552045971528 0.02853443577564878 0.008467116641249994
0 0.30642050260199183 0.58596221589941 0.025573210085908293 0.011519381458888844
0 0.30642050260199183 0.58596221589941 0.025573210085908293 0.011519381458888844
0 0.35570893091440875 0.34697310429215306 0.022611984396167805 0.014571646276527872
0 0.35570893091440875 0.34697310429215306 0.022611984396167805 0.014571646276527872
0 0.41272689280933933 0.28885278618788235 0.043907130257724705 0.03379442496187508