0 0.31271127770116147 0.5357391256753812 0.034279824739800804 0.05890377404661713
0 0.31271127770116147 0.5357391256753812 0.034279824739800804 0.05890377404661713
0 0.3544483983479479 0.5286185956383143 0.015290807326946343 0.02392857332097762
0 0.3544483983479479 0.5286185956383143 0.015290807326946343 0.02392857332097762
0 0.3930605189947342 0.5213889381965856 0.01890713025772488 0.03341270072563951
0 0.3930605189947342 0.5213889381965856 0.01890713025772488 0.03341270072563951
0 0.4063827125722991 0.5226339796663979 0.017017081637205854 0.027108137023308564
0 0.4063827125722991 0.5226339796663979 0.017017081637205854 0.027108137023308564
0 0.52219474106643 0.4260814165970393 0.013810194482076099 0.025436509618646852
0 0.52219474106643 0.4260814165970393 0.013810194482076099 0.025436509618646852
0 0.7044782965843541 0.40749265162091486 0.013810194482076099 0.025436509618646852
0 0.7044782965843541 0.40749265162091486 0.013810194482076099 0.025436509618646852
0 0.2504425717991247 0.41893108239147037 0.02408595318850324 0.04295139183263199
0 0.2504425717991247 0.41893108239147037 0.02408595318850324 0.04295139183263199