0 0.423828800039341 0.6467210800752371 0.07093521287323465 0.03405134783255335
0 0.423828800039341 0.6467210800752371 0.07093521287323465 0.03405134783255335
0 0.4118315445914593 0.6088390780980708 0.0400458457929556 0.01565417490485981
0 0.4118315445914593 0.6088390780980708 0.0400458457929556 0.01565417490485981
0 0.3350676767548756 0.3688878987445867 0.030561585149293878 0.01370967292769345
0 0.3350676767548756 0.3688878987445867 0.030561585149293878 0.01370967292769345
0 0.3387664771231927 0.3215181502274615 0.05018567029858776 0.026973676882026076
0 0.3387664771231927 0.3215181502274615 0.05018567029858776 0.026973676882026076
0 0.33390401450205953 0.36338731524648954 0.01617130321830871 0.008449169961943958
0 0.33390401450205953 0.36338731524648954 0.01617130321830871 0.008449169961943958
0 0.4262336261344569 0.346894835018153 0.059779191585911204 0.030480678859192523
0 0.4262336261344569 0.346894835018153 0.059779191585911204 0.030480678859192523
0 0.4197269000196705 0.3318282505314726 0.027436585149293792 0.013582338935304606