0 0.3789163003179997 0.5745983717784402 0.07137038896415202 0.05360303482570909
0 0.3789163003179997 0.5745983717784402 0.07137038896415202 0.05360303482570909
0 0.3747267673013129 0.5950746460886996 0.027545145861557076 0.020142081637205676
0 0.3747267673013129 0.5950746460886996 0.027545145861557076 0.020142081637205676
0 0.3806625067858633 0.6602083231579211 0.01784259724103805 0.013400758706427318
0 0.3806625067858633 0.6602083231579211 0.01784259724103805 0.013400758706427318
0 0.49132884837269175 0.36224445669500627 0.042426517412854636 0.03650406603337357
0 0.49132884837269175 0.36224445669500627 0.042426517412854636 0.03650406603337357
0 0.5128939891458661 0.26294714156614385 0.02606453301668683 0.02162269448207601
0 0.5128939891458661 0.26294714156614385 0.02606453301668683 0.02162269448207601
0 0.458172189620836 0.29620005484055545 0.02606453301668683 0.0216226944820761
0 0.458172189620836 0.29620005484055545 0.02606453301668683 0.0216226944820761
0 0.30009858152566415 0.6067767859573628 0.03256019448207601 0.026637743102595125
0 0.30009858152566415 0.6067767859573628 0.03256019448207601 0.026637743102595125
0 0.3143790875185579 0.6613447772509355 0.03889208163720585 0.028527791723113972