0 0.404010 0.652962 0.002718 0.006969
0 0.376996 0.643902 0.007815 0.006969
0 0.629120 0.643206 0.005776 0.013937
0 0.365783 0.639024 0.003738 0.005575
0 0.409616 0.639024 0.003738 0.012544
0 0.340639 0.628920 0.000340 0.000697
0 0.362215 0.629965 0.004077 0.005575
0 0.398063 0.631010 0.004417 0.009059
0 0.384642 0.624042 0.002718 0.004878
0 0.393986 0.623693 0.003058 0.005575
0 0.334353 0.626132 0.011553 0.010453
0 0.345056 0.617770 0.014611 0.017422
0 0.468060 0.576655 0.004417 0.009059
0 0.695379 0.455052 0.003738 0.005575
0 0.704723 0.450174 0.012912 0.030662
