0 0.423887 0.626481 0.001699 0.005575
0 0.417601 0.627178 0.002718 0.008362
0 0.621135 0.620209 0.009514 0.023693
0 0.361706 0.606969 0.004417 0.009756
0 0.386680 0.614983 0.024465 0.029965
0 0.400951 0.606969 0.006796 0.018118
0 0.349813 0.600348 0.007815 0.018815
0 0.390418 0.580139 0.010194 0.009059
0 0.376487 0.578397 0.008835 0.012544
0 0.611621 0.580139 0.013592 0.017422
0 0.625892 0.570035 0.007475 0.006969
0 0.302752 0.572125 0.002718 0.012544
0 0.597859 0.546341 0.003738 0.008362
0 0.586986 0.529268 0.003738 0.013240
0 0.360007 0.478397 0.005097 0.027178
