0 0.550799 0.710801 0.004077 0.006969
0 0.478253 0.708362 0.002379 0.004878
0 0.479443 0.695470 0.002718 0.015331
0 0.436629 0.699303 0.006796 0.024390
0 0.389399 0.689895 0.003398 0.006969
0 0.671933 0.650871 0.006456 0.011150
0 0.358308 0.649477 0.003738 0.009756
0 0.516140 0.558885 0.002718 0.009756
0 0.508665 0.559930 0.004757 0.011847
0 0.591573 0.549826 0.004077 0.012544
0 0.534489 0.544948 0.004757 0.015331
0 0.374788 0.537631 0.004757 0.013240
0 0.455318 0.541812 0.003398 0.022997
0 0.373938 0.518815 0.003738 0.014634
