0 0.558274 0.643206 0.005437 0.023693
0 0.432552 0.636237 0.004077 0.009756
0 0.479443 0.634843 0.003398 0.015331
0 0.461094 0.635192 0.004077 0.018815
0 0.437649 0.617073 0.002039 0.004878
0 0.666667 0.553659 0.010194 0.024390
0 0.363744 0.540070 0.001699 0.005575
0 0.364764 0.533449 0.002379 0.004878
0 0.296296 0.533449 0.008155 0.031359
0 0.716955 0.511847 0.002718 0.003484
0 0.291199 0.510801 0.004077 0.005575
0 0.506966 0.486760 0.006116 0.025784
0 0.420319 0.479791 0.002718 0.013240
0 0.363065 0.447735 0.002379 0.006272
0 0.359667 0.428920 0.007136 0.022997
