0 0.569997 0.626829 0.016650 0.024390
0 0.500340 0.619861 0.003738 0.021603
0 0.506116 0.608014 0.005776 0.034146
0 0.363065 0.594425 0.006456 0.009756
0 0.527183 0.599652 0.005097 0.028571
0 0.464492 0.618815 0.019708 0.066899
0 0.535508 0.600000 0.007475 0.034843
0 0.552158 0.589199 0.008835 0.024390
0 0.590214 0.588502 0.012232 0.036934
0 0.451580 0.611498 0.016310 0.082927
0 0.601937 0.582578 0.011893 0.027875
0 0.481651 0.595122 0.011213 0.052962
0 0.440707 0.602439 0.015630 0.089895
0 0.346245 0.552962 0.041454 0.056446
0 0.463303 0.484669 0.014611 0.013240
0 0.437309 0.501394 0.010873 0.055052
0 0.401121 0.480836 0.019368 0.020906
0 0.381074 0.472822 0.013252 0.034146
0 0.422358 0.470732 0.018349 0.032753
