0 0.530921 0.676655 0.007136 0.008362
0 0.509854 0.675261 0.007815 0.027875
0 0.531261 0.659582 0.005776 0.021603
0 0.540435 0.665854 0.009174 0.043902
0 0.423717 0.635192 0.004077 0.007666
0 0.556575 0.638328 0.015630 0.057143
0 0.363914 0.616725 0.014271 0.016725
0 0.680428 0.607666 0.003058 0.004181
0 0.682977 0.610453 0.002718 0.011150
0 0.289670 0.596864 0.005097 0.010453
0 0.679749 0.590941 0.004417 0.018118
0 0.623513 0.577352 0.004757 0.011847
0 0.355420 0.500000 0.004757 0.020209
0 0.318892 0.483275 0.002379 0.013240
0 0.354060 0.478746 0.007475 0.019512
0 0.572715 0.474913 0.006456 0.016028
0 0.318722 0.471080 0.003398 0.011150
0 0.689602 0.439721 0.007815 0.018118
0 0.675331 0.410453 0.003738 0.006969
