0 0.623344 0.659582 0.004417 0.010453
0 0.503738 0.664460 0.005097 0.034146
0 0.616038 0.644948 0.003398 0.004878
0 0.575093 0.654704 0.006456 0.032753
0 0.393646 0.642857 0.005776 0.010453
0 0.378186 0.640767 0.004077 0.010453
0 0.657153 0.637282 0.003398 0.006272
0 0.337920 0.632753 0.005097 0.011150
0 0.704383 0.632056 0.008155 0.029268
0 0.657662 0.622300 0.003058 0.012544
0 0.546381 0.620557 0.004077 0.009059
0 0.357458 0.611847 0.005437 0.004181
0 0.429494 0.613240 0.005437 0.011150
0 0.369351 0.614634 0.014951 0.025087
0 0.340809 0.602787 0.004757 0.009756
0 0.348964 0.596516 0.008155 0.009756
0 0.372069 0.521254 0.004077 0.006969
0 0.376147 0.514634 0.001359 0.004878
0 0.353381 0.505923 0.002718 0.006969
0 0.372919 0.502787 0.002379 0.022997
0 0.318722 0.489547 0.002039 0.004878
0 0.349303 0.488502 0.004077 0.011150
0 0.560483 0.489199 0.005776 0.018118
0 0.512402 0.484321 0.009514 0.015331
0 0.498641 0.481533 0.011893 0.016725
0 0.640333 0.508014 0.025484 0.072474
0 0.468909 0.473171 0.008155 0.022300
