0 0.566599 0.702787 0.003058 0.006272
0 0.430513 0.697213 0.004077 0.009059
0 0.368162 0.669338 0.002379 0.009059
0 0.702175 0.627875 0.005776 0.011150
0 0.311077 0.617422 0.007815 0.008362
0 0.346245 0.621951 0.006796 0.018815
0 0.425926 0.605575 0.003738 0.006969
0 0.576962 0.590941 0.005437 0.008362
0 0.432042 0.588153 0.005776 0.011150
0 0.466361 0.584321 0.001699 0.004878
0 0.708121 0.586063 0.008155 0.022300
0 0.438328 0.581533 0.006116 0.014634
0 0.469589 0.577700 0.002718 0.015331
0 0.593102 0.572474 0.007136 0.016028
0 0.507305 0.583275 0.010194 0.037631
0 0.474006 0.571777 0.006796 0.017422
0 0.461264 0.573868 0.006456 0.021603
0 0.497282 0.578746 0.007815 0.034146
0 0.381244 0.563763 0.003398 0.013937
0 0.536188 0.565854 0.004757 0.020906
0 0.527523 0.560279 0.005776 0.019512
