0 0.347265 0.645296 0.006796 0.016725
0 0.403330 0.637631 0.005437 0.023693
0 0.378865 0.621951 0.004757 0.006272
0 0.613490 0.626481 0.007815 0.020906
0 0.351512 0.618467 0.005097 0.010453
0 0.360007 0.614983 0.008495 0.024390
0 0.624533 0.624390 0.010194 0.050174
0 0.662080 0.602091 0.003738 0.006969
0 0.665138 0.600348 0.003058 0.004878
0 0.674992 0.571429 0.005776 0.011150
0 0.502379 0.545296 0.003738 0.011847
0 0.607713 0.519164 0.003738 0.004181
0 0.590384 0.514286 0.006456 0.016725
0 0.615189 0.509059 0.020048 0.027178
0 0.361196 0.506969 0.004077 0.022997
0 0.639484 0.499303 0.010873 0.024390
0 0.380904 0.478397 0.004077 0.013240
0 0.381753 0.467596 0.001699 0.004181
