0 0.602786 0.659233 0.002718 0.015331
0 0.548420 0.618467 0.006116 0.009059
0 0.493884 0.611847 0.004417 0.025087
0 0.685695 0.596167 0.006116 0.011847
0 0.434760 0.592334 0.003058 0.006969
0 0.566938 0.602787 0.012572 0.030662
0 0.424737 0.587456 0.008835 0.005575
0 0.364084 0.587456 0.005776 0.008362
0 0.384302 0.602787 0.016310 0.043206
0 0.627591 0.587456 0.019028 0.016725
0 0.606184 0.593380 0.016310 0.028571
0 0.550289 0.584669 0.002379 0.011150
0 0.693170 0.564460 0.016989 0.029268
0 0.334862 0.530662 0.015291 0.024390
0 0.651716 0.517073 0.009514 0.011150
0 0.675841 0.514634 0.012912 0.016028
0 0.716446 0.502787 0.007815 0.009059
0 0.293408 0.495470 0.015291 0.044599
0 0.539585 0.467596 0.006116 0.019512
