0 0.633707 0.639721 0.005437 0.009756
0 0.628440 0.625436 0.004417 0.010453
0 0.639993 0.606272 0.003738 0.009756
0 0.620965 0.610801 0.006456 0.021603
0 0.714917 0.579443 0.017669 0.056446
0 0.374108 0.526829 0.003398 0.006969
0 0.405199 0.506620 0.003058 0.009756
0 0.640843 0.505923 0.002039 0.009756
0 0.366633 0.510453 0.014271 0.028571
0 0.373938 0.499303 0.003738 0.020209
0 0.642542 0.491638 0.004757 0.016028
0 0.627931 0.501742 0.019708 0.047387
0 0.643051 0.471777 0.004417 0.006969
0 0.723072 0.458537 0.008835 0.029268
0 0.292898 0.454007 0.016310 0.034146
