0 0.671254 0.644599 0.009854 0.013937
0 0.610262 0.634495 0.006116 0.017422
0 0.353211 0.632404 0.020048 0.022997
0 0.373768 0.634495 0.021067 0.029965
0 0.702514 0.619861 0.003058 0.006272
0 0.633197 0.631010 0.030241 0.042509
0 0.672103 0.620209 0.010873 0.027875
0 0.640843 0.609059 0.012912 0.022300
0 0.322630 0.628223 0.049269 0.085714
0 0.695039 0.596516 0.011893 0.026481
0 0.466701 0.562718 0.002379 0.009059
0 0.470948 0.558885 0.001359 0.004181
0 0.410126 0.545993 0.006116 0.007666
0 0.574414 0.542509 0.007815 0.020209
0 0.589874 0.537631 0.013592 0.025784
0 0.293068 0.518118 0.010533 0.014634
0 0.714917 0.507666 0.006796 0.011847
