0 0.411995 0.625436 0.010533 0.016028
0 0.382093 0.610801 0.001699 0.004878
0 0.397384 0.611498 0.003058 0.022997
0 0.334183 0.600000 0.002379 0.004181
0 0.314815 0.599652 0.007815 0.007666
0 0.632518 0.595819 0.002379 0.004181
0 0.686205 0.582578 0.002379 0.008362
0 0.704723 0.566551 0.016310 0.048780
0 0.476385 0.529965 0.005437 0.011847
0 0.452260 0.506969 0.005437 0.011847
0 0.458885 0.508711 0.005776 0.020906
0 0.403670 0.480488 0.006116 0.003484
0 0.634387 0.452962 0.003398 0.012544
0 0.373598 0.452962 0.003058 0.012544
0 0.626911 0.454355 0.007475 0.026481
0 0.679239 0.453310 0.011553 0.029965
0 0.340809 0.444948 0.006796 0.025784
