0 0.606524 0.598606 0.002718 0.005575
0 0.355420 0.591986 0.003398 0.010453
0 0.731566 0.534843 0.002039 0.004878
0 0.413014 0.489547 0.005097 0.006272
0 0.398233 0.480488 0.004077 0.009059
0 0.403840 0.468293 0.003738 0.006969
0 0.621305 0.463415 0.005097 0.011150
0 0.369181 0.462369 0.005776 0.009059
0 0.380394 0.451916 0.004417 0.009059
0 0.650527 0.456098 0.009854 0.021603
0 0.689942 0.448084 0.010533 0.009756
0 0.664288 0.455052 0.012232 0.043206
0 0.689433 0.422997 0.007475 0.005575
0 0.331295 0.432404 0.006796 0.027178
