0 0.558444 0.688153 0.005097 0.006272
0 0.339789 0.652265 0.003398 0.009756
0 0.342168 0.637282 0.003398 0.007666
0 0.334862 0.636237 0.003058 0.009756
0 0.302413 0.635540 0.011553 0.009756
0 0.407747 0.634843 0.002718 0.012544
0 0.362895 0.624390 0.002718 0.006969
0 0.389908 0.622997 0.002379 0.005575
0 0.380394 0.628223 0.009854 0.025784
0 0.316854 0.621603 0.004417 0.016725
0 0.363405 0.615331 0.007815 0.008362
0 0.701835 0.628920 0.013252 0.036934
0 0.720353 0.614983 0.022426 0.057840
0 0.291539 0.593031 0.018349 0.033449
0 0.310058 0.587108 0.017329 0.025784
0 0.420150 0.557491 0.003738 0.008362
0 0.368502 0.556098 0.003058 0.008362
0 0.671254 0.538328 0.001699 0.004878
0 0.328067 0.539024 0.003738 0.013240
0 0.638804 0.536237 0.004077 0.017422
0 0.330105 0.526132 0.002379 0.009756
