0 0.539755 0.682578 0.003738 0.009059
0 0.646959 0.627526 0.003398 0.011847
0 0.657832 0.617422 0.005437 0.006969
0 0.286273 0.596167 0.002379 0.006272
0 0.697078 0.596516 0.005776 0.011150
0 0.307170 0.583624 0.008835 0.014634
0 0.695889 0.581882 0.008835 0.013937
0 0.277268 0.578049 0.006116 0.010453
0 0.270133 0.570383 0.002718 0.004878
0 0.710330 0.581882 0.017329 0.041812
0 0.305131 0.567247 0.008155 0.015331
0 0.277098 0.558188 0.007815 0.009756
0 0.290860 0.557840 0.012912 0.016028
0 0.392287 0.567944 0.020727 0.048780
0 0.765885 0.549477 0.008835 0.014634
0 0.600578 0.571429 0.028882 0.058537
0 0.294088 0.522300 0.007815 0.020209
0 0.298505 0.510801 0.005776 0.016725
0 0.284404 0.501742 0.007475 0.013937
