0 0.588855 0.680836 0.003398 0.013937
0 0.600238 0.678397 0.009174 0.018815
0 0.556065 0.660279 0.005776 0.018815
0 0.284743 0.621603 0.005437 0.013937
0 0.291199 0.627875 0.007475 0.039024
0 0.274550 0.618467 0.004757 0.029965
0 0.683146 0.584669 0.007815 0.015331
0 0.696568 0.593380 0.015630 0.055052
0 0.512232 0.538676 0.018688 0.026481
0 0.488787 0.532056 0.017329 0.022997
0 0.389399 0.520209 0.003398 0.011847
0 0.675331 0.472474 0.004417 0.016725
0 0.280496 0.490941 0.037037 0.060627
0 0.724261 0.460627 0.032280 0.064111
