0 0.404859 0.635540 0.005097 0.005575
0 0.404519 0.624042 0.003738 0.010453
0 0.337751 0.582927 0.004077 0.018815
0 0.621984 0.573171 0.003738 0.010453
0 0.625722 0.565854 0.005097 0.016725
0 0.644580 0.556098 0.004757 0.009756
0 0.337411 0.544599 0.002718 0.009059
0 0.333503 0.541463 0.003738 0.015331
0 0.301223 0.545645 0.009854 0.040418
0 0.708801 0.523345 0.009514 0.039024
0 0.717805 0.510453 0.007136 0.017422
0 0.728848 0.504878 0.014951 0.049477
0 0.633197 0.479791 0.005776 0.009059
0 0.356269 0.479443 0.008495 0.020906
0 0.636256 0.472474 0.004417 0.009756
0 0.384302 0.456446 0.004077 0.006969
0 0.319402 0.435889 0.002718 0.004878
0 0.717125 0.409408 0.003058 0.010453
0 0.275399 0.412892 0.031600 0.064808
0 0.729018 0.344599 0.014611 0.050871
