0 0.588515 0.634495 0.005437 0.014634
0 0.536527 0.633101 0.004077 0.017422
0 0.515630 0.622648 0.008495 0.020209
0 0.484709 0.621603 0.006456 0.018118
0 0.608733 0.601394 0.005776 0.009756
0 0.566599 0.596516 0.004417 0.009756
0 0.573904 0.592334 0.007475 0.009756
0 0.618417 0.594425 0.013592 0.036237
0 0.380904 0.585017 0.016989 0.041115
0 0.730547 0.533798 0.002039 0.001394
0 0.317703 0.498258 0.006116 0.011150
0 0.630139 0.471080 0.004417 0.015331
0 0.686544 0.474913 0.036357 0.059233
0 0.327557 0.459582 0.008155 0.028571
