0 0.451070 0.667247 0.002379 0.003484
0 0.420150 0.659233 0.003738 0.013937
0 0.424567 0.654007 0.003738 0.009059
0 0.574244 0.649826 0.007475 0.018815
0 0.604315 0.645645 0.005097 0.014634
0 0.401121 0.632753 0.003738 0.005575
0 0.650187 0.621951 0.004417 0.007666
0 0.352192 0.603833 0.007136 0.018815
0 0.344546 0.605226 0.012232 0.032753
0 0.328576 0.579443 0.002718 0.003484
0 0.394835 0.459233 0.004077 0.006969
0 0.637445 0.445993 0.002718 0.011150
0 0.393816 0.444251 0.004757 0.011847
0 0.705063 0.408711 0.008155 0.018815
