0 0.583078 0.636585 0.006116 0.006272
0 0.436969 0.640767 0.006796 0.014634
0 0.615698 0.565505 0.002718 0.016028
0 0.363914 0.564460 0.015630 0.026481
0 0.670914 0.556098 0.005776 0.011150
0 0.639993 0.558537 0.009174 0.028571
0 0.322120 0.543902 0.003398 0.009059
0 0.595651 0.474216 0.013592 0.041115
0 0.388379 0.461324 0.011553 0.032056
0 0.404179 0.445296 0.005776 0.011150
0 0.411485 0.447735 0.004757 0.017422
0 0.381074 0.437631 0.005776 0.027875
0 0.305471 0.405923 0.005437 0.011847
0 0.317193 0.394774 0.012572 0.024390
0 0.702514 0.379094 0.030921 0.052962
0 0.294427 0.389895 0.042474 0.078746
