0 0.560992 0.608362 0.002718 0.009756
0 0.410296 0.602787 0.003738 0.011150
0 0.391267 0.603136 0.008495 0.025784
0 0.607204 0.598258 0.008835 0.017422
0 0.617907 0.588850 0.003058 0.004181
0 0.581040 0.595819 0.007475 0.018118
0 0.377846 0.593728 0.006116 0.025087
0 0.629800 0.582578 0.020048 0.012544
0 0.343017 0.570383 0.004417 0.011847
0 0.645600 0.562369 0.004757 0.016725
0 0.673802 0.549477 0.023106 0.020209
0 0.382433 0.510453 0.021407 0.028571
0 0.597180 0.503136 0.011893 0.032056
0 0.612810 0.494774 0.011213 0.026481
0 0.627421 0.495470 0.013931 0.033449
0 0.348964 0.498606 0.010873 0.039721
0 0.674822 0.462021 0.004077 0.018118
0 0.707271 0.437282 0.019368 0.042509
