0 0.630479 0.580139 0.005776 0.011847
0 0.543153 0.581533 0.007136 0.017422
0 0.624023 0.581533 0.005097 0.018815
0 0.401801 0.579094 0.007815 0.023693
0 0.662929 0.554704 0.004077 0.006969
0 0.616208 0.563763 0.013931 0.025087
0 0.363575 0.550871 0.004757 0.013240
0 0.628101 0.539721 0.005097 0.006272
0 0.639993 0.535889 0.003738 0.006969
0 0.677880 0.525784 0.027863 0.057840
0 0.327897 0.512195 0.010194 0.037631
0 0.622324 0.478049 0.004417 0.011150
0 0.593442 0.464808 0.011213 0.018118
0 0.380054 0.457840 0.002379 0.012544
0 0.395685 0.447387 0.005776 0.020906
0 0.374108 0.440418 0.003398 0.015331
0 0.589025 0.436934 0.007136 0.029268
0 0.335882 0.431010 0.012572 0.018815
