0 0.568637 0.660627 0.001699 0.002787
0 0.399422 0.655401 0.003738 0.004878
0 0.568637 0.654355 0.002379 0.004181
0 0.405199 0.655749 0.005776 0.008362
0 0.396704 0.644948 0.001699 0.004878
0 0.369011 0.641115 0.002039 0.005575
0 0.350832 0.644948 0.015291 0.014634
0 0.668875 0.627178 0.001699 0.004181
0 0.659191 0.627875 0.003398 0.015331
0 0.567278 0.581185 0.005097 0.013937
0 0.403500 0.582578 0.007136 0.025087
0 0.598879 0.572125 0.005776 0.011150
0 0.586986 0.565854 0.001699 0.004181
0 0.605844 0.563763 0.004757 0.011150
0 0.572205 0.558537 0.004757 0.009059
0 0.648318 0.558537 0.003398 0.011847
0 0.334013 0.554704 0.002718 0.012544
0 0.659191 0.552613 0.015630 0.029268
0 0.582399 0.550174 0.008835 0.024390
