0 0.463133 0.697909 0.003398 0.014634
0 0.444784 0.695122 0.003398 0.014634
0 0.416752 0.696167 0.004417 0.016725
0 0.377336 0.680836 0.003738 0.009756
0 0.339789 0.673868 0.002039 0.006969
0 0.375977 0.649826 0.010533 0.013240
0 0.628440 0.647387 0.005776 0.012544
0 0.343017 0.652265 0.011893 0.025087
0 0.348114 0.636934 0.002379 0.004181
0 0.292389 0.636934 0.002379 0.006969
0 0.329596 0.645993 0.012232 0.029268
0 0.672783 0.610105 0.013592 0.027178
0 0.653585 0.637282 0.028203 0.081533
0 0.702514 0.601742 0.011893 0.049477
0 0.544512 0.546341 0.003058 0.005575
0 0.582569 0.515679 0.003058 0.009756
0 0.654094 0.497909 0.014271 0.031359
