0 0.383792 0.696167 0.003738 0.008362
0 0.429494 0.672474 0.009514 0.018118
0 0.560313 0.663066 0.009514 0.014634
0 0.546891 0.666202 0.011213 0.020906
0 0.641013 0.651916 0.003738 0.011847
0 0.600578 0.659233 0.008495 0.026481
0 0.632688 0.659930 0.013592 0.037631
0 0.665138 0.633798 0.003738 0.006272
0 0.429494 0.579443 0.005437 0.016028
0 0.528203 0.571429 0.005097 0.008362
0 0.612980 0.566899 0.008155 0.025784
0 0.285423 0.557840 0.010194 0.014634
0 0.276758 0.553659 0.004417 0.010453
0 0.654094 0.548432 0.002039 0.004181
0 0.597010 0.562369 0.012232 0.032056
0 0.257730 0.525784 0.009854 0.027178
