0 0.620625 0.675261 0.003058 0.004181
0 0.485389 0.676307 0.003738 0.013240
0 0.402141 0.672822 0.016650 0.018815
0 0.658002 0.663763 0.003058 0.011847
0 0.651036 0.624042 0.008155 0.014634
0 0.383452 0.637631 0.036357 0.061324
0 0.632178 0.547038 0.004417 0.011150
0 0.439857 0.549477 0.004417 0.018815
0 0.413694 0.534495 0.004417 0.018118
0 0.398063 0.524390 0.005097 0.018815
0 0.436629 0.526132 0.006116 0.029268
0 0.414033 0.515679 0.002379 0.009756
0 0.668705 0.523693 0.008155 0.029965
0 0.674822 0.490941 0.004077 0.017422
