0 0.652226 0.618467 0.001019 0.006272
0 0.596500 0.617073 0.004417 0.007666
0 0.395175 0.621951 0.008155 0.020209
0 0.378865 0.610105 0.002039 0.003484
0 0.607543 0.616376 0.010873 0.021603
0 0.621984 0.604878 0.009174 0.011150
0 0.353211 0.596516 0.002379 0.004181
0 0.355759 0.595819 0.001359 0.004181
0 0.311247 0.593031 0.004757 0.005575
0 0.336052 0.583972 0.002039 0.004181
0 0.335712 0.571080 0.003398 0.013240
0 0.401801 0.548084 0.007815 0.029965
0 0.627761 0.529268 0.006456 0.011847
0 0.704723 0.461672 0.006796 0.009059
0 0.690792 0.441115 0.007475 0.016725
0 0.692491 0.430314 0.006116 0.016028
0 0.291879 0.440767 0.027183 0.053659
0 0.711179 0.429965 0.032620 0.047387
