0 0.367822 0.668641 0.008495 0.013240
0 0.349983 0.655401 0.005437 0.020209
0 0.339110 0.650523 0.006796 0.011847
0 0.387190 0.649129 0.007136 0.014634
0 0.672953 0.627178 0.007815 0.012544
0 0.352701 0.630662 0.008155 0.020906
0 0.346415 0.622997 0.003738 0.008362
0 0.610092 0.614634 0.009854 0.033449
0 0.631159 0.599652 0.004417 0.006272
0 0.657153 0.626132 0.022426 0.062021
0 0.582229 0.623345 0.024125 0.060627
0 0.314305 0.593728 0.008155 0.019512
0 0.675841 0.563066 0.023106 0.025087
0 0.575263 0.495819 0.005437 0.007666
0 0.526334 0.496516 0.005437 0.017422
0 0.514951 0.505226 0.011213 0.037631
