0 0.618417 0.682230 0.024465 0.034843
0 0.418790 0.667247 0.006456 0.013240
0 0.349473 0.659233 0.005097 0.008362
0 0.339450 0.645993 0.004757 0.013937
0 0.676181 0.638676 0.006116 0.011847
0 0.383962 0.645645 0.012912 0.042509
0 0.664458 0.638328 0.013931 0.039024
0 0.705573 0.603484 0.003738 0.008362
0 0.710839 0.591289 0.007475 0.017422
0 0.466191 0.593031 0.004757 0.025087
0 0.528033 0.585714 0.005437 0.028571
0 0.732076 0.557491 0.011893 0.019512
0 0.390928 0.554704 0.007815 0.016725
0 0.375467 0.550871 0.013592 0.025784
0 0.368162 0.548780 0.006456 0.027178
