0 0.555556 0.621254 0.005437 0.021603
0 0.576453 0.618467 0.007815 0.021603
0 0.577132 0.581882 0.004417 0.009756
0 0.496602 0.514983 0.003058 0.015331
0 0.303092 0.489547 0.002039 0.014634
0 0.349643 0.481533 0.007475 0.023693
0 0.309548 0.467944 0.004757 0.017422
0 0.374108 0.463066 0.005437 0.028571
0 0.545192 0.446690 0.005097 0.018118
0 0.650866 0.450871 0.008495 0.027875
0 0.376317 0.451220 0.005776 0.029965
0 0.661230 0.439721 0.004077 0.009756
0 0.461434 0.445993 0.004077 0.023693
0 0.647808 0.427178 0.003738 0.013937
