0 0.461094 0.641115 0.006116 0.012544
0 0.394835 0.630314 0.002718 0.004878
0 0.342168 0.614634 0.005437 0.006969
0 0.366803 0.614286 0.003058 0.009059
0 0.351852 0.606620 0.005097 0.018815
0 0.337411 0.604530 0.004077 0.014634
0 0.685355 0.601394 0.021747 0.032056
0 0.450391 0.565505 0.005097 0.011847
0 0.572035 0.557491 0.004417 0.006969
0 0.493714 0.562021 0.008835 0.016028
0 0.427115 0.563763 0.004077 0.019512
0 0.562181 0.558188 0.004417 0.022300
0 0.422358 0.534843 0.003398 0.006272
0 0.615189 0.534843 0.008495 0.009059
