0 0.426775 0.617770 0.007475 0.011847
0 0.416242 0.620209 0.021067 0.041812
0 0.400272 0.602787 0.008155 0.023693
0 0.383112 0.602787 0.009174 0.029268
0 0.363575 0.596864 0.006796 0.020209
0 0.603296 0.598955 0.011213 0.028571
0 0.641013 0.589199 0.015291 0.017422
0 0.360177 0.578049 0.002039 0.002091
0 0.682977 0.581882 0.004077 0.012544
0 0.352022 0.579443 0.004077 0.013240
0 0.298335 0.567247 0.003398 0.013937
0 0.646619 0.565505 0.010194 0.039721
0 0.302582 0.548432 0.003058 0.005575
0 0.718654 0.528571 0.010194 0.036934
0 0.679918 0.517422 0.009514 0.021603
0 0.699966 0.537979 0.025824 0.080836
