0 0.420999 0.599303 0.002718 0.005575
0 0.390588 0.584321 0.015970 0.016028
0 0.309208 0.549826 0.006796 0.032056
0 0.701835 0.539024 0.007136 0.011847
0 0.338940 0.534495 0.015970 0.033449
0 0.530921 0.504530 0.005097 0.023693
0 0.540095 0.500348 0.007136 0.026481
0 0.590044 0.488850 0.002379 0.009059
0 0.608902 0.484321 0.007475 0.008362
0 0.622154 0.477352 0.003398 0.006969
0 0.413524 0.477352 0.012912 0.027875
0 0.675161 0.466551 0.004757 0.010453
0 0.428304 0.476307 0.011893 0.036934
0 0.638124 0.456446 0.002718 0.005575
0 0.288991 0.455401 0.002379 0.007666
0 0.480122 0.447387 0.004077 0.018118
0 0.707102 0.435889 0.002039 0.003484
0 0.415562 0.445296 0.007475 0.025087
0 0.387700 0.431010 0.004077 0.009059
0 0.306320 0.421603 0.004417 0.011150
0 0.309038 0.401742 0.005776 0.018815
