0 0.601937 0.590244 0.002379 0.006969
0 0.611621 0.591289 0.008835 0.018815
0 0.410126 0.571080 0.010873 0.016028
0 0.637954 0.573519 0.024805 0.029268
0 0.658682 0.571080 0.007815 0.025784
0 0.369011 0.560627 0.002718 0.004878
0 0.343187 0.546341 0.004757 0.015331
0 0.330785 0.539024 0.006456 0.004878
0 0.336901 0.518815 0.000340 0.000697
0 0.339110 0.519512 0.003398 0.003484
0 0.595311 0.514634 0.004757 0.014634
0 0.523955 0.507317 0.002718 0.008362
0 0.734285 0.506272 0.008835 0.021603
0 0.617567 0.504878 0.008495 0.020209
0 0.661740 0.492334 0.003058 0.011847
0 0.353721 0.484321 0.003398 0.009756
0 0.656473 0.490941 0.006116 0.027178
0 0.345396 0.473519 0.007815 0.017422
0 0.712198 0.439024 0.024465 0.044599
0 0.293408 0.417770 0.006456 0.013240
