0 0.379715 0.649826 0.014611 0.029965
0 0.634896 0.626132 0.003058 0.006272
0 0.598369 0.636934 0.021067 0.041812
0 0.354910 0.620906 0.003738 0.011150
0 0.643221 0.611847 0.002718 0.005575
0 0.653075 0.611847 0.008835 0.015331
0 0.398913 0.600697 0.008155 0.009756
0 0.290690 0.609408 0.010533 0.027178
0 0.270642 0.598258 0.024805 0.073171
0 0.515460 0.547038 0.004757 0.020906
0 0.451580 0.530662 0.003398 0.010453
0 0.515630 0.524739 0.004417 0.012544
0 0.522426 0.527178 0.005097 0.021603
0 0.636595 0.506272 0.003058 0.003484
0 0.638124 0.493380 0.002039 0.005575
0 0.269793 0.494774 0.004077 0.011150
0 0.248726 0.474564 0.020387 0.052962
