0 0.553857 0.652613 0.004077 0.014634
0 0.467040 0.649826 0.005097 0.014634
0 0.473157 0.641463 0.003738 0.017422
0 0.409276 0.629268 0.007136 0.019512
0 0.372579 0.617770 0.009854 0.013240
0 0.318043 0.587108 0.004757 0.007666
0 0.531770 0.540767 0.004077 0.011150
0 0.455827 0.541463 0.005097 0.013937
0 0.462623 0.536934 0.002379 0.013240
0 0.590214 0.524042 0.004077 0.009756
0 0.618926 0.512892 0.004417 0.009756
0 0.398913 0.515331 0.014271 0.046690
0 0.357288 0.493380 0.007136 0.027875
0 0.332484 0.480836 0.009174 0.034843
