0 0.559463 0.555749 0.007815 0.020209
0 0.445464 0.544948 0.002039 0.011150
0 0.564900 0.535192 0.004417 0.012544
0 0.558614 0.534495 0.007475 0.016725
0 0.441726 0.528571 0.003398 0.007666
0 0.532790 0.525436 0.004757 0.020906
0 0.604315 0.489895 0.005097 0.008362
0 0.402650 0.484669 0.006796 0.021603
0 0.291539 0.455401 0.033299 0.043902
0 0.552328 0.412544 0.005776 0.023693
0 0.434421 0.399652 0.004417 0.011847
0 0.411995 0.395122 0.003058 0.013937
0 0.688923 0.393031 0.032960 0.048780
0 0.423378 0.394077 0.014271 0.050871
0 0.386171 0.363415 0.001699 0.004878
0 0.384472 0.354704 0.003738 0.008362
0 0.592932 0.369686 0.018349 0.046690
