0 0.406728 0.650174 0.006796 0.011150
0 0.362725 0.643554 0.015970 0.024390
0 0.370370 0.627875 0.019708 0.029268
0 0.671933 0.618815 0.020048 0.041812
0 0.332314 0.601394 0.014271 0.029268
0 0.402311 0.559233 0.006796 0.017422
0 0.393986 0.558885 0.011213 0.016725
0 0.714407 0.576655 0.039755 0.085714
0 0.412334 0.541812 0.012572 0.017422
0 0.641352 0.529617 0.004417 0.022300
0 0.344207 0.541812 0.016989 0.046690
0 0.334353 0.509756 0.002039 0.011847
0 0.676860 0.498606 0.003398 0.006272
0 0.728678 0.471429 0.023445 0.066202
0 0.706932 0.447038 0.008495 0.041115
