0 0.431023 0.612892 0.006456 0.006272
0 0.410126 0.602091 0.002718 0.004181
0 0.423208 0.604878 0.006456 0.013937
0 0.406048 0.599652 0.002718 0.006272
0 0.409786 0.582927 0.003398 0.004878
0 0.415223 0.593031 0.005437 0.032056
0 0.574244 0.575261 0.006796 0.011847
0 0.558444 0.526829 0.003738 0.004181
0 0.602956 0.527178 0.004417 0.011847
0 0.555556 0.519164 0.006116 0.005575
0 0.542474 0.504878 0.007136 0.017422
0 0.607204 0.494425 0.005437 0.020209
0 0.631498 0.506620 0.013931 0.054355
0 0.597180 0.476307 0.016650 0.016028
