0 0.439008 0.648084 0.004757 0.008362
0 0.654774 0.634843 0.004077 0.005575
0 0.604485 0.641812 0.006796 0.023693
0 0.629120 0.608711 0.002379 0.004878
0 0.594122 0.606969 0.016650 0.036237
0 0.708121 0.593380 0.006796 0.022997
0 0.393306 0.597561 0.011893 0.032753
0 0.292729 0.594077 0.013252 0.050871
0 0.707441 0.554704 0.004077 0.008362
0 0.389738 0.497909 0.003398 0.010453
0 0.394835 0.502091 0.005437 0.020209
0 0.384132 0.490244 0.005776 0.022997
0 0.362215 0.473171 0.002718 0.011150
0 0.359497 0.452613 0.003398 0.020209
