0 0.459225 0.656794 0.005776 0.009059
0 0.546381 0.650523 0.002039 0.006272
0 0.379715 0.643206 0.007815 0.011150
0 0.394495 0.644948 0.018349 0.034146
0 0.360686 0.614286 0.002379 0.006272
0 0.617567 0.604530 0.007136 0.009059
0 0.643221 0.605226 0.029222 0.066202
0 0.352192 0.572125 0.001699 0.004181
0 0.349473 0.563763 0.003058 0.005575
0 0.343187 0.564460 0.004077 0.009756
0 0.583418 0.531707 0.004077 0.008362
0 0.374448 0.516376 0.003398 0.009756
0 0.371899 0.503833 0.003058 0.006969
0 0.493204 0.499303 0.004417 0.021603
0 0.333333 0.491289 0.002718 0.011150
0 0.311927 0.494425 0.019708 0.038328
