0 0.576283 0.685366 0.004077 0.011847
0 0.546551 0.682578 0.008495 0.021603
0 0.385831 0.640070 0.007815 0.017422
0 0.610432 0.634146 0.003058 0.009756
0 0.600748 0.638676 0.005437 0.020209
0 0.699286 0.632056 0.012232 0.015331
0 0.342168 0.625087 0.002718 0.005575
0 0.632008 0.622648 0.003398 0.009059
0 0.599898 0.619512 0.005776 0.008362
0 0.643901 0.618467 0.004077 0.009059
0 0.295447 0.603833 0.011213 0.029965
0 0.449711 0.520557 0.003058 0.008362
0 0.605844 0.527875 0.014951 0.025784
0 0.411145 0.520209 0.019028 0.050871
0 0.384981 0.495470 0.002718 0.004181
0 0.658172 0.490244 0.008835 0.003484
