0 0.532790 0.656446 0.006796 0.023693
0 0.621984 0.649129 0.004417 0.010453
0 0.614509 0.648780 0.007136 0.018118
0 0.660381 0.642509 0.002379 0.006969
0 0.474686 0.639373 0.002718 0.011847
0 0.388549 0.639024 0.005776 0.013937
0 0.399592 0.634843 0.004077 0.013937
0 0.363405 0.624042 0.006456 0.013240
0 0.639823 0.622300 0.004077 0.013937
0 0.323819 0.605923 0.002039 0.006272
0 0.375637 0.619164 0.011213 0.048084
0 0.683486 0.593728 0.003058 0.005575
0 0.338600 0.592334 0.015970 0.055749
0 0.712029 0.511150 0.014611 0.038328
0 0.625892 0.508014 0.008835 0.037631
0 0.388379 0.504878 0.012912 0.050871
0 0.378016 0.486063 0.005097 0.013240
0 0.360347 0.482230 0.003738 0.013937
0 0.663609 0.483972 0.004757 0.027178
0 0.354230 0.474216 0.003058 0.020209
