0 0.573904 0.601742 0.004757 0.007666
0 0.547231 0.601394 0.005097 0.016725
0 0.379375 0.547038 0.003058 0.012544
0 0.378355 0.527526 0.007815 0.027875
0 0.293408 0.513589 0.003058 0.009756
0 0.661740 0.508014 0.003738 0.005575
0 0.321441 0.501045 0.004077 0.006969
0 0.692830 0.511150 0.014951 0.038328
0 0.285763 0.496516 0.005437 0.018815
0 0.706592 0.500348 0.018009 0.043206
0 0.677710 0.478746 0.003738 0.005575
0 0.411825 0.479791 0.004757 0.010453
0 0.404689 0.475610 0.006796 0.007666
0 0.413014 0.462369 0.006456 0.017422
0 0.390588 0.454007 0.004417 0.020209
0 0.283045 0.454355 0.023106 0.034843
0 0.700985 0.424042 0.012232 0.014634
