0 0.295107 0.576307 0.005097 0.012544
0 0.355080 0.575261 0.005437 0.022997
0 0.300544 0.559930 0.003738 0.014634
0 0.617227 0.539024 0.013931 0.009059
0 0.358478 0.539721 0.006116 0.010453
0 0.492864 0.505923 0.020727 0.041812
0 0.510703 0.502439 0.014271 0.039024
0 0.455827 0.465505 0.003058 0.013937
0 0.430173 0.464111 0.005437 0.013937
0 0.609922 0.467247 0.008155 0.038328
0 0.397893 0.453310 0.009514 0.011847
0 0.337920 0.442857 0.003058 0.013240
0 0.414543 0.446690 0.021067 0.025087
0 0.381074 0.447387 0.007815 0.027875
0 0.625382 0.440767 0.009174 0.018815
0 0.303432 0.417422 0.002039 0.004181
0 0.300883 0.421951 0.003058 0.014634
0 0.310907 0.444251 0.015630 0.066202
