0 0.331125 0.577352 0.018009 0.021603
0 0.620625 0.573868 0.007815 0.017422
0 0.323140 0.567247 0.004077 0.013937
0 0.616208 0.558537 0.002379 0.004878
0 0.312776 0.558885 0.015291 0.030662
0 0.402820 0.531359 0.003738 0.009059
0 0.369351 0.521254 0.005437 0.013937
0 0.608563 0.502439 0.002718 0.008362
0 0.602277 0.497909 0.005776 0.006272
0 0.324499 0.479791 0.003398 0.006272
0 0.370710 0.481533 0.003398 0.012544
0 0.583078 0.492334 0.004757 0.035540
0 0.333163 0.481185 0.005097 0.013240
0 0.628780 0.466551 0.007815 0.027178
