0 0.489467 0.569686 0.002379 0.003484
0 0.639484 0.563763 0.006116 0.006969
0 0.327727 0.554355 0.007136 0.007666
0 0.499490 0.537282 0.004077 0.005575
0 0.660381 0.550174 0.012572 0.032753
0 0.325518 0.539721 0.004077 0.013240
0 0.667686 0.537979 0.010873 0.013937
0 0.476555 0.535192 0.007815 0.011150
0 0.495923 0.528223 0.006456 0.020906
0 0.299015 0.518118 0.014271 0.035540
0 0.694529 0.509408 0.012912 0.023693
0 0.620795 0.493031 0.015630 0.028571
0 0.636595 0.489547 0.013931 0.022997
0 0.283045 0.435540 0.003398 0.006969
