0 0.508495 0.621951 0.003058 0.010453
0 0.497961 0.620557 0.002379 0.009059
0 0.386680 0.574216 0.003398 0.011150
0 0.379545 0.571429 0.002718 0.006969
0 0.631329 0.569686 0.006796 0.013240
0 0.334183 0.554355 0.002379 0.006272
0 0.700815 0.549826 0.003738 0.009756
0 0.706422 0.535889 0.007475 0.015331
0 0.301393 0.524042 0.007475 0.018118
0 0.607373 0.511150 0.009854 0.007666
0 0.293748 0.513937 0.009174 0.025784
0 0.595651 0.475261 0.006796 0.020906
0 0.432722 0.463066 0.000340 0.000697
0 0.423547 0.466551 0.018009 0.039721
0 0.425246 0.446341 0.000340 0.000697
0 0.673123 0.452613 0.007475 0.025784
0 0.681278 0.439721 0.005437 0.012544
0 0.349983 0.442857 0.005437 0.021603
