0 0.439517 0.610453 0.006456 0.032056
0 0.417091 0.615331 0.012572 0.052962
0 0.553517 0.593728 0.009514 0.018118
0 0.606184 0.606969 0.015630 0.054355
0 0.529392 0.582230 0.002718 0.014634
0 0.586137 0.588502 0.011553 0.032753
0 0.573564 0.590244 0.017669 0.061324
0 0.635406 0.482927 0.004077 0.013937
0 0.633707 0.453659 0.021747 0.033449
0 0.377506 0.444251 0.004757 0.022997
0 0.406558 0.462021 0.021407 0.061324
0 0.367142 0.440767 0.007136 0.020209
0 0.345736 0.450174 0.011213 0.041812
0 0.333333 0.448780 0.012232 0.041812
0 0.667516 0.425087 0.029562 0.064111
