0 0.354570 0.625087 0.003738 0.011150
0 0.375127 0.618118 0.002718 0.004181
0 0.646959 0.617422 0.016989 0.026481
0 0.676181 0.613240 0.019708 0.029268
0 0.350663 0.608711 0.006116 0.020209
0 0.361026 0.603136 0.010533 0.014634
0 0.494054 0.598258 0.005437 0.009059
0 0.694190 0.579443 0.007475 0.009059
0 0.329256 0.577003 0.006796 0.012544
0 0.427795 0.569686 0.004077 0.014634
0 0.304621 0.572474 0.023445 0.024390
0 0.294088 0.549129 0.005776 0.012544
0 0.720183 0.557840 0.013252 0.034146
0 0.686035 0.523693 0.005437 0.007666
