0 0.28330668006045173 0.42748944016242085 0.055432934675363296 0.06756703423772628
0 0.28330668006045173 0.42748944016242085 0.055432934675363296 0.06756703423772628
0 0.3103231660566338 0.3976121730435577 0.014371582670272609 0.027463665946843907
0 0.3103231660566338 0.3976121730435577 0.014371582670272609 0.027463665946843907
0 0.6205788660486796 0.3190926426633428 0.022293170671545327 0.03733931369509049
0 0.6205788660486796 0.3190926426633428 0.022293170671545327 0.03733931369509049
0 0.6588419347151341 0.31507696869693447 0.05903064934754489 0.1083922933370249
0 0.6588419347151341 0.31507696869693447 0.05903064934754489 0.1083922933370249
0 0.6991038553866794 0.3484611651808768 0.028652258672817864 0.047114831893687814
0 0.6991038553866794 0.3484611651808768 0.028652258672817864 0.047114831893687814
0 0.6475055400620426 0.41587800509412903 0.011282945337363515 0.030388406847545114
0 0.6475055400620426 0.41587800509412903 0.011282945337363515 0.030388406847545114