0 0.3688408139113803 0.48568326299011416 0.010677390871793336 0.018338605258464823
0 0.3688408139113803 0.48568326299011416 0.010677390871793336 0.018338605258464823
0 0.4204149693053207 0.4819540173498755 0.01787458423309758 0.03160600876410804
0 0.4204149693053207 0.4819540173498755 0.01787458423309758 0.03160600876410804
0 0.46314692096499466 0.48410491645117215 0.016785680913749525 0.03766415788769706
0 0.46314692096499466 0.48410491645117215 0.016785680913749525 0.03766415788769706
0 0.48351862055007616 0.4873802278445124 0.013068685062934548 0.02946795613487545
0 0.48351862055007616 0.4873802278445124 0.013068685062934548 0.02946795613487545
0 0.4929528201351577 0.48931258310297726 0.012950285892771519 0.02790545613487545
0 0.4929528201351577 0.48931258310297726 0.012950285892771519 0.02790545613487545
0 0.6953333815477383 0.5861420435307366 0.01619368506293455 0.02985165788769706
0 0.6953333815477383 0.5861420435307366 0.01619368506293455 0.02985165788769706
0 0.36122737822374595 0.3647813638665249 0.012476689212119307 0.02165545613487545
0 0.36122737822374595 0.3647813638665249 0.012476689212119307 0.02165545613487545