0 0.502223381962138 0.21086361568164885 0.03455681333545435 0.020252319799084085
0 0.502223381962138 0.21086361568164885 0.03455681333545435 0.020252319799084085
0 0.4953648546308198 0.1969663629132797 0.015752269334818082 0.013040827181401937
0 0.4953648546308198 0.1969663629132797 0.015752269334818082 0.013040827181401937
0 0.5774484592616396 0.44956572977463943 0.018840906667727354 0.010336492617682325
0 0.5774484592616396 0.44956572977463943 0.018840906667727354 0.010336492617682325
0 0.5845882499204582 0.5063265661839385 0.040861357336090795 0.025781150671645037
0 0.5845882499204582 0.5063265661839385 0.040861357336090795 0.025781150671645037
0 0.5695257765754588 0.5941570606472002 0.017296588001272716 0.01168865989954213
0 0.5695257765754588 0.5941570606472002 0.017296588001272716 0.01168865989954213
0 0.5717513479074133 0.6039978115699899 0.015715906667727174 0.009915827181401937
0 0.5717513479074133 0.6039978115699899 0.015715906667727174 0.009915827181401937
0 0.6540365892345955 0.6381626775085598 0.02200226933481808 0.013882158053962711
0 0.6540365892345955 0.6381626775085598 0.02200226933481808 0.013882158053962711
0 0.6603684052355498 0.630290096635999 0.02198408800127254 0.012319658053962712
0 0.6603684052355498 0.630290096635999 0.02198408800127254 0.012319658053962712
0 0.6913371419080497 0.5832198586322654 0.033048857336090795 0.02472948708094407
0 0.6913371419080497 0.5832198586322654 0.033048857336090795 0.02472948708094407
0 0.6969513425764132 0.5699836941187748 0.02514545066836362 0.0158653234902431
0 0.6969513425764132 0.5699836941187748 0.02514545066836362 0.0158653234902431
0 0.5674131246419557 0.10536497423790112 0.034647720003181705 0.02806481979908417