0 0.4581939768313187 0.3617213793212373 0.021715503333979848 0.017778533386094874
0 0.4581939768313187 0.3617213793212373 0.021715503333979848 0.017778533386094874
0 0.4486594801652986 0.3785906305748785 0.04030600666795969 0.035466138558944316
0 0.4486594801652986 0.3785906305748785 0.04030600666795969 0.035466138558944316
0 0.3954388853160496 0.35677781505633005 0.022895366061076318 0.013136497492717503
0 0.3954388853160496 0.35677781505633005 0.022895366061076318 0.013136497492717503
0 0.4141093948589473 0.2895137587089816 0.015210411818710768 0.014471676959604097
0 0.4141093948589473 0.2895137587089816 0.015210411818710768 0.014471676959604097
0 0.3983089227387344 0.3155534214828208 0.01833541181871077 0.014562605172849529
0 0.3983089227387344 0.3155534214828208 0.01833541181871077 0.014562605172849529
0 0.39220218607465396 0.38396244068315066 0.01639027454580715 0.009829641066226812
0 0.39220218607465396 0.38396244068315066 0.01639027454580715 0.009829641066226812
0 0.40806591532186853 0.5114653150563301 0.023533094849248926 0.02094899749271768
0 0.40806591532186853 0.5114653150563301 0.023533094849248926 0.02094899749271768
0 0.39083010214542857 0.6535929790838104 0.019642820303441777 0.011483069279472246
0 0.39083010214542857 0.6535929790838104 0.019642820303441777 0.011483069279472246