0 0.350504088403832 0.4009394572864813 0.05127333992388783 0.03533146424430509
0 0.350504088403832 0.4009394572864813 0.05127333992388783 0.03533146424430509
0 0.33830783593237407 0.4117016141042223 0.06409167490485981 0.0441643303053814
0 0.33830783593237407 0.4117016141042223 0.06409167490485981 0.0441643303053814
0 0.29673846536240783 0.5854581074362625 0.030387836958138337 0.019610869395056164
0 0.29673846536240783 0.5854581074362625 0.030387836958138337 0.019610869395056164
0 0.2932632968833387 0.5937967659209933 0.03520267095052709 0.02311850666795969
0 0.2932632968833387 0.5937967659209933 0.03520267095052709 0.02311850666795969
0 0.29451012049560416 0.6401456074362624 0.03839133794672147 0.02493609818322895
0 0.29451012049560416 0.6401456074362624 0.03839133794672147 0.02493609818322895
0 0.38810095300511815 0.6517046028943346 0.03995383794672147 0.0250636439408634