0 0.23471138710372572 0.4616711072963199 0.01868609818322886 0.03768181333545435
0 0.23471138710372572 0.4616711072963199 0.01868609818322886 0.03768181333545435
0 0.3672686666505028 0.425005806612048 0.008673369395056163 0.029760225334181812
0 0.3672686666505028 0.425005806612048 0.008673369395056163 0.029760225334181812
0 0.4131391471056654 0.4080813886060028 0.013615960910325242 0.032939769334818084
0 0.4131391471056654 0.4080813886060028 0.013615960910325242 0.032939769334818084
0 0.4331965555903963 0.410970031269912 0.008418277879787084 0.026635225334181813
0 0.4331965555903963 0.410970031269912 0.008418277879787084 0.026635225334181813
0 0.44113660134803095 0.4093166246021848 0.009853232122152633 0.025090906667727352
0 0.44113660134803095 0.4093166246021848 0.009853232122152633 0.025090906667727352
0 0.463776875893838 0.3996870859325486 0.009853232122152633 0.025090906667727175
0 0.463776875893838 0.3996870859325486 0.009853232122152633 0.025090906667727175
0 0.5225938954386755 0.415393354591049 0.042346738790112325 0.05981135200509069
0 0.5225938954386755 0.415393354591049 0.042346738790112325 0.05981135200509069
0 0.6070007174091071 0.39489849391314036 0.015050915152690792 0.031395450668363536
0 0.6070007174091071 0.39489849391314036 0.015050915152690792 0.031395450668363536
0 0.6311556945302899 0.39539793324318595 0.026179604851188643 0.0721113573360908
0 0.6311556945302899 0.39539793324318595 0.026179604851188643 0.0721113573360908
0 0.6686716699844826 0.40432749057132256 0.020503689698497852 0.040824994668999894
0 0.6686716699844826 0.40432749057132256 0.020503689698497852 0.040824994668999894
0 0.5773925789282556 0.28909393658500376 0.016868506667959693 0.034538632001908987
0 0.5773925789282556 0.28909393658500376 0.016868506667959693 0.034538632001908987
0 0.3537957112001893 0.3127694359484569 0.01399859818322886 0.03762726933481808
0 0.3537957112001893 0.3127694359484569 0.01399859818322886 0.03762726933481808
0 0.31200682392728574 0.3179387412874112 0.02375623545613248 0.042423857336090796
0 0.31200682392728574 0.3179387412874112 0.02375623545613248 0.042423857336090796
0 0.2635693239272857 0.31850236262731996 0.024649055759574167 0.0533613573360908