0 0.26549879949177235 0.534375 0.059419773606936135 0.08125
0 0.26549879949177235 0.534375 0.059419773606936135 0.08125
0 0.3212559758283665 0.5125 0.01891659997176518 0.0296875
0 0.3212559758283665 0.5125 0.01891659997176518 0.0296875
0 0.36100872056669464 0.5109375 0.03572466837349921 0.05
0 0.36100872056669464 0.5109375 0.03572466837349921 0.05
0 0.3300317363517102 0.515625 0.01533657366340586 0.021875
0 0.3300317363517102 0.515625 0.01533657366340586 0.021875
0 0.3764440047675617 0.52109375 0.07163134727034208 0.103125
0 0.3764440047675617 0.52109375 0.07163134727034208 0.103125
0 0.596073236281123 0.58984375 0.04077618942018653 0.05625
0 0.596073236281123 0.58984375 0.04077618942018653 0.05625
0 0.6546816678088018 0.64375 0.020297089448421346 0.0265625
0 0.6546816678088018 0.64375 0.020297089448421346 0.0265625
0 0.6619404309629815 0.64765625 0.018734589448421345 0.0265625
0 0.6619404309629815 0.64765625 0.018734589448421345 0.0265625
0 0.7267617941595134 0.60703125 0.044917657850155376 0.046875
0 0.7267617941595134 0.60703125 0.044917657850155376 0.046875
0 0.6711649705666947 0.5109375 0.05970819994353036 0.059375
0 0.6711649705666947 0.5109375 0.05970819994353036 0.059375
0 0.3509974127588915 0.41953125 0.05483868942018653 0.05625
0 0.3509974127588915 0.41953125 0.05483868942018653 0.05625
0 0.3072775048381488 0.446875 0.05694722099021767 0.065625