0 0.6190654366247748 0.333965047983465 0.07249316534054522 0.05605368182494201
0 0.6190654366247748 0.333965047983465 0.07249316534054522 0.05605368182494201
0 0.49988598591664013 0.6347224402650801 0.04556703866963616 0.02372134288963732
0 0.49988598591664013 0.6347224402650801 0.04556703866963616 0.02372134288963732
0 0.5067899665818221 0.6459464417479548 0.03619203866963616 0.023339340912470873
0 0.5067899665818221 0.6459464417479548 0.03619203866963616 0.023339340912470873
0 0.5732320319064589 0.7127466225843136 0.05345226400381797 0.03028967787060921
0 0.5732320319064589 0.7127466225843136 0.05345226400381797 0.03028967787060921
0 0.5907195239099587 0.687665709542452 0.04244203866963616 0.023594008897248563
0 0.5907195239099587 0.687665709542452 0.04244203866963616 0.023594008897248563
0 0.5797456612428679 0.6903450405690912 0.03459317600254543 0.020150673916276673
0 0.5797456612428679 0.6903450405690912 0.03459317600254543 0.020150673916276673
0 0.6673927539385938 0.47975239186168556 0.034611357336090796 0.021713173916276675
0 0.6673927539385938 0.47975239186168556 0.034611357336090796 0.021713173916276675
0 0.6628416139401845 0.4678426408731024 0.02988749466899989 0.018397172927693363
0 0.6628416139401845 0.4678426408731024 0.02988749466899989 0.018397172927693363