0 0.5156316937519657 0.6058906073765413 0.010175520678164319 0.018449496308841164
0 0.5156316937519657 0.6058906073765413 0.010175520678164319 0.018449496308841164
0 0.5296941937519657 0.6039976129132797 0.01359161910658777 0.02512016174512155
0 0.5296941937519657 0.6039976129132797 0.01359161910658777 0.02512016174512155
0 0.5390691937519657 0.6027356166044386 0.010248295285270359 0.02001199630884116
0 0.5390691937519657 0.6027356166044386 0.010248295285270359 0.02001199630884116
0 0.5895229580199894 0.5888685532648824 0.013446069892376223 0.02199516174512155
0 0.5895229580199894 0.5888685532648824 0.013446069892376223 0.02199516174512155
0 0.5964086588057776 0.5847970560332516 0.010175520678164495 0.018449496308841164
0 0.5964086588057776 0.5847970560332516 0.010175520678164495 0.018449496308841164
0 0.6891055810555187 0.5833249256629804 0.009957196856846906 0.013761996308841163
0 0.6891055810555187 0.5833249256629804 0.009957196856846906 0.013761996308841163
0 0.7012053207164365 0.5730485139178589 0.01293664764263518 0.01105766174512155
0 0.7012053207164365 0.5730485139178589 0.01293664764263518 0.01105766174512155
0 0.7160490707164364 0.5710503530955272 0.008321922249741043 0.011989163590700968
0 0.7160490707164364 0.5710503530955272 0.008321922249741043 0.011989163590700968
0 0.7312010357702483 0.5587907759141253 0.0215496683207995 0.029296825335822518
0 0.7312010357702483 0.5587907759141253 0.0215496683207995 0.029296825335822518
0 0.6951158325032607 0.5266993457132093 0.01337329528527036 0.02043266174512155
0 0.6951158325032607 0.5266993457132093 0.01337329528527036 0.02043266174512155
0 0.7217125657540377 0.490100856786686 0.010102746071058632 0.016886996308841162
0 0.7217125657540377 0.490100856786686 0.010102746071058632 0.016886996308841162
0 0.7562502315936379 0.47208712062853164 0.01784247146395277 0.01637615989954213
0 0.7562502315936379 0.47208712062853164 0.01784247146395277 0.01637615989954213
0 0.7385768881276132 0.5483641123234243 0.013082196856846907 0.01418266174512155