0 0.47836813849206444 0.39866894894795246 0.02560077729789594 0.01097707279438911
0 0.47836813849206444 0.39866894894795246 0.02560077729789594 0.01097707279438911
0 0.4812626010151357 0.4074128932724264 0.022375647748246585 0.00921431369509058
0 0.4812626010151357 0.4074128932724264 0.022375647748246585 0.00921431369509058
0 0.4771956647102262 0.42893743984865385 0.03351340684754529 0.013040220542635695
0 0.4771956647102262 0.42893743984865385 0.03351340684754529 0.013040220542635695
0 0.48149313849206443 0.39886920804725107 0.025500647748246584 0.00941457279438911
0 0.48149313849206443 0.39886920804725107 0.025500647748246584 0.00941457279438911
0 0.43699906615910067 0.5422897385843495 0.02560077729789594 0.010977072794389286
0 0.43699906615910067 0.5422897385843495 0.02560077729789594 0.010977072794389286
0 0.3727525007659671 0.7295708906515328 0.05642927513842757 0.054966904688076926
0 0.3727525007659671 0.7295708906515328 0.05642927513842757 0.054966904688076926
0 0.36388983805832575 0.6519768167774094 0.03215116594684382 0.016065090992986343
0 0.36388983805832575 0.6519768167774094 0.03215116594684382 0.016065090992986343
0 0.36470136643595585 0.6403581963270588 0.028926036397194554 0.014302331893687814
0 0.36470136643595585 0.6403581963270588 0.028926036397194554 0.014302331893687814
0 0.32515110579549766 0.4845494848837217 0.041626295496493174 0.01822836829088228
0 0.32515110579549766 0.4845494848837217 0.041626295496493174 0.01822836829088228
0 0.3329938841731278 0.47338144740679294 0.04631379549649317 0.01852875693983034
0 0.3329938841731278 0.47338144740679294 0.04631379549649317 0.01852875693983034
0 0.33148144894795245 0.4740625678571437 0.049338665946843815 0.017166516039128867
0 0.33148144894795245 0.4740625678571437 0.049338665946843815 0.017166516039128867
0 0.34533439543189476 0.4352701781284615 0.05755168414544123 0.023917163787375628
0 0.34533439543189476 0.4352701781284615 0.05755168414544123 0.023917163787375628
0 0.32387040561092756 0.4159997439830203 0.028725777297895938 0.011177331893687813
0 0.32387040561092756 0.4159997439830203 0.028725777297895938 0.011177331893687813
0 0.31652947254522057 0.37429310533407234 0.035176036397194556 0.014702850092285048
0 0.31652947254522057 0.37429310533407234 0.035176036397194556 0.014702850092285048
0 0.35332856569767535 0.3657587145256561 0.03235142504614252 0.01919009099298643