0 0.38618260187874415 0.45493794882672284 0.021709979254075584 0.03971726442797028
0 0.38618260187874415 0.45493794882672284 0.021709979254075584 0.03971726442797028
0 0.6759070300932014 0.391554972788522 0.018584979254075585 0.039608137023308565
0 0.6759070300932014 0.391554972788522 0.018584979254075585 0.039608137023308565
0 0.6845599796782829 0.39203612242570224 0.018229781743586672 0.03492063702330857
0 0.6845599796782829 0.39203612242570224 0.018229781743586672 0.03492063702330857
0 0.745545023869424 0.4008729198859643 0.018489890871793334 0.017787700725639333
0 0.745545023869424 0.4008729198859643 0.018489890871793334 0.017787700725639333
0 0.7413535087225771 0.3352206380347989 0.012595088382282427 0.022256945916315996
0 0.7413535087225771 0.3352206380347989 0.012595088382282427 0.022256945916315996
0 0.6448327836176863 0.29159217832348483 0.018348180913749523 0.03648313702330856
0 0.6448327836176863 0.29159217832348483 0.018348180913749523 0.03648313702330856
0 0.6323919832027678 0.29280993794213167 0.018348180913749523 0.03648313702330856
0 0.6323919832027678 0.29280993794213167 0.018348180913749523 0.03648313702330856
0 0.6001122794685014 0.30098702569107966 0.023272479254075586 0.03977182813030113
0 0.6001122794685014 0.30098702569107966 0.023272479254075586 0.03977182813030113
0 0.5884527290535829 0.3021775034585611 0.019792281743586493 0.03497520072563933
0 0.5884527290535829 0.3021775034585611 0.019792281743586493 0.03497520072563933
0 0.5705431786386644 0.3035862360353659 0.0178745842330974 0.030233137023308564
0 0.5705431786386644 0.3035862360353659 0.0178745842330974 0.030233137023308564
0 0.5644707773939089 0.3061482408446893 0.016430483403260608 0.03174107332097771
0 0.5644707773939089 0.3061482408446893 0.016430483403260608 0.03174107332097771
0 0.3879208554032291 0.3538293166127377 0.022680483403260433 0.03195932813030104
0 0.3879208554032291 0.3538293166127377 0.022680483403260433 0.03195932813030104
0 0.3002558346573047 0.3960565113479274 0.016548882573423462 0.03330357332097762