0 0.44838876261141164 0.42813588606069863 0.04404090133672707 0.027037688998963992
0 0.44838876261141164 0.42813588606069863 0.04404090133672707 0.027037688998963992
0 0.37190807861236613 0.4175386803125116 0.07091248400699968 0.05483735731976367
0 0.37190807861236613 0.4175386803125116 0.07091248400699968 0.05483735731976367
0 0.3446450499284124 0.543681649295265 0.08522952267663593 0.07736732878371626
0 0.3446450499284124 0.543681649295265 0.08522952267663593 0.07736732878371626
0 0.35290244525782166 0.5729881596343472 0.03459317600254534 0.020351041356328814
0 0.35290244525782166 0.5729881596343472 0.03459317600254534 0.020351041356328814
0 0.568424711211051 0.9277442419327201 0.06771475867281787 0.048441808105551584
0 0.568424711211051 0.9277442419327201 0.06771475867281787 0.048441808105551584
0 0.6540445852164599 0.8918667080199894 0.07247498400699967 0.05491013192686935
0 0.6540445852164599 0.8918667080199894 0.07247498400699967 0.05491013192686935
0 0.6261923052196415 0.867119265092084 0.0408977200031817 0.02532963978475209
0 0.6261923052196415 0.867119265092084 0.0408977200031817 0.02532963978475209
0 0.44691607459423055 0.5546983860606987 0.033048857336090795 0.021840766749222952
0 0.44691607459423055 0.5546983860606987 0.033048857336090795 0.021840766749222952
0 0.4442819705999576 0.5123653368464869 0.04400453866963616 0.023912688998963993