0 0.41545779446121 0.6579033139113803 0.06410104135632899 0.03911096680652086
0 0.41545779446121 0.6579033139113803 0.06410104135632899 0.03911096680652086
0 0.42477079011798385 0.49161546308154336 0.04476884449948208 0.025190176764564677
0 0.42477079011798385 0.49161546308154336 0.04476884449948208 0.025190176764564677
0 0.45073840053811925 0.13607585810252149 0.06700771753501122 0.034660265146847016
0 0.45073840053811925 0.13607585810252149 0.06700771753501122 0.034660265146847016
0 0.46707402998378933 0.10516940021907022 0.08819351282028158 0.054949454358966324
0 0.46707402998378933 0.10516940021907022 0.08819351282028158 0.054949454358966324
0 0.34690707919800107 0.09292766411651737 0.08401543507002263 0.06553175684847726
0 0.34690707919800107 0.09292766411651737 0.08401543507002263 0.06553175684847726
0 0.3367486751452251 0.12587021868062073 0.025509422249741044 0.0128318867226084
0 0.3367486751452251 0.12587021868062073 0.025509422249741044 0.0128318867226084
0 0.3027331242783836 0.469039878223746 0.03346747146395277 0.016548882573423462
0 0.3027331242783836 0.469039878223746 0.03346747146395277 0.016548882573423462