0 0.6389933919080496 0.69616589014179 0.044059082670272434 0.027835494985435007
0 0.6389933919080496 0.69616589014179 0.044059082670272434 0.027835494985435007
0 0.6425269245703681 0.7283108004083466 0.03462953866963616 0.02287521034569906
0 0.6425269245703681 0.7283108004083466 0.03462953866963616 0.02287521034569906
0 0.5869870912635486 0.5313161284633074 0.023564769334818082 0.01161946159934022
0 0.5869870912635486 0.5313161284633074 0.023564769334818082 0.01161946159934022
0 0.5319921506206384 0.3546566885715796 0.02205681333545435 0.016261497492717502
0 0.5319921506206384 0.3546566885715796 0.02205681333545435 0.016261497492717502
0 0.5192199779599109 0.31052024366528685 0.036155676002545434 0.019795674452321686
0 0.5192199779599109 0.31052024366528685 0.036155676002545434 0.019795674452321686
0 0.5102176952975925 0.2782162090255508 0.014298857336090797 0.020721676959604095
0 0.5102176952975925 0.2782162090255508 0.014298857336090797 0.020721676959604095
0 0.5169489532940927 0.3042020475053528 0.02518181333545435 0.016352425705962938
0 0.5169489532940927 0.3042020475053528 0.02518181333545435 0.016352425705962938
0 0.6252614399665924 0.2643703208623178 0.036210220003181706 0.024483174452321687
0 0.6252614399665924 0.2643703208623178 0.036210220003181706 0.024483174452321687
0 0.6663676979630926 0.29135636968781886 0.025218176002545434 0.019477425705962937
0 0.6663676979630926 0.29135636968781886 0.025218176002545434 0.019477425705962937
0 0.741855857256549 0.5874023070722643 0.08822725334181776 0.06504598997087001