0 0.6386445251670987 0.6763766995916534 0.02694432954530477 0.022647889812585476
0 0.6386445251670987 0.6763766995916534 0.02694432954530477 0.022647889812585476
0 0.6533888636408572 0.6369050226320492 0.055232970779006865 0.03284124373179385
0 0.6533888636408572 0.6369050226320492 0.055232970779006865 0.03284124373179385
0 0.6602019253292545 0.649200434152247 0.03626478246740419 0.019795674452321776
0 0.6602019253292545 0.649200434152247 0.03626478246740419 0.019795674452321776
0 0.6335435625024715 0.34231994833801205 0.02680796185055314 0.014835389812585564
0 0.6335435625024715 0.34231994833801205 0.02680796185055314 0.014835389812585564
0 0.6154481274372796 0.30536551761748426 0.0725295649348082 0.03959134890464337
0 0.6154481274372796 0.30536551761748426 0.0725295649348082 0.03959134890464337
0 0.6094163157488823 0.29304737404397496 0.04415910308425523 0.024710494985435004
0 0.6094163157488823 0.29304737404397496 0.04415910308425523 0.024710494985435004
0 0.537851007306896 0.23266145500192964 0.020694329545304768 0.022466033386094875
0 0.537851007306896 0.23266145500192964 0.020694329545304768 0.022466033386094875
0 0.5207259626646272 0.3190535960681565 0.02686250892845372 0.017960389812585565
0 0.5207259626646272 0.3190535960681565 0.02686250892845372 0.017960389812585565
0 0.48977597159308106 0.30277537820061007 0.034647735389503255 0.01662521034569897