0 0.22880011363783975 0.620509762140701 0.02318519448207601 0.02563649749271768
0 0.22880011363783975 0.620509762140701 0.02318519448207601 0.02563649749271768
0 0.3356808774326497 0.679804542623802 0.018825243102595035 0.03175010517284953
0 0.3356808774326497 0.679804542623802 0.018825243102595035 0.03175010517284953
0 0.683934670964786 0.583864939166812 0.018415807326946164 0.02393760517284953
0 0.683934670964786 0.583864939166812 0.018415807326946164 0.02393760517284953
0 0.7011974140673811 0.5521602981005852 0.020060194482076098 0.025545569279472248
0 0.7011974140673811 0.5521602981005852 0.020060194482076098 0.025545569279472248
0 0.7415225209193574 0.4971629095416409 0.050068599050060315 0.06230142319868044
0 0.7415225209193574 0.4971629095416409 0.050068599050060315 0.06230142319868044
0 0.6492940773417926 0.5006265418323791 0.01759029172311415 0.03795464106622681