0 0.5042900477144885 0.3770469991668207 0.07104582363742154 0.03293246832111638
0 0.5042900477144885 0.3770469991668207 0.07104582363742154 0.03293246832111638
0 0.5688789640751273 0.46170585845342965 0.05296550333398002 0.02079310124083733
0 0.5688789640751273 0.46170585845342965 0.05296550333398002 0.02079310124083733
0 0.5812833692258783 0.4830017042463853 0.0497129575763454 0.019012079953513707
0 0.5812833692258783 0.4830017042463853 0.0497129575763454 0.019012079953513707
0 0.5965896337697458 0.5265003319703261 0.03683032030344187 0.013450494804219915
0 0.5965896337697458 0.5265003319703261 0.03683032030344187 0.013450494804219915
0 0.4631243320930576 0.7850944459485121 0.06061850666795969 0.03841764381548422
0 0.4631243320930576 0.7850944459485121 0.06061850666795969 0.03841764381548422
0 0.6478018342190894 0.6691520077167956 0.047480777879787085 0.029731058666190434
0 0.6478018342190894 0.6691520077167956 0.047480777879787085 0.029731058666190434
0 0.6613859731589831 0.6567448428660894 0.051530549091614475 0.022246340597175517
0 0.6613859731589831 0.6567448428660894 0.051530549091614475 0.022246340597175517
0 0.5656097981735305 0.26112135040765805 0.026020366061076317 0.01424817029858776