0 0.47272304391202924 0.35274330393604425 0.027436585149293792 0.013892081637205766
0 0.47272304391202924 0.35274330393604425 0.027436585149293792 0.013892081637205766
0 0.4323333546719065 0.47395324061620414 0.05734260643661741 0.018572937584671222
0 0.4323333546719065 0.47395324061620414 0.05734260643661741 0.018572937584671222
0 0.49729244711066745 0.6581401328597166 0.06402964901126432 0.02515048620519007
0 0.49729244711066745 0.6581401328597166 0.06402964901126432 0.02515048620519007
0 0.40862878485785137 0.6682355071245476 0.06279493094224957 0.029756099050060315
0 0.40862878485785137 0.6682355071245476 0.06279493094224957 0.029756099050060315
0 0.35606614959234195 0.562794412597043 0.04963936708027905 0.019726001809022266
0 0.35606614959234195 0.562794412597043 0.04963936708027905 0.019726001809022266
0 0.3630313336366846 0.4075303804848674 0.06402964901126432 0.02515048620519007
0 0.3630313336366846 0.4075303804848674 0.06402964901126432 0.02515048620519007
0 0.39309017423386017 0.3561382988476616 0.06468521287323466 0.03452548620519007
0 0.39309017423386017 0.3561382988476616 0.06468521287323466 0.03452548620519007
0 0.44813258933666783 0.29253946630594474 0.053747712873234835 0.033952276119281775
0 0.44813258933666783 0.29253946630594474 0.053747712873234835 0.033952276119281775
0 0.41224436581977136 0.32711254014123436 0.020858803218308707 0.00887703301668683
0 0.41224436581977136 0.32711254014123436 0.020858803218308707 0.00887703301668683
0 0.4236189083944183 0.3202893300553261 0.025764824505632156 0.012247694482076011