0 0.3257180958698302 0.7360859282822723 0.08031021287323466 0.0317045179539809
0 0.3257180958698302 0.7360859282822723 0.08031021287323466 0.0317045179539809
0 0.36878503485785136 0.689760374125742 0.028780563861970344 0.009538626463433175
0 0.36878503485785136 0.689760374125742 0.028780563861970344 0.009538626463433175
0 0.386251040305733 0.6521740157144856 0.04818612772394086 0.019022710772388506
0 0.386251040305733 0.6521740157144856 0.04818612772394086 0.019022710772388506
0 0.3686593487198218 0.6803899193052819 0.022312042574646897 0.0063772650271147315
0 0.3686593487198218 0.6803899193052819 0.022312042574646897 0.0063772650271147315
0 0.3827654073860121 0.6350137867917246 0.10385697351689638 0.03340337334017516
0 0.3827654073860121 0.6350137867917246 0.10385697351689638 0.03340337334017516
0 0.4079285703951328 0.4091779946372469 0.0545453883676025 0.020621572208706952
0 0.4079285703951328 0.4091779946372469 0.0545453883676025 0.020621572208706952
0 0.3816499296817418 0.33826605181883923 0.025764824505632156 0.011082945745273954
0 0.3816499296817418 0.33826605181883923 0.025764824505632156 0.011082945745273954
0 0.3798524829000504 0.3304671873574586 0.02565556386197034 0.009520445745273864
0 0.3798524829000504 0.3304671873574586 0.02565556386197034 0.009520445745273864
0 0.445012943175395 0.2808893681738137 0.04281021287323483 0.031486349336070064
0 0.445012943175395 0.2808893681738137 0.04281021287323483 0.031486349336070064
0 0.5128781503486466 0.3601496212970717 0.05295003737886681 0.04247839149054773
0 0.5128781503486466 0.3601496212970717 0.05295003737886681 0.04247839149054773
0 0.468167675823344 0.6868393863241863 0.04960651609154336 0.03933521077238851
0 0.468167675823344 0.6868393863241863 0.04960651609154336 0.03933521077238851
0 0.4244123219846167 0.7206740308397962 0.06032549480421991 0.03627384328594587