0 0.3554332415537158 0.6655868200918745 0.031005959092057722 0.048083947171349097
0 0.3554332415537158 0.6655868200918745 0.031005959092057722 0.048083947171349097
0 0.3882253580093364 0.5810548431784348 0.03859113855894432 0.041000775374335774
0 0.3882253580093364 0.5810548431784348 0.03859113855894432 0.041000775374335774
0 0.40835600158284563 0.5729085898506696 0.021221782132453626 0.03314625332776515
0 0.40835600158284563 0.5729085898506696 0.021221782132453626 0.03314625332776515
0 0.7514862244649569 0.4656722832786616 0.019568353919208192 0.02987538768716789
0 0.7514862244649569 0.4656722832786616 0.019568353919208192 0.02987538768716789
0 0.6438208254811714 0.37310153119868217 0.06638116943775678 0.08566799126449016
0 0.6438208254811714 0.37310153119868217 0.06638116943775678 0.08566799126449016
0 0.6060707728947465 0.36800855657301784 0.027790030878812468 0.044667215890154474
0 0.6060707728947465 0.36800855657301784 0.027790030878812468 0.044667215890154474
0 0.39752013849243734 0.4697316680536563 0.024574102665567032 0.04125048460895968
0 0.39752013849243734 0.4697316680536563 0.024574102665567032 0.04125048460895968
0 0.37873904625171156 0.4973362385611228 0.032659387305303156 0.05135481281194636
0 0.37873904625171156 0.4973362385611228 0.032659387305303156 0.05135481281194636
0 0.35382161427754255 0.5294305216309786 0.03431281551854841 0.054625678452543805
0 0.35382161427754255 0.5294305216309786 0.03431281551854841 0.054625678452543805
0 0.34391541686396726 0.5389723982948611 0.02292067445232169 0.03797961896836242
0 0.34391541686396726 0.5389723982948611 0.02292067445232169 0.03797961896836242
0 0.30768005166198786 0.6128586064894955 0.046949207838416565 0.060480103577322454