0 0.6016715748357393 0.6842281847232121 0.07617152073518518 0.035527247298576904
0 0.6016715748357393 0.6842281847232121 0.07617152073518518 0.035527247298576904
0 0.5129851814328699 0.2449528530967112 0.07331992280870363 0.038470236775233244
0 0.5129851814328699 0.2449528530967112 0.07331992280870363 0.038470236775233244
0 0.6427792796421753 0.31041968742463516 0.04001940725731483 0.013212631541796239
0 0.6427792796421753 0.31041968742463516 0.04001940725731483 0.013212631541796239
0 0.6540386998589808 0.34038790848544 0.03376940725731466 0.012848610495108836
0 0.6540386998589808 0.34038790848544 0.03376940725731466 0.012848610495108836
0 0.6756572960420358 0.5605639005929322 0.026093608294074144 0.013956084186749606
0 0.6756572960420358 0.5605639005929322 0.026093608294074144 0.013956084186749606
0 0.6796025022625913 0.5697568900695885 0.01800770622055552 0.010376057878390377
0 0.6796025022625913 0.5697568900695885 0.01800770622055552 0.010376057878390377