0 0.598409594992442 0.1969763874281969 0.07451415258848364 0.05371348264199218
0 0.598409594992442 0.1969763874281969 0.07451415258848364 0.05371348264199218
0 0.5891333055299031 0.20969960274408725 0.029217063140062293 0.022037341033823044
0 0.5891333055299031 0.20969960274408725 0.029217063140062293 0.022037341033823044
0 0.5809659478068046 0.38989440765793537 0.03537605787839038 0.02120536126356143
0 0.5809659478068046 0.38989440765793537 0.03537605787839038 0.02120536126356143
0 0.44476459534537777 0.5835023772814217 0.030779563140062294 0.022219971091257663
0 0.44476459534537777 0.5835023772814217 0.030779563140062294 0.022219971091257663
0 0.3839335111586283 0.6154423194639371 0.048786110495108836 0.038291401723038375
0 0.3839335111586283 0.6154423194639371 0.048786110495108836 0.038291401723038375
0 0.41691261113039335 0.5821022183152448 0.04024556840173403 0.024878251435865372
0 0.41691261113039335 0.5821022183152448 0.04024556840173403 0.024878251435865372
0 0.637998655854604 0.5430701302169643 0.05623458944842134 0.03295455201021156
0 0.637998655854604 0.5430701302169643 0.05623458944842134 0.03295455201021156
0 0.6918271240728114 0.3249491836949471 0.07644067363517096 0.0601461126994268
0 0.6918271240728114 0.3249491836949471 0.07644067363517096 0.0601461126994268
0 0.7006329766754126 0.2936585984364912 0.04060958944842134 0.031128251435865374
0 0.7006329766754126 0.2936585984364912 0.04060958944842134 0.031128251435865374
0 0.5795546372269911 0.33419229783023924 0.040518584186749605 0.029565751435865373