0 0.2595368957044751 0.48802145117868034 0.0461693458553869 0.06039329255305574
0 0.2595368957044751 0.48802145117868034 0.0461693458553869 0.06039329255305574
0 0.314861065666419 0.4711235854873609 0.04974001482874755 0.07140352773541672
0 0.314861065666419 0.4711235854873609 0.04974001482874755 0.07140352773541672
0 0.34859939570447507 0.48594849848138855 0.04211851581733086 0.07590918977951393
0 0.34859939570447507 0.48594849848138855 0.04211851581733086 0.07590918977951393
0 0.6103181457044752 0.47985692695864535 0.012210839923887917 0.031504573138263936
0 0.6103181457044752 0.47985692695864535 0.012210839923887917 0.031504573138263936
0 0.6849507311797386 0.46797321637756883 0.033669345855386903 0.06010235182361114
0 0.6849507311797386 0.46797321637756883 0.033669345855386903 0.06010235182361114
0 0.6675151748676788 0.3403755464496869 0.05729784684397003 0.06533536569131951
0 0.6675151748676788 0.3403755464496869 0.05729784684397003 0.06533536569131951
0 0.6122520133086918 0.31746602973218696 0.04923067885919252 0.05890352773541672
0 0.6122520133086918 0.31746602973218696 0.04923067885919252 0.05890352773541672
0 0.6389909268448452 0.3316733468865272 0.011765170950527093 0.020567073138263937
0 0.6389909268448452 0.3316733468865272 0.011765170950527093 0.020567073138263937
0 0.3953656022439965 0.29597680870187465 0.012401840912470962 0.03619207313826393
0 0.3953656022439965 0.29597680870187465 0.012401840912470962 0.03619207313826393
0 0.35848768475351045 0.30073769709461773 0.0256021778706093 0.05367051386770836
0 0.35848768475351045 0.30073769709461773 0.0256021778706093 0.05367051386770836
0 0.3293121793163031 0.32717356373586776 0.03561384783255317 0.06951371941479163