0 0.44181870450024363 0.6306243135635852 0.009775043502986058 0.017733531570031148
0 0.44181870450024363 0.6306243135635852 0.009775043502986058 0.017733531570031148
0 0.45520905727378524 0.6345382688393745 0.014608013867708358 0.02425654735504672
0 0.45520905727378524 0.6345382688393745 0.014608013867708358 0.02425654735504672
0 0.4646567924561464 0.6371172372693434 0.009847778685347208 0.020858531570031147
0 0.4646567924561464 0.6371172372693434 0.009847778685347208 0.020858531570031147
0 0.5141301155944102 0.6451880715266801 0.012972778685347209 0.021040542093374803
0 0.5141301155944102 0.6451880715266801 0.012972778685347209 0.021040542093374803
0 0.5227238655944102 0.6446875425874851 0.009775043502986237 0.017733531570031148
0 0.5227238655944102 0.6446875425874851 0.009775043502986237 0.017733531570031148
0 0.605718856760695 0.6813160163497128 0.0096659407294446 0.013046031570031147
0 0.605718856760695 0.6813160163497128 0.0096659407294446 0.013046031570031147
0 0.6212529377827437 0.6764997137329944 0.012718205547083273 0.010103042093374804
0 0.6212529377827437 0.6764997137329944 0.012718205547083273 0.010103042093374804
0 0.6346432905562853 0.6804136690087838 0.008067073138263936 0.011392526308359407
0 0.6346432905562853 0.6804136690087838 0.008067073138263936 0.011392526308359407
0 0.652521121578334 0.6754608584995575 0.022493249050069507 0.02783657366340577
0 0.652521121578334 0.6754608584995575 0.022493249050069507 0.02783657366340577
0 0.6318988438429172 0.6297234242704556 0.012936411094166721 0.019478042093374802
0 0.6318988438429172 0.6297234242704556 0.012936411094166721 0.019478042093374802
0 0.66892606515757 0.6072267979903312 0.011301175911805572 0.016262036831702888
0 0.66892606515757 0.6072267979903312 0.011301175911805572 0.016262036831702888
0 0.7064078813619796 0.6042614217102068 0.01755117591180557 0.0166260578783902
0 0.7064078813619796 0.6042614217102068 0.01755117591180557 0.0166260578783902
0 0.6633313350092019 0.6693550716678545 0.012790940729444422 0.013228042093374803