0 0.4517100131044683 0.6365031720115463 0.03485466378737563 0.05715928213245362
0 0.4517100131044683 0.6365031720115463 0.03485466378737563 0.05715928213245362
0 0.7438591378737556 0.5419047596999255 0.021854016039128864 0.04898306927947225
0 0.7438591378737556 0.5419047596999255 0.021854016039128864 0.04898306927947225
0 0.7573406469730543 0.5446433147936327 0.02019138648947951 0.04737510517284953
0 0.7573406469730543 0.5446433147936327 0.02019138648947951 0.04737510517284953
0 0.7146617936415667 0.5748452918323791 0.020091256939830337 0.04581260517284953
0 0.7146617936415667 0.5748452918323791 0.020091256939830337 0.04581260517284953
0 0.7338518846345531 0.6055951866595295 0.02982720234403846 0.027380853919208192
0 0.7338518846345531 0.6055951866595295 0.02982720234403846 0.027380853919208192
0 0.7778126357142874 0.5831829775674718 0.0505402205426357 0.03422188730530316
0 0.7778126357142874 0.5831829775674718 0.0505402205426357 0.03422188730530316
0 0.3444704071520871 0.5386543568887092 0.01506379549649317 0.016034176959604095
0 0.3444704071520871 0.5386543568887092 0.01506379549649317 0.016034176959604095
0 0.8334723503968269 0.5479070556224326 0.013701554595791875 0.019113712852981378
0 0.8334723503968269 0.5479070556224326 0.013701554595791875 0.019113712852981378
0 0.8200223172388348 0.4723758582088574 0.023977720542635694 0.0334489974927175