0 0.42986890839441827 0.34375 0.06871714901126431 0.021875
0 0.42986890839441827 0.34375 0.06871714901126431 0.021875
0 0.3598517033148537 0.42890625 0.05087408514929388 0.0125
0 0.3598517033148537 0.42890625 0.05087408514929388 0.0125
0 0.34660330430358943 0.45078125 0.04763982450563216 0.0109375
0 0.34660330430358943 0.45078125 0.04763982450563216 0.0109375
0 0.3279736366028917 0.49375 0.03648380321830871 0.0078125
0 0.3279736366028917 0.49375 0.03648380321830871 0.0078125
0 0.44526577136419804 0.74921875 0.05832595222957302 0.0296875
0 0.44526577136419804 0.74921875 0.05832595222957302 0.0296875
0 0.2687029073860121 0.6375 0.045388909654926035 0.0234375
0 0.2687029073860121 0.6375 0.045388909654926035 0.0234375
0 0.255514492535306 0.625 0.0494208457929556 0.0140625
0 0.255514492535306 0.625 0.0494208457929556 0.0140625
0 0.3761808157035558 0.22890625 0.024202324505632155 0.0109375