0 0.5835998839301014 0.18235549798318762 0.047420470779006865 0.03452781930985207
0 0.5835998839301014 0.18235549798318762 0.047420470779006865 0.03452781930985207
0 0.5654129456184986 0.19611199538529758 0.028506829545304768 0.023841691585911207
0 0.5654129456184986 0.19611199538529758 0.028506829545304768 0.023841691585911207
0 0.5276402102289952 0.21435925083317922 0.08387616801906325 0.06672831411407198
0 0.5276402102289952 0.21435925083317922 0.08387616801906325 0.06672831411407198
0 0.5012862159110382 0.24897455145359784 0.0409795560063543 0.023153276735205175
0 0.5012862159110382 0.24897455145359784 0.0409795560063543 0.023153276735205175
0 0.4366412889635211 0.33152460752189816 0.06307274431795715 0.03718292574646949
0 0.4366412889635211 0.33152460752189816 0.06307274431795715 0.03718292574646949
0 0.48715989164403445 0.6112396046719065 0.028397735389503253 0.017591691585911208
0 0.48715989164403445 0.6112396046719065 0.028397735389503253 0.017591691585911208