0 0.6437552475657231 0.3249557624798768 0.05408000494291585 0.028396931780308953
0 0.6437552475657231 0.3249557624798768 0.05408000494291585 0.028396931780308953
0 0.6289857293141153 0.6361021611903299 0.047384335969555026 0.016875969217919718
0 0.6289857293141153 0.6361021611903299 0.047384335969555026 0.016875969217919718
0 0.6357450652836706 0.6480186986279406 0.045758168973360824 0.015167603577322452
0 0.6357450652836706 0.6480186986279406 0.045758168973360824 0.015167603577322452
0 0.6532708049035472 0.5969766281204741 0.04413200197716627 0.013459237936724832
0 0.6532708049035472 0.5969766281204741 0.04413200197716627 0.013459237936724832
0 0.6880596403788107 0.6039238340273331 0.022893671939110228 0.027042118968362415
0 0.6880596403788107 0.6039238340273331 0.022893671939110228 0.027042118968362415
0 0.6775651507589341 0.6543095091521115 0.02840884288963732 0.04779221589015457
0 0.6775651507589341 0.6543095091521115 0.02840884288963732 0.04779221589015457
0 0.5233207307598091 0.2562081855246759 0.014571835969555025 0.013812790765375916
0 0.5233207307598091 0.2562081855246759 0.014571835969555025 0.013812790765375916
0 0.6582368306067098 0.7188516281204741 0.01756950197716627 0.010979522046570623
0 0.6582368306067098 0.7188516281204741 0.01756950197716627 0.010979522046570623
0 0.5819289985914873 0.7322490445097428 0.030387836958138337 0.019958947171349096