0 0.4502116875658094 0.824580864012917 0.0603606473268119 0.051190140500720106
0 0.4502116875658094 0.824580864012917 0.0603606473268119 0.051190140500720106
0 0.46738377701423095 0.8000292127968953 0.025637036831702886 0.01415485805436525
0 0.46738377701423095 0.8000292127968953 0.025637036831702886 0.01415485805436525
0 0.5279033190370186 0.7204489759800186 0.033358531570031144 0.013597782446354678
0 0.5279033190370186 0.7204489759800186 0.033358531570031144 0.013597782446354678
0 0.5282673400837059 0.7141989759800186 0.03648353157003115 0.013999952203150378
0 0.5282673400837059 0.7141989759800186 0.03648353157003115 0.013999952203150378
0 0.5523473951194988 0.47644352768960463 0.06368306840173403 0.028355895135913654
0 0.5523473951194988 0.47644352768960463 0.06368306840173403 0.028355895135913654
0 0.5634892924463106 0.4337994945207927 0.03519404735504672 0.018486367324752527
0 0.5634892924463106 0.4337994945207927 0.03519404735504672 0.018486367324752527
0 0.6720907477220999 0.4611566860086416 0.017824536831702886 0.013149433662376354
0 0.6720907477220999 0.4611566860086416 0.017824536831702886 0.013149433662376354
0 0.6676384661520688 0.47002897381264697 0.03988154735504672 0.0190896219599459
0 0.6676384661520688 0.47002897381264697 0.03988154735504672 0.0190896219599459
0 0.6760355241010464 0.5285683604006308 0.03621051578501557 0.009312452203150379
0 0.6760355241010464 0.5285683604006308 0.03621051578501557 0.009312452203150379
0 0.6470782532661205 0.7554637616166524 0.06083108418674961 0.032641225379117955
0 0.6470782532661205 0.7554637616166524 0.06083108418674961 0.032641225379117955