0 0.5903405944642962 0.7653633842470307 0.04545794574527395 0.028433575934727708
0 0.5903405944642962 0.7653633842470307 0.04545794574527395 0.028433575934727708
0 0.42285013007767047 0.4017358242843425 0.03292158430895533 0.021236382573423463
0 0.42285013007767047 0.4017358242843425 0.03292158430895533 0.021236382573423463
0 0.4090148890546609 0.3616077317528753 0.04232385538619425 0.026634277594401644
0 0.4090148890546609 0.3616077317528753 0.04232385538619425 0.026634277594401644
0 0.4202250998270494 0.31556152594401643 0.0454852168225127 0.033121075934727705
0 0.4202250998270494 0.31556152594401643 0.0454852168225127 0.033121075934727705
0 0.4109182775201464 0.3031323809230383 0.040788626463433175 0.031203378424238613
0 0.4109182775201464 0.3031323809230383 0.040788626463433175 0.031203378424238613
0 0.3266609313073344 0.4108605253193165 0.02509090359079611 0.01751938672260849
0 0.3266609313073344 0.4108605253193165 0.02509090359079611 0.01751938672260849
0 0.32741036505055576 0.416388474904398 0.021947722872636976 0.014157588382282427
0 0.32741036505055576 0.416388474904398 0.021947722872636976 0.014157588382282427
0 0.4023138745185255 0.7073462842423862 0.05654089149054773 0.05426237012586892
0 0.4023138745185255 0.7073462842423862 0.05654089149054773 0.05426237012586892