0 0.3603873480664969 0.47539134186387316 0.03174089600572696 0.04346083992388792
0 0.3603873480664969 0.47539134186387316 0.03174089600572696 0.04346083992388792
0 0.4635214387332697 0.4719705701150433 0.017769302673454133 0.05070033695813834
0 0.4635214387332697 0.4719705701150433 0.017769302673454133 0.05070033695813834
0 0.6862765913828615 0.3370531061611481 0.03837270401018138 0.07652800790866543
0 0.6862765913828615 0.3370531061611481 0.03837270401018138 0.07652800790866543
0 0.7302180427275426 0.4188960137658023 0.044586341343090474 0.07365767589344294
0 0.7302180427275426 0.4188960137658023 0.044586341343090474 0.07365767589344294
0 0.6942810900699967 0.4875796881763705 0.06504429201145392 0.08698534684397004
0 0.6942810900699967 0.4875796881763705 0.06504429201145392 0.08698534684397004
0 0.627348128739633 0.5121923690127294 0.012881808004454242 0.0333218359695552
0 0.627348128739633 0.5121923690127294 0.012881808004454242 0.0333218359695552