0 0.6519038246773361 0.24396314894644844 0.019022735389503432 0.017045790041956367
0 0.6519038246773361 0.24396314894644844 0.019022735389503432 0.017045790041956367
0 0.6315134582004004 0.29466188857348624 0.04103410308425506 0.026515878424238616
0 0.6315134582004004 0.29466188857348624 0.04103410308425506 0.026515878424238616
0 0.6092429918856205 0.3189757269557686 0.03478410308425506 0.02604228174358649
0 0.6092429918856205 0.3189757269557686 0.03478410308425506 0.02604228174358649
0 0.6211332913991531 0.39765683400938284 0.06011138555165925 0.04668666846619489
0 0.6211332913991531 0.39765683400938284 0.06011138555165925 0.04668666846619489
0 0.4778337102322906 0.6956351605688105 0.03168637662320535 0.02736798340326043
0 0.4778337102322906 0.6956351605688105 0.03168637662320535 0.02736798340326043
0 0.5199121160764892 0.6986883829744088 0.0411431972400564 0.032765878424238615
0 0.5199121160764892 0.6986883829744088 0.0411431972400564 0.032765878424238615
0 0.5930007885597794 0.6237107711469096 0.03637387662320535 0.0277231809137497
0 0.5930007885597794 0.6237107711469096 0.03637387662320535 0.0277231809137497