0 0.575986417911024 0.7636286244203296 0.04847604135632899 0.034647710772388506
0 0.575986417911024 0.7636286244203296 0.04847604135632899 0.034647710772388506
0 0.556928202857212 0.7535860039088249 0.03077911910658777 0.023610216822512697
0 0.556928202857212 0.7535860039088249 0.03077911910658777 0.023610216822512697
0 0.5184478997140589 0.7413132628858154 0.0858690334984459 0.06610678903121965
0 0.5184478997140589 0.7413132628858154 0.0858690334984459 0.06610678903121965
0 0.4917420045526232 0.7110081393492484 0.04015411910658777 0.02366475897699054
0 0.4917420045526232 0.7110081393492484 0.04015411910658777 0.02366475897699054
0 0.4255583864794926 0.6395376603282914 0.06424659057054054 0.03786361436318479
0 0.4255583864794926 0.6395376603282914 0.06424659057054054 0.03786361436318479
0 0.4694176641869704 0.35186039832623883 0.028925520678164496 0.017351126463433175
0 0.4694176641869704 0.35186039832623883 0.028925520678164496 0.017351126463433175