0 0.4879025301886772 0.2720981576260294 0.04320634449948209 0.02680601155073461
0 0.4879025301886772 0.2720981576260294 0.04320634449948209 0.02680601155073461
0 0.49008361434907693 0.2851967775685948 0.070787688998964 0.05178572252712295
0 0.49008361434907693 0.2851967775685948 0.070787688998964 0.05178572252712295
0 0.4869243810982999 0.31855716774089865 0.02260274607105863 0.01818182080408457
0 0.4869243810982999 0.31855716774089865 0.02260274607105863 0.01818182080408457
0 0.47570224482820433 0.41491471831524473 0.019332196856846905 0.014691560689215422
0 0.47570224482820433 0.41491471831524473 0.019332196856846905 0.014691560689215422
0 0.5054817901134745 0.4302860622527044 0.04000856989237604 0.024878251435865195
0 0.5054817901134745 0.4302860622527044 0.04000856989237604 0.024878251435865195
0 0.48753231079163906 0.44966512294191985 0.02743579528527036 0.021854710976388424
0 0.48753231079163906 0.44966512294191985 0.02743579528527036 0.021854710976388424
0 0.49238463068401517 0.46952104779833326 0.021113020678164496 0.01956169074664995
0 0.49238463068401517 0.46952104779833326 0.021113020678164496 0.01956169074664995
0 0.5654090618250963 0.5363940102424929 0.03368579528527036 0.022585231206126898
0 0.5654090618250963 0.5363940102424929 0.03368579528527036 0.022585231206126898
0 0.5848333039672134 0.565543764581995 0.03212329528527036 0.02240260114869237
0 0.5848333039672134 0.565543764581995 0.03212329528527036 0.02240260114869237
0 0.5787160446615885 0.6534496099553199 0.0858690334984459 0.07530439304403451
0 0.5787160446615885 0.6534496099553199 0.0858690334984459 0.07530439304403451
0 0.5127228635205074 0.5857548122527044 0.027290246071058632 0.018729710976388425
0 0.5127228635205074 0.5857548122527044 0.027290246071058632 0.018729710976388425
0 0.5192275746453779 0.5904930420229659 0.022457196856846905 0.015056820804084482
0 0.5192275746453779 0.5904930420229659 0.022457196856846905 0.015056820804084482
0 0.4021876621155466 0.3543830708998024 0.02899829528527036 0.022037341033823044
0 0.4021876621155466 0.3543830708998024 0.02899829528527036 0.022037341033823044
0 0.37754507299274803 0.26378851164645234 0.024238020678164406 0.019926950861519188
0 0.37754507299274803 0.26378851164645234 0.024238020678164406 0.019926950861519188