0 0.23025583326704852 0.4951463301000249 0.01936816534054504 0.053670569279472245
0 0.23025583326704852 0.4951463301000249 0.01936816534054504 0.053670569279472245
0 0.21144219859963945 0.5000695108205526 0.01431703866963625 0.022284176959604097
0 0.21144219859963945 0.5000695108205526 0.01431703866963625 0.022284176959604097
0 0.2666473192632305 0.5243397366056579 0.011228401336727067 0.025318248746358664
0 0.2666473192632305 0.5243397366056579 0.011228401336727067 0.025318248746358664
0 0.31318596459263975 0.5546099098043383 0.008085220003181704 0.023664820533113407
0 0.31318596459263975 0.5546099098043383 0.008085220003181704 0.023664820533113407
0 0.3201990332590944 0.5563769982841403 0.008103401336727068 0.025227320533113405
0 0.3201990332590944 0.5563769982841403 0.008103401336727068 0.025227320533113405
0 0.670271211250822 0.6275211902209323 0.014317038669636161 0.022284176959604097
0 0.670271211250822 0.6275211902209323 0.014317038669636161 0.022284176959604097
0 0.6600604172501857 0.6319131735278848 0.01117385733609062 0.020630748746358663
0 0.6600604172501857 0.6319131735278848 0.01117385733609062 0.020630748746358663
0 0.6357234885821402 0.6413647298752332 0.020494313335454352 0.016216033386094963
0 0.6357234885821402 0.6413647298752332 0.020494313335454352 0.016216033386094963
0 0.31586497457832224 0.6601923200708949 0.050581802673454225 0.05145485141192587
0 0.31586497457832224 0.6601923200708949 0.050581802673454225 0.05145485141192587
0 0.2880036039147312 0.6367177161516867 0.014389764003817973 0.028534176959604095