0 0.560667071337243 0.7163547015688462 0.02560020072563951 0.018789572794389288
0 0.560667071337243 0.7163547015688462 0.02560020072563951 0.018789572794389288
0 0.5959671981937507 0.5126882834625339 0.030233137023308564 0.017527461443337167
0 0.5959671981937507 0.5126882834625339 0.030233137023308564 0.017527461443337167
0 0.5972568796820964 0.5206009130121831 0.03341270072563951 0.019290220542635694
0 0.5972568796820964 0.5206009130121831 0.03341270072563951 0.019290220542635694
0 0.5842856537287135 0.48844974706533933 0.023819445916316084 0.012439443244739756
0 0.5842856537287135 0.48844974706533933 0.023819445916316084 0.012439443244739756
0 0.5590103791339422 0.3153534060723529 0.014499009618646853 0.013401165946843907
0 0.5590103791339422 0.3153534060723529 0.014499009618646853 0.013401165946843907
0 0.5893873598966486 0.3423559970653393 0.01595238221398514 0.01037629549649317
0 0.5893873598966486 0.3423559970653393 0.01595238221398514 0.01037629549649317
0 0.590004918789656 0.347093561840164 0.014335318511654194 0.008713665946843818
0 0.590004918789656 0.347093561840164 0.014335318511654194 0.008713665946843818
0 0.5943377547245055 0.35755020048911196 0.01606150961864685 0.013501295496493171
0 0.5943377547245055 0.35755020048911196 0.01606150961864685 0.013501295496493171
0 0.6807836530957413 0.6175643530177205 0.025545637023308566 0.01722707279438911