0 0.3269196792835635 0.6716094283803475 0.033831344499482 0.022638719414791807
0 0.3269196792835635 0.6716094283803475 0.033831344499482 0.022638719414791807
0 0.32873904446121 0.6325469283803475 0.035393844499482 0.022675087005972115
0 0.32873904446121 0.6325469283803475 0.035393844499482 0.022675087005972115
0 0.2286298825505512 0.6325631525447919 0.028925520678164406 0.017842116641250173
0 0.2286298825505512 0.6325631525447919 0.028925520678164406 0.017842116641250173
0 0.23122834367542167 0.6271489539315628 0.027363020678164495 0.017805749050069507
0 0.23122834367542167 0.6271489539315628 0.027363020678164495 0.017805749050069507
0 0.3515259968996281 0.29442933254066006 0.03219606989237613 0.021039851823611143
0 0.3515259968996281 0.29442933254066006 0.03219606989237613 0.021039851823611143
0 0.3549784826316045 0.28747081772302113 0.03212329528527036 0.019477351823611145
0 0.3549784826316045 0.28747081772302113 0.03212329528527036 0.019477351823611145