0 0.5503576492891878 0.9021327128276131 0.05327953610435347 0.029966904688076924
0 0.5503576492891878 0.9021327128276131 0.05327953610435347 0.029966904688076924
0 0.5669270048717738 0.7969841378737557 0.06265453610435348 0.03056768198597286
0 0.5669270048717738 0.7969841378737557 0.06265453610435348 0.03056768198597286
0 0.5891241917382531 0.7195297663436708 0.03915340359079629 0.018128238741233104
0 0.5891241917382531 0.7195297663436708 0.03915340359079629 0.018128238741233104
0 0.5851043122497579 0.6997481924695474 0.028179542154477665 0.011177331893687813
0 0.5851043122497579 0.6997481924695474 0.028179542154477665 0.011177331893687813
0 0.5842685200952802 0.6903231276947228 0.025063632513557366 0.012539572794389286
0 0.5842685200952802 0.6903231276947228 0.025063632513557366 0.012539572794389286
0 0.5817475080932276 0.6597041833702487 0.040697722872636885 0.015103368290882458
0 0.5817475080932276 0.6597041833702487 0.040697722872636885 0.015103368290882458
0 0.5840321707592102 0.6496981276947228 0.03757272287263689 0.014903109191583752
0 0.5840321707592102 0.6496981276947228 0.03757272287263689 0.014903109191583752
0 0.5674259328594585 0.614271767423405 0.026617042154477667 0.011077202344038462
0 0.5674259328594585 0.614271767423405 0.026617042154477667 0.011077202344038462
0 0.5658270714231401 0.6079216378737555 0.031313632513557364 0.012940090992986342
0 0.5658270714231401 0.6079216378737555 0.031313632513557364 0.012940090992986342
0 0.4725578186926656 0.4160764944444456 0.07376475292686635 0.06095608883351815
0 0.4725578186926656 0.4160764944444456 0.07376475292686635 0.06095608883351815
0 0.5692601018701529 0.39259702652270356 0.07837043969514959 0.04719397748246603
0 0.5692601018701529 0.39259702652270356 0.07837043969514959 0.04719397748246603
0 0.574443026439992 0.4780536651716515 0.032967036104353475 0.028665220542635695
0 0.574443026439992 0.4780536651716515 0.032967036104353475 0.028665220542635695
0 0.6208367582896195 0.5325699868863065 0.03293976502711473 0.023977720542635694
0 0.6208367582896195 0.5325699868863065 0.03293976502711473 0.023977720542635694
0 0.6310884570599554 0.5496270789590272 0.03758181323171659 0.01646560919158375
0 0.6310884570599554 0.5496270789590272 0.03758181323171659 0.01646560919158375
0 0.6534053812370111 0.8954600131044682 0.023510222872636887 0.014001943244739579
0 0.6534053812370111 0.8954600131044682 0.023510222872636887 0.014001943244739579
0 0.6137343480595238 0.9225942095884105 0.08946247579950324 0.07445738433001133