0 0.39761025770672986 0.5486663216195318 0.06584814060688356 0.022247704722264318
0 0.39761025770672986 0.5486663216195318 0.06584814060688356 0.022247704722264318
0 0.4017556237678062 0.536184502337691 0.046587957576345394 0.015888620413308983
0 0.4017556237678062 0.536184502337691 0.046587957576345394 0.015888620413308983
0 0.4222429511982496 0.37138165895354935 0.043207866061076315 0.012745439695149675
0 0.4222429511982496 0.37138165895354935 0.043207866061076315 0.012745439695149675
0 0.45189862922781804 0.3910947161351417 0.037595594849248924 0.020521578258831143
0 0.45189862922781804 0.3910947161351417 0.037595594849248924 0.020521578258831143
0 0.3197236001400829 0.3059106741770557 0.02276782030344169 0.011064765027114731
0 0.3197236001400829 0.3059106741770557 0.02276782030344169 0.011064765027114731
0 0.32276910968298056 0.37392942115199357 0.04177291181871077 0.014298849336070063
0 0.32276910968298056 0.37392942115199357 0.04177291181871077 0.014298849336070063