0 0.4866308970234626 0.3037097207276502 0.03688356989237622 0.025150152517224366
0 0.4866308970234626 0.3037097207276502 0.03688356989237622 0.025150152517224366
0 0.6027438945422633 0.3594335909472345 0.024019696856846906 0.015654990772102816
0 0.6027438945422633 0.3594335909472345 0.024019696856846906 0.015654990772102816
0 0.568818234907916 0.7164949310476925 0.03339469685684691 0.01691698708094407
0 0.568818234907916 0.7164949310476925 0.03339469685684691 0.01691698708094407
0 0.516812625106953 0.8203411995034866 0.04952911910658777 0.029957814262346005
0 0.516812625106953 0.8203411995034866 0.04952911910658777 0.029957814262346005
0 0.6268618672490702 0.8037093234142298 0.020821922249741043 0.013671825335822518
0 0.6268618672490702 0.8037093234142298 0.020821922249741043 0.013671825335822518
0 0.6256268529810466 0.7964677406960897 0.022238873035529315 0.010757158053962712
0 0.6256268529810466 0.7964677406960897 0.022238873035529315 0.010757158053962712