0 0.6276093639013114 0.7121853769012241 0.04840464901126431 0.027630526292323765
0 0.6276093639013114 0.7121853769012241 0.04840464901126431 0.027630526292323765
0 0.6125421027534464 0.5631723242719917 0.037030106436617416 0.020037570157448135
0 0.6125421027534464 0.5631723242719917 0.037030106436617416 0.020037570157448135
0 0.6116133872823217 0.5498910742719917 0.0322333457929556 0.017899517528215725
0 0.6116133872823217 0.5498910742719917 0.0322333457929556 0.017899517528215725
0 0.5965293366619031 0.5224790918225001 0.022421303218308708 0.0104984122697509
0 0.5965293366619031 0.5224790918225001 0.022421303218308708 0.0104984122697509
0 0.6551834348006473 0.4530012277553423 0.036013909654926124 0.027658219281037334
0 0.6551834348006473 0.4530012277553423 0.036013909654926124 0.027658219281037334
0 0.7037351853048504 0.6045765742274067 0.027545845792955603 0.01732396489898349
0 0.7037351853048504 0.6045765742274067 0.027545845792955603 0.01732396489898349
0 0.715939890384415 0.6905002277330498 0.05662134059717552 0.056522929797966984
0 0.715939890384415 0.6905002277330498 0.05662134059717552 0.056522929797966984
0 0.7200318106830027 0.715788004047666 0.03056158514929379 0.01614516665180492