0 0.2466872524755778 0.537361511595349 0.021354781743586494 0.03645606124450573
0 0.2466872524755778 0.537361511595349 0.021354781743586494 0.03645606124450573
0 0.2311806516457408 0.5375332292991037 0.012121491701630304 0.016838952392628316
0 0.2311806516457408 0.5375332292991037 0.012121491701630304 0.016838952392628316
0 0.5082284037203332 0.5106571150574565 0.010914189212119396 0.021353030622252866
0 0.5082284037203332 0.5106571150574565 0.010914189212119396 0.021353030622252866
0 0.5659700487413113 0.4949522204387515 0.024953378424238615 0.04305290478525663
0 0.5659700487413113 0.4949522204387515 0.024953378424238615 0.04305290478525663
0 0.6470550279953869 0.4472186319199777 0.012239890871793335 0.018401452392628314
0 0.6470550279953869 0.4472186319199777 0.012239890871793335 0.018401452392628314
0 0.6579925279953869 0.44600467952734935 0.010677390871793336 0.018228030622252867
0 0.6579925279953869 0.44600467952734935 0.010677390871793336 0.018228030622252867
0 0.72020726284854 0.5041725434012039 0.012595088382282427 0.023088952392628315
0 0.72020726284854 0.5041725434012039 0.012595088382282427 0.023088952392628315
0 0.7149277669977249 0.5125053087123302 0.011032588382282427 0.022915530622252867
0 0.7149277669977249 0.5125053087123302 0.011032588382282427 0.022915530622252867
0 0.6789776889884047 0.5575534158902153 0.024479781743586494 0.03680290478525663
0 0.6789776889884047 0.5575534158902153 0.024479781743586494 0.03680290478525663
0 0.6681110439674265 0.5680556573976558 0.015956886722608487 0.026560795933379212
0 0.6681110439674265 0.5680556573976558 0.015956886722608487 0.026560795933379212
0 0.1664418001912039 0.6353560848029964 0.027723180913749524 0.038712248326007524