0 0.48554607508631314 0.7031138261175319 0.057173882573423464 0.03313066256778665
0 0.48554607508631314 0.7031138261175319 0.057173882573423464 0.03313066256778665
0 0.5015379279907426 0.708487127347196 0.042282588382282424 0.022111349336070063
0 0.5015379279907426 0.708487127347196 0.042282588382282424 0.022111349336070063
0 0.34853686285318436 0.3985768379231927 0.03747668921211931 0.020521578258831143
0 0.34853686285318436 0.3985768379231927 0.03747668921211931 0.020521578258831143
0 0.351531808289081 0.38996945238457326 0.03591418921211931 0.02051248789975162
0 0.351531808289081 0.38996945238457326 0.03591418921211931 0.02051248789975162
0 0.3638551321492162 0.3407007054096354 0.037595088382282336 0.02208407825883123
0 0.3638551321492162 0.3407007054096354 0.037595088382282336 0.02208407825883123
0 0.36216257758511283 0.3321205909482548 0.031108290041956276 0.018922716822512696
0 0.36216257758511283 0.3321205909482548 0.031108290041956276 0.018922716822512696
0 0.2920742979161188 0.3707927263886784 0.021378092531467184 0.01418067466803503
0 0.2920742979161188 0.3707927263886784 0.021378092531467184 0.01418067466803503
0 0.2876935286200869 0.42860522638867843 0.026302390871793334 0.017332945745273776
0 0.2876935286200869 0.42860522638867843 0.026302390871793334 0.017332945745273776
0 0.36959011097908456 0.677237648228043 0.034706886722608396 0.02519089754067192
0 0.36959011097908456 0.677237648228043 0.034706886722608396 0.02519089754067192
0 0.4038341337996014 0.7199882296101322 0.029427390871793156 0.017351126463433175
0 0.4038341337996014 0.7199882296101322 0.029427390871793156 0.017351126463433175
0 0.4097881358741938 0.7238581181738137 0.024503092531467274 0.014198855386194253