0 0.5211990396063548 0.7723179468891713 0.06155574905006951 0.0301117052052021
0 0.5211990396063548 0.7723179468891713 0.06155574905006951 0.0301117052052021
0 0.44801349990309075 0.6447852101139381 0.06475348423243048 0.033418715728545934
0 0.44801349990309075 0.6447852101139381 0.06475348423243048 0.033418715728545934
0 0.4162355166205908 0.586760607511337 0.05181707313826393 0.013940673635170953
0 0.4162355166205908 0.586760607511337 0.05181707313826393 0.013940673635170953
0 0.4111297893220144 0.5685188417263215 0.04404094072944442 0.015048147326811723
0 0.4111297893220144 0.5685188417263215 0.04404094072944442 0.015048147326811723
0 0.40538828238816016 0.55648157331047 0.04400457313826393 0.0134856473268119
0 0.40538828238816016 0.55648157331047 0.04400457313826393 0.0134856473268119
0 0.4203950333380907 0.5308291259271886 0.03611933795590279 0.009905621018452493
0 0.4203950333380907 0.5308291259271886 0.03611933795590279 0.009905621018452493
0 0.3999727773541671 0.49141031015629044 0.047165940729444425 0.01523015785015538
0 0.3999727773541671 0.49141031015629044 0.047165940729444425 0.01523015785015538
0 0.41087325655260454 0.4569365996188293 0.020421602773541637 0.005870568401734033
0 0.41087325655260454 0.4569365996188293 0.020421602773541637 0.005870568401734033
0 0.41468858757465316 0.45325786277300895 0.028234102773541637 0.006325594710093263
0 0.41468858757465316 0.45325786277300895 0.028234102773541637 0.006325594710093263
0 0.46056347881718784 0.4130192706231644 0.03343074905006951 0.028473610495108836
0 0.46056347881718784 0.4130192706231644 0.03343074905006951 0.028473610495108836
0 0.4405594501318406 0.39156920485226626 0.026744337955902787 0.009359589448421435
0 0.4405594501318406 0.39156920485226626 0.026744337955902787 0.009359589448421435
0 0.4464275904244447 0.3755269758989536 0.0707852786853472 0.024407736775233245
0 0.4464275904244447 0.3755269758989536 0.0707852786853472 0.024407736775233245
0 0.5007143937110767 0.3279764126883043 0.023655705547083274 0.01074007892507769
0 0.5007143937110767 0.3279764126883043 0.023655705547083274 0.01074007892507769
0 0.39286487290951416 0.2865863022637827 0.03172277868534721 0.02213260523343692
0 0.39286487290951416 0.2865863022637827 0.03172277868534721 0.02213260523343692
0 0.3629955349536113 0.2770447022920175 0.012718205547083361 0.010103042093374804
0 0.3629955349536113 0.2770447022920175 0.012718205547083361 0.010103042093374804
0 0.3676836881639933 0.3108659654461971 0.025290940729444423 0.013956084186749606
0 0.3676836881639933 0.3108659654461971 0.025290940729444423 0.013956084186749606
0 0.36755640159486136 0.30539721544619713 0.012609102773541636 0.005415542093374803
0 0.36755640159486136 0.30539721544619713 0.012609102773541636 0.005415542093374803
0 0.3659400034184725 0.3365107075536894 0.027362587005972293 0.035922089448421436
0 0.3659400034184725 0.3365107075536894 0.027362587005972293 0.035922089448421436
0 0.3609258483082295 0.3557234391378379 0.0235829703647223 0.00761507892507769
0 0.3609258483082295 0.3557234391378379 0.0235829703647223 0.00761507892507769
0 0.38286258500920195 0.7283719838620486 0.028634146276527873 0.02351309471009344