0 0.4501015935697617 0.6574643946486634 0.02856150961864685 0.014466691585911207
0 0.4501015935697617 0.6574643946486634 0.02856150961864685 0.014466691585911207
0 0.4444071542768677 0.6196748175451413 0.03793650961864685 0.015122255447881728
0 0.4444071542768677 0.6196748175451413 0.03793650961864685 0.015122255447881728
0 0.4110093887525891 0.23701513685499326 0.04424107332097762 0.017121798022528622
0 0.4110093887525891 0.23701513685499326 0.04424107332097762 0.017121798022528622
0 0.31635656534679335 0.5818684509690653 0.053943455534962846 0.027152361884498967
0 0.31635656534679335 0.5818684509690653 0.053943455534962846 0.027152361884498967
0 0.3294170713372432 0.654213344532448 0.05405258293962447 0.030277361884499143
0 0.3294170713372432 0.654213344532448 0.05405258293962447 0.030277361884499143
0 0.3679686506486706 0.7107475677972428 0.028725200725639423 0.019154191585911206
0 0.3679686506486706 0.7107475677972428 0.028725200725639423 0.019154191585911206
0 0.35070922877897176 0.6916915651993527 0.033194445916316 0.013231973516896468
0 0.35070922877897176 0.6916915651993527 0.033194445916316 0.013231973516896468
0 0.31140368131870966 0.6344307222563887 0.06164682813030113 0.024573665102807674