0 0.589154368588623 0.7206575487413114 0.024146828130301046 0.022088487552445458
0 0.589154368588623 0.7206575487413114 0.024146828130301046 0.022088487552445458
0 0.6742709238534335 0.6233429956271005 0.03174107332097762 0.016430483403260608
0 0.6742709238534335 0.6233429956271005 0.03174107332097762 0.016430483403260608
0 0.6681622452754945 0.26896314894644846 0.02392857332097762 0.01583848755244528
0 0.6681622452754945 0.26896314894644846 0.02392857332097762 0.01583848755244528
0 0.6415625397405318 0.2474792352541383 0.02403770072563951 0.01896348755244537
0 0.6415625397405318 0.2474792352541383 0.02403770072563951 0.01896348755244537
0 0.5968477512659444 0.20073521243362147 0.05923115626060227 0.04500576929603186
0 0.5968477512659444 0.20073521243362147 0.05923115626060227 0.04500576929603186
0 0.5773016322988032 0.2915145004009853 0.036374009618646855 0.015223180913749523