0 0.40481537000714524 0.7086750046234785 0.02838707995351388 0.05003957279438929
0 0.40481537000714524 0.7086750046234785 0.02838707995351388 0.05003957279438929
0 0.4200579577543292 0.7151450501199716 0.035511165102807676 0.06294009099298634
0 0.4200579577543292 0.7151450501199716 0.035511165102807676 0.06294009099298634
0 0.5950304606043207 0.6706404858065723 0.01457595222957302 0.030488536397194642
0 0.5950304606043207 0.6706404858065723 0.01457595222957302 0.030488536397194642
0 0.6045693515698134 0.6688975131044683 0.018028734160558103 0.03537629549649317
0 0.6045693515698134 0.6688975131044683 0.018028734160558103 0.03537629549649317
0 0.6445987718684011 0.6463506870708766 0.019809755447881727 0.03860142504614252
0 0.6445987718684011 0.6463506870708766 0.019809755447881727 0.03860142504614252
0 0.609037966304304 0.5601035040051696 0.01991901609154336 0.04016392504614252