0 0.4870752405976039 0.41179997820677255 0.02536367591180557 0.018547080918953896
0 0.4870752405976039 0.41179997820677255 0.02536367591180557 0.018547080918953896
0 0.4954683156357289 0.45508325855138015 0.06493532218833345 0.04498783235481909
0 0.4954683156357289 0.45508325855138015 0.06493532218833345 0.04498783235481909
0 0.5549842135277773 0.6915686559349166 0.04124324905006951 0.0313108814932999
0 0.5549842135277773 0.6915686559349166 0.04124324905006951 0.0313108814932999
0 0.5743511561570828 0.7345678466815666 0.034847778685347205 0.024330361263561428
0 0.5743511561570828 0.7345678466815666 0.034847778685347205 0.024330361263561428
0 0.48883057703489524 0.7739245735800975 0.025290940729444423 0.015422080918953895
0 0.48883057703489524 0.7739245735800975 0.025290940729444423 0.015422080918953895
0 0.3962320350505205 0.41058243487556484 0.05225348423243048 0.03571429189534214
0 0.3962320350505205 0.41058243487556484 0.05225348423243048 0.03571429189534214
0 0.4001921832269094 0.4423803250478688 0.03477504350298606 0.02120536126356143