0 0.3419880970816374 0.5302488041398961 0.0419758576783142 0.08241068091374952
0 0.3419880970816374 0.5302488041398961 0.0419758576783142 0.08241068091374952
0 0.36376800869935505 0.5503478165874508 0.021946777594401647 0.04360829004195636
0 0.36376800869935505 0.5503478165874508 0.021946777594401647 0.04360829004195636
0 0.53270726284854 0.5453140066247626 0.016904080083912733 0.038565592531467276
0 0.53270726284854 0.5453140066247626 0.016904080083912733 0.038565592531467276
0 0.5740552358788382 0.4916911765408501 0.04341995850815117 0.08096658008391255
0 0.5740552358788382 0.4916911765408501 0.04341995850815117 0.08096658008391255
0 0.5870288325594903 0.48449398317954595 0.03657796265733602 0.07268048340326061
0 0.5870288325594903 0.48449398317954595 0.03657796265733602 0.07268048340326061
0 0.7118036896131047 0.4882440999814225 0.023627676764564676 0.0452891892121194
0 0.7118036896131047 0.4882440999814225 0.023627676764564676 0.0452891892121194
0 0.6747055086993552 0.526786381725009 0.012713487552445456 0.024266294191141215
0 0.6747055086993552 0.526786381725009 0.012713487552445456 0.024266294191141215
0 0.6682187103590291 0.5303849784056611 0.010795790041956365 0.019460395020978183
0 0.6682187103590291 0.5303849784056611 0.010795790041956365 0.019460395020978183
0 0.6258885777856056 0.5662166572448182 0.0209995842330974 0.031108290041956366
0 0.6258885777856056 0.5662166572448182 0.0209995842330974 0.031108290041956366
0 0.617306483179546 0.5769649030956333 0.012595088382282427 0.022703794191141213
0 0.617306483179546 0.5769649030956333 0.012595088382282427 0.022703794191141213
0 0.2581323927226711 0.6220470630629658 0.034446777594401644 0.04455548340326061
0 0.2581323927226711 0.6220470630629658 0.034446777594401644 0.04455548340326061