0 0.6251416571975353 0.808414917997419 0.08390352773541672 0.05557894448293865
0 0.6251416571975353 0.808414917997419 0.08390352773541672 0.05557894448293865
0 0.6213984081474658 0.7815239672622137 0.03800914627652787 0.025816408822462833
0 0.6213984081474658 0.7815239672622137 0.03800914627652787 0.025816408822462833
0 0.6846238003399311 0.7188080700177224 0.03546602773541672 0.05048795808725757
0 0.6846238003399311 0.7188080700177224 0.03546602773541672 0.05048795808725757
0 0.5257520677230211 0.42232734667646704 0.05523301386770818 0.029185387866091615
0 0.5257520677230211 0.42232734667646704 0.05523301386770818 0.029185387866091615
0 0.534653635827292 0.36948856156588405 0.025290940729444423 0.015127605881641948
0 0.534653635827292 0.36948856156588405 0.025290940729444423 0.015127605881641948
0 0.6311824905006947 0.3313151470410478 0.04731141109416655 0.02367676102807863
0 0.6311824905006947 0.3313151470410478 0.04731141109416655 0.02367676102807863