0 0.39674992003499837 0.2164277073641399 0.05347044533736352 0.03527116249848907
0 0.39674992003499837 0.2164277073641399 0.05347044533736352 0.03527116249848907
0 0.3957323126989076 0.19619732004794121 0.023637494668999892 0.019650880514039314
0 0.3957323126989076 0.19619732004794121 0.023637494668999892 0.019650880514039314
0 0.4376476400381801 0.2355953478064718 0.02674431333545435 0.01841683124924458
0 0.4376476400381801 0.2355953478064718 0.02674431333545435 0.01841683124924458
0 0.4810072887094071 0.26467290019739975 0.02514545066836362 0.015127605881641948
0 0.4810072887094071 0.26467290019739975 0.02514545066836362 0.015127605881641948
0 0.4849862640435889 0.27051233677839315 0.025163632001908985 0.016690105881641947
0 0.4849862640435889 0.27051233677839315 0.025163632001908985 0.016690105881641947
0 0.6721344647517233 0.5566846060850854 0.023637494668999892 0.019650880514039314
0 0.6721344647517233 0.5566846060850854 0.023637494668999892 0.019650880514039314
0 0.6720071954169052 0.5457471060850854 0.02205681333545435 0.017924155146436683
0 0.6720071954169052 0.5457471060850854 0.02205681333545435 0.017924155146436683
0 0.6724884534134054 0.5198837434012841 0.01900453866963616 0.023845704411231416
0 0.6724884534134054 0.5198837434012841 0.01900453866963616 0.023845704411231416
0 0.5806163900381801 0.22056872667083213 0.05848520934118149 0.06388883860129688
0 0.5806163900381801 0.22056872667083213 0.05848520934118149 0.06388883860129688
0 0.5491573047024074 0.20588448402288448 0.0299238573360908 0.023432781984449758