0 0.30785296381546684 0.54693428624572 0.018642992142117086 0.03356365989954213
0 0.30785296381546684 0.54693428624572 0.018642992142117086 0.03356365989954213
0 0.31444972022560763 0.5234517007592107 0.01693494292790536 0.030228327181401938
0 0.31444972022560763 0.5234517007592107 0.01693494292790536 0.030228327181401938
0 0.3344903924753487 0.5151433597359631 0.022422963606069858 0.04804682533582252
0 0.3344903924753487 0.5151433597359631 0.022422963606069858 0.04804682533582252
0 0.34813551551087796 0.5091186878401548 0.03764985731976358 0.07493981979908426
0 0.34813551551087796 0.5091186878401548 0.03764985731976358 0.07493981979908426
0 0.5198500037240537 0.48506478775836526 0.012101893713693811 0.026472329026981357
0 0.5198500037240537 0.48506478775836526 0.012101893713693811 0.026472329026981357
0 0.5547151552956302 0.4960472739165194 0.027765435070022448 0.0627403234902431
0 0.5547151552956302 0.4960472739165194 0.027765435070022448 0.0627403234902431
0 0.6480007365605459 0.38360715613237006 0.008540246071058633 0.01667666359070097
0 0.6480007365605459 0.38360715613237006 0.008540246071058633 0.01667666359070097
0 0.30326612531184083 0.39223179085966864 0.02718323821317572 0.0502403234902431
0 0.30326612531184083 0.39223179085966864 0.02718323821317572 0.0502403234902431
0 0.2671638054194648 0.40781180470151435 0.008540246071058633 0.01667666359070097
0 0.2671638054194648 0.40781180470151435 0.008540246071058633 0.01667666359070097
0 0.17260897663574842 0.4799875070493835 0.013518844499481996 0.02355766174512155