0 0.4100123184766728 0.6069076537435552 0.05295003737886681 0.0459762734452168
0 0.4100123184766728 0.6069076537435552 0.05295003737886681 0.0459762734452168
0 0.46064074916682074 0.5641174251141795 0.05251299480421991 0.0397262734452168
0 0.46064074916682074 0.5641174251141795 0.05251299480421991 0.0397262734452168
0 0.3898201507759751 0.562636512871762 0.03466993094224957 0.02904888257342364
0 0.3898201507759751 0.562636512871762 0.03466993094224957 0.02904888257342364
0 0.30230445323797916 0.3446309514591813 0.0357953883676025 0.022917281743586492
0 0.30230445323797916 0.3446309514591813 0.0357953883676025 0.022917281743586492
0 0.3583852084337592 0.3131334203402947 0.03434214901126431 0.024361382573423462
0 0.3583852084337592 0.3131334203402947 0.03434214901126431 0.024361382573423462
0 0.2877285010084062 0.3139962580978771 0.02551345222957302 0.031463487552445366