0 0.4733425498405205 0.15437291196553135 0.028348140606883555 0.024979710976388424
0 0.4733425498405205 0.15437291196553135 0.028348140606883555 0.024979710976388424
0 0.5236456966563218 0.21117079492660257 0.030707866061076318 0.01596997109125766
0 0.5236456966563218 0.21117079492660257 0.030707866061076318 0.01596997109125766
0 0.48262337330876426 0.5904828902999275 0.06297823212215263 0.032122572239950034
0 0.48262337330876426 0.5904828902999275 0.06297823212215263 0.032122572239950034
0 0.405806039669403 0.6783887428844853 0.06581618969849785 0.04793020229738456
0 0.405806039669403 0.6783887428844853 0.06581618969849785 0.04793020229738456
0 0.44781806754919007 0.6471691764199026 0.02107777454580706 0.011749190746650129
0 0.44781806754919007 0.6471691764199026 0.02107777454580706 0.011749190746650129
0 0.44509168027628637 0.6521306215060545 0.027455320303441867 0.014042210976388424
0 0.44509168027628637 0.6521306215060545 0.027455320303441867 0.014042210976388424
0 0.5174769922447785 0.6753956287491929 0.1075571506088231 0.08530845373324994
0 0.5174769922447785 0.6753956287491929 0.1075571506088231 0.08530845373324994
0 0.5658505904280073 0.6325993570835892 0.09352660151720879 0.06509741327377298
0 0.5658505904280073 0.6325993570835892 0.09352660151720879 0.06509741327377298
0 0.5539403928536016 0.5983968426292181 0.03552291181871077 0.01808036126356143
0 0.5539403928536016 0.5983968426292181 0.03552291181871077 0.01808036126356143
0 0.5907229157324189 0.5933237862795047 0.026275457576345217 0.018547080918953896
0 0.5907229157324189 0.5933237862795047 0.026275457576345217 0.018547080918953896
0 0.6106686249757541 0.5670047906190065 0.024457866061076316 0.015239450861519187
0 0.6106686249757541 0.5670047906190065 0.024457866061076316 0.015239450861519187
0 0.6160576266427441 0.5578631504467028 0.03852036606107632 0.016883121378430843
0 0.6160576266427441 0.5578631504467028 0.03852036606107632 0.016883121378430843
0 0.6657857860455589 0.31836436432672777 0.051530549091614475 0.024594161837907615
0 0.6657857860455589 0.31836436432672777 0.051530549091614475 0.024594161837907615
0 0.663617379227818 0.307010874441597 0.04346295757634522 0.02055601155073461
0 0.663617379227818 0.307010874441597 0.04346295757634522 0.02055601155073461
0 0.6508781342287878 0.28296460998722583 0.035778003333979846 0.02120536126356143
0 0.6508781342287878 0.28296460998722583 0.035778003333979846 0.02120536126356143