0 0.5082039249136868 0.7194800550272002 0.06920028589277134 0.028517456584775225
0 0.5082039249136868 0.7194800550272002 0.06920028589277134 0.028517456584775225
0 0.39198600644749193 0.6568543714036785 0.035322193361304155 0.01350021034569906
0 0.39198600644749193 0.6568543714036785 0.035322193361304155 0.01350021034569906
0 0.38725096225635075 0.6458032111371218 0.02571039502097818 0.010102425705962936
0 0.38725096225635075 0.6458032111371218 0.02571039502097818 0.010102425705962936
0 0.38571177304423143 0.6254907111371217 0.013210395020978183 0.00973871285298138
0 0.38571177304423143 0.6254907111371217 0.013210395020978183 0.00973871285298138
0 0.47373995623306603 0.37782375244077543 0.053338487552445454 0.02493781551854841
0 0.47373995623306603 0.37782375244077543 0.053338487552445454 0.02493781551854841
0 0.4753849666060283 0.3583834306540208 0.058144386722608486 0.02663670783841656
0 0.4753849666060283 0.3583834306540208 0.058144386722608486 0.02663670783841656
0 0.47830813444752335 0.3249488050272002 0.038210395020978186 0.010466138558944316
0 0.47830813444752335 0.3249488050272002 0.038210395020978186 0.010466138558944316
0 0.493210161417225 0.2747131243066724 0.027391294191141214 0.011710389812585653
0 0.493210161417225 0.2747131243066724 0.027391294191141214 0.011710389812585653
0 0.40243087344986117 0.24946542022917956 0.04308807178554286 0.05426160266556703
0 0.40243087344986117 0.24946542022917956 0.04308807178554286 0.05426160266556703
0 0.39163600602328463 0.28189147532288683 0.025591995850815154 0.008539925705962936
0 0.39163600602328463 0.28189147532288683 0.025591995850815154 0.008539925705962936
0 0.3711351744894796 0.3405390496169239 0.030989890871793248 0.01805131802583091
0 0.3711351744894796 0.3405390496169239 0.030989890871793248 0.01805131802583091
0 0.3726501302983384 0.3296697457768579 0.024147895020978184 0.01005696159934022
0 0.3726501302983384 0.3296697457768579 0.024147895020978184 0.01005696159934022