0 0.3480077765907079 0.2826941286550956 0.09904371572854584 0.0657261858759707
0 0.3480077765907079 0.2826941286550956 0.09904371572854584 0.0657261858759707
0 0.5770457453030255 0.5846349095009419 0.030870568401734032 0.020830697240056394
0 0.5770457453030255 0.5846349095009419 0.030870568401734032 0.020830697240056394
0 0.5678226637471118 0.6089900271956936 0.03583108418674961 0.025600017856907444
0 0.5678226637471118 0.6089900271956936 0.03583108418674961 0.025600017856907444
0 0.5582810637753467 0.6388138948904454 0.06742969468185844 0.058930715096963834
0 0.5582810637753467 0.6388138948904454 0.06742969468185844 0.058930715096963834
0 0.5109671770424657 0.7543667569031541 0.0879242052052021 0.062410271103318496
0 0.5109671770424657 0.7543667569031541 0.0879242052052021 0.062410271103318496
0 0.6741489874811049 0.6594246294691698 0.08112817363517096 0.05292617694751698
0 0.6741489874811049 0.6594246294691698 0.08112817363517096 0.05292617694751698
0 0.6874148269295264 0.6326575779270422 0.06339464206513998 0.04325116801906326
0 0.6874148269295264 0.6326575779270422 0.06339464206513998 0.04325116801906326
0 0.701727226887174 0.5879217763849146 0.04235409997176518 0.030396612012708955
0 0.701727226887174 0.5879217763849146 0.04235409997176518 0.030396612012708955
0 0.7171015979056266 0.5517524513038368 0.08507222099021768 0.06704322402541774
0 0.7171015979056266 0.5517524513038368 0.08507222099021768 0.06704322402541774
0 0.6956053004799928 0.49203257792704225 0.060542657850155376 0.0478841209411625
0 0.6956053004799928 0.49203257792704225 0.060542657850155376 0.0478841209411625
0 0.7240943215266802 0.4852916542259361 0.017915542093374804 0.012800008928453722
0 0.7240943215266802 0.4852916542259361 0.017915542093374804 0.012800008928453722
0 0.7012483557275472 0.4755445073101912 0.02434755261671846 0.016034103084255236
0 0.7012483557275472 0.4755445073101912 0.02434755261671846 0.016034103084255236
0 0.6954533820359063 0.46784110146599256 0.02434755261671846 0.016034103084255236
0 0.6954533820359063 0.46784110146599256 0.02434755261671846 0.016034103084255236
0 0.6164700792780136 0.33654228287773646 0.038956084186749604 0.0256545649348082
0 0.6164700792780136 0.33654228287773646 0.038956084186749604 0.0256545649348082
0 0.6032644239881069 0.3086763814977647 0.052093121018452496 0.03681025324641087
0 0.6032644239881069 0.3086763814977647 0.052093121018452496 0.03681025324641087
0 0.5436842976373952 0.2730349362863031 0.04547909997176518 0.030451159090609536
0 0.5436842976373952 0.2730349362863031 0.04547909997176518 0.030451159090609536
0 0.5361448134224108 0.2684838039810548 0.029217063140062293 0.019240923701106104
0 0.5361448134224108 0.2684838039810548 0.029217063140062293 0.019240923701106104
0 0.5121003686699652 0.25251393060426025 0.032706084186749605 0.025545470779006773
0 0.5121003686699652 0.25251393060426025 0.032706084186749605 0.025545470779006773
0 0.44677847653423813 0.2216554427791249 0.04418961575678075 0.03511138555165925