0 0.4112475571637269 0.25395539775033477 0.06720734736759475 0.04913472099021767
0 0.4112475571637269 0.25395539775033477 0.06720734736759475 0.04913472099021767
0 0.5267758426430894 0.3341217689099617 0.0720585384745874 0.054095236775233244
0 0.5267758426430894 0.3341217689099617 0.0720585384745874 0.054095236775233244
0 0.5789484670525262 0.3710078479056266 0.05254464664195524 0.031128173635171043
0 0.5789484670525262 0.3710078479056266 0.05254464664195524 0.031128173635171043
0 0.5904043222246693 0.3852145610739236 0.046294646641955414 0.03076415258848364
0 0.5904043222246693 0.3852145610739236 0.046294646641955414 0.03076415258848364
0 0.6000794225874891 0.3932622795038925 0.04624008293962447 0.02920165258848364
0 0.6000794225874891 0.3932622795038925 0.04624008293962447 0.02920165258848364
0 0.5972371647829406 0.4239585426580721 0.03664682813030105 0.022405621018452494
0 0.5972371647829406 0.4239585426580721 0.03664682813030105 0.022405621018452494
0 0.6318130614248962 0.4501269295321274 0.047857146641955416 0.030855157850155378
0 0.6318130614248962 0.4501269295321274 0.047857146641955416 0.030855157850155378
0 0.6354390584296713 0.4867091716396196 0.02074900961864685 0.013683068401734033
0 0.6354390584296713 0.4867091716396196 0.02074900961864685 0.013683068401734033
0 0.6340402495366638 0.4914876769012915 0.028670637023308566 0.017263094710093442
0 0.6340402495366638 0.4914876769012915 0.028670637023308566 0.017263094710093442
0 0.6094966065229055 0.5508472663497128 0.04193452885594055 0.039866136803468066
0 0.6094966065229055 0.5508472663497128 0.04193452885594055 0.039866136803468066
0 0.6356598024392215 0.5602831795321274 0.02872520072563951 0.018825594710093263
0 0.6356598024392215 0.5602831795321274 0.02872520072563951 0.018825594710093263
0 0.6370685350160263 0.5782064269012915 0.07340278366526398 0.04793624203690498
0 0.6370685350160263 0.5782064269012915 0.07340278366526398 0.04793624203690498
0 0.607438087918584 0.6488220347655644 0.02560020072563951 0.018643584186749607
0 0.607438087918584 0.6488220347655644 0.02560020072563951 0.018643584186749607
0 0.7195834238534334 0.6321134059251913 0.03702877404661713 0.03334312101845249
0 0.7195834238534334 0.6321134059251913 0.03702877404661713 0.03334312101845249
0 0.7499157645976062 0.6264325533225902 0.01611607332097762 0.01497255261671846
0 0.7499157645976062 0.6264325533225902 0.01611607332097762 0.01497255261671846
0 0.7324728042533201 0.5977006085701446 0.028834328130301047 0.021950594710093262
0 0.7324728042533201 0.5977006085701446 0.028834328130301047 0.021950594710093262
0 0.735007527211478 0.6030328506776368 0.014389882213985138 0.01019404735504672
0 0.735007527211478 0.6030328506776368 0.014389882213985138 0.01019404735504672
0 0.7238145668671917 0.5739368848785038 0.038973219962933216 0.04437162628012441
0 0.7238145668671917 0.5739368848785038 0.038973219962933216 0.04437162628012441
0 0.7207614887368907 0.5537608927710116 0.02392857332097762 0.015427578925077689
0 0.7207614887368907 0.5537608927710116 0.02392857332097762 0.015427578925077689
0 0.5511632290334257 0.22545242419986838 0.03546627404661713 0.033252115756780665