0 0.564032100229649 0.7585598650223062 0.039826503954332536 0.021938643940863402
0 0.564032100229649 0.7585598650223062 0.039826503954332536 0.021938643940863402
0 0.5695074619023668 0.6241848650223061 0.030133168973360824 0.013360869395056162
0 0.5695074619023668 0.6241848650223061 0.030133168973360824 0.013360869395056162
0 0.5753237217881985 0.5776287294163925 0.03501166996194396 0.018431006667959694
0 0.5753237217881985 0.5776287294163925 0.03501166996194396 0.018431006667959694
0 0.5683070592406283 0.5574597506282198 0.026944501977166267 0.011543277879787085
0 0.5683070592406283 0.5574597506282198 0.026944501977166267 0.011543277879787085
0 0.5686253942216004 0.5496472506282198 0.025445668973360824 0.012978232122152633
0 0.5686253942216004 0.5496472506282198 0.025445668973360824 0.012978232122152633
0 0.5726735656664189 0.5272460921434889 0.025445668973360824 0.012978232122152633
0 0.5726735656664189 0.5272460921434889 0.025445668973360824 0.012978232122152633
0 0.5436519105332227 0.4700076769907982 0.06428267589344294 0.048851830305381407
0 0.5436519105332227 0.4700076769907982 0.06428267589344294 0.048851830305381407
0 0.5439649283277198 0.38537758547552914 0.03351283695813834 0.01986596091032524
0 0.5439649283277198 0.38537758547552914 0.03351283695813834 0.01986596091032524
0 0.5378886832706357 0.36136612956617375 0.07302100593149916 0.03399210485118864
0 0.5378886832706357 0.36136612956617375 0.07302100593149916 0.03399210485118864
0 0.5213206071869123 0.3255243533533766 0.04151633794672147 0.025191189698497853
0 0.5213206071869123 0.3255243533533766 0.04151633794672147 0.025191189698497853
0 0.6560829263505534 0.40393588002521563 0.03513900395433271 0.021556006667959694
0 0.6560829263505534 0.40393588002521563 0.03513900395433271 0.021556006667959694
0 0.6846377133852415 0.6265282282084446 0.03963550296574958 0.0172511439408634
0 0.6846377133852415 0.6265282282084446 0.03963550296574958 0.0172511439408634
0 0.6892005379860902 0.6684446612389827 0.04476867193911023 0.02857128121376711
0 0.6892005379860902 0.6684446612389827 0.04476867193911023 0.02857128121376711
0 0.6998223615983555 0.7155587773000589 0.054207338935304605 0.03089905575957417