0 0.5010732557032126 0.3898295858619454 0.0648029796419344 0.04140554147037019
0 0.5010732557032126 0.3898295858619454 0.0648029796419344 0.04140554147037019
0 0.4979680421004072 0.4026713384538435 0.04535207279438911 0.02882762902925915
0 0.4979680421004072 0.4026713384538435 0.04535207279438911 0.02882762902925915
0 0.4307676549926187 0.555463439255047 0.04358931369509058 0.025565927992499838
0 0.4307676549926187 0.555463439255047 0.04358931369509058 0.025565927992499838
0 0.467436340217794 0.5514697148912046 0.039302331893687634 0.03140582488222208
0 0.467436340217794 0.5514697148912046 0.039302331893687634 0.03140582488222208
0 0.30513659931709275 0.5688116227141672 0.02287629549649317 0.017538814514629665
0 0.30513659931709275 0.5688116227141672 0.02287629549649317 0.017538814514629665
0 0.34303831507936644 0.5105015452400469 0.040564443244739845 0.02685502591898139
0 0.34303831507936644 0.5105015452400469 0.040564443244739845 0.02685502591898139