0 0.42252295989818656 0.7953262014583229 0.01729658800127254 0.011181479043628784
0 0.42252295989818656 0.7953262014583229 0.01729658800127254 0.011181479043628784
0 0.4231411252387316 0.7422012014583229 0.04073408800127254 0.013644859557668098
0 0.4231411252387316 0.7422012014583229 0.04073408800127254 0.013644859557668098
0 0.43519622990932233 0.7145266417153426 0.03139545066836362 0.0157845073520523
0 0.43519622990932233 0.7145266417153426 0.03139545066836362 0.0157845073520523
0 0.3938087085853219 0.6413425567900719 0.0549602200031817 0.029185387866091615
0 0.3938087085853219 0.6413425567900719 0.0549602200031817 0.029185387866091615
0 0.41783020062859266 0.32472748656890593 0.028306813335454352 0.018581056616847124
0 0.41783020062859266 0.32472748656890593 0.028306813335454352 0.018581056616847124
0 0.37630577196054726 0.3305317643274365 0.03769999466899989 0.021128908822462832
0 0.37630577196054726 0.3305317643274365 0.03769999466899989 0.021128908822462832
0 0.33539841394813874 0.4177502674535697 0.03452045066836353 0.016112958087257566
0 0.33539841394813874 0.4177502674535697 0.03452045066836353 0.016112958087257566