0 0.4378987730907421 0.6925051667809144 0.07814412384546295 0.03986808344622794
0 0.4378987730907421 0.6925051667809144 0.07814412384546295 0.03986808344622794
0 0.5040656175303708 0.24732214156614388 0.07529252591898139 0.04282930913596861
0 0.5040656175303708 0.24732214156614388 0.07529252591898139 0.04282930913596861
0 0.6053069058431951 0.33455879070706124 0.04185530933083328 0.016191566033373482
0 0.6053069058431951 0.33455879070706124 0.04185530933083328 0.016191566033373482
0 0.6056978851080099 0.36564501639680175 0.03560530933083328 0.015864017412854547
0 0.6056978851080099 0.36564501639680175 0.03560530933083328 0.015864017412854547
0 0.5507589409984733 0.584715920964786 0.02779280933083328 0.015454581637205677
0 0.5507589409984733 0.584715920964786 0.02779280933083328 0.015454581637205677
0 0.5514328842595383 0.5947902838096563 0.019570206220555518 0.010357645861557074
0 0.5514328842595383 0.5947902838096563 0.019570206220555518 0.010357645861557074