0 0.27398730105204755 0.43349093512962344 0.01939035009228505 0.035576867080279226
0 0.27398730105204755 0.43349093512962344 0.01939035009228505 0.035576867080279226
0 0.23753985888704188 0.48037128896835074 0.0194904796419344 0.037139367080279054
0 0.23753985888704188 0.48037128896835074 0.0194904796419344 0.037139367080279054
0 0.37321534546880664 0.38999802522259586 0.02860466378737563 0.05799817029858776
0 0.37321534546880664 0.38999802522259586 0.02860466378737563 0.05799817029858776
0 0.54455941934293 0.37412773474163585 0.014802979641934399 0.03681158514929388
0 0.54455941934293 0.37412773474163585 0.014802979641934399 0.03681158514929388
0 0.5507593545681052 0.3744719421669889 0.01989099784053163 0.04338936708027905
0 0.5507593545681052 0.3744719421669889 0.01989099784053163 0.04338936708027905
0 0.5820000601513462 0.4088415883282616 0.03359255243632368 0.06301345222957302
0 0.5820000601513462 0.4088415883282616 0.03359255243632368 0.06301345222957302
0 0.5997487646548529 0.42315546060432074 0.0342934592838688 0.07395095222957301
0 0.5997487646548529 0.42315546060432074 0.0342934592838688 0.07395095222957301
0 0.7243878192506449 0.3957738697550437 0.027803627390180986 0.045498170298587756
0 0.7243878192506449 0.3957738697550437 0.027803627390180986 0.045498170298587756
0 0.6911840954688067 0.36776348423743277 0.016165220542635694 0.0337958457929556
0 0.6911840954688067 0.36776348423743277 0.016165220542635694 0.0337958457929556
0 0.6853346136674039 0.3619505268120797 0.012940090992986342 0.03201482450563216
0 0.6853346136674039 0.3619505268120797 0.012940090992986342 0.03201482450563216
0 0.6465119455610917 0.33666630354728483 0.02916586829088228 0.04248243094224948
0 0.6465119455610917 0.33666630354728483 0.02916586829088228 0.04248243094224948
0 0.6370065376338122 0.3272202477310861 0.01762759099298634 0.03234260643661742
0 0.6370065376338122 0.3272202477310861 0.01762759099298634 0.03234260643661742
0 0.27356460132890276 0.33085760802610126 0.03395349784053163 0.04437271287323465