0 0.6186114223154002 0.6934207774809863 0.06712179802252863 0.052753397223122
0 0.6186114223154002 0.6934207774809863 0.06712179802252863 0.052753397223122
0 0.5775061850527489 0.525967221450759 0.04727919158591121 0.03449325657245197
0 0.5775061850527489 0.525967221450759 0.04727919158591121 0.03449325657245197
0 0.48121143119435106 0.1666470989565247 0.06846577673520518 0.04984799227734445
0 0.48121143119435106 0.1666470989565247 0.06846577673520518 0.04984799227734445
0 0.45965885928660893 0.1349959107787436 0.09332366510280768 0.07345441809068172
0 0.45965885928660893 0.1349959107787436 0.09332366510280768 0.07345441809068172
0 0.5751528193098521 0.12724678984543009 0.09241672896477801 0.08260982303645922
0 0.5751528193098521 0.12724678984543009 0.09241672896477801 0.08260982303645922
0 0.5921817821830867 0.16058294286054373 0.025983345792955602 0.017576020867559806
0 0.5921817821830867 0.16058294286054373 0.025983345792955602 0.017576020867559806
0 0.6930712008921907 0.5081716480445568 0.03412362772394086 0.023361496138672066
0 0.6930712008921907 0.5081716480445568 0.03412362772394086 0.023361496138672066