0 0.42424074696277714 0.7580588265074046 0.0835762194147918 0.03666955417661057
0 0.42424074696277714 0.7580588265074046 0.0835762194147918 0.03666955417661057
0 0.45698116499079794 0.7290819559530748 0.02521820554708327 0.010539393713693812
0 0.45698116499079794 0.7290819559530748 0.02521820554708327 0.010539393713693812
0 0.5755740429343053 0.40534270305759074 0.022129573138263935 0.011956344499482085
0 0.5755740429343053 0.40534270305759074 0.022129573138263935 0.011956344499482085
0 0.565926939210833 0.3829946681114026 0.03161367591180557 0.017080492142117088
0 0.565926939210833 0.3829946681114026 0.03161367591180557 0.017080492142117088
0 0.5453241516917705 0.3609184609154735 0.06046602773541672 0.04964043507002262
0 0.5453241516917705 0.3609184609154735 0.06046602773541672 0.04964043507002262
0 0.6505396349742706 0.309507972288013 0.07728985182361114 0.034815955748186946
0 0.6505396349742706 0.309507972288013 0.07728985182361114 0.034815955748186946
0 0.666454922493333 0.33136585566262455 0.05523301386770836 0.025984611248705037
0 0.666454922493333 0.33136585566262455 0.05523301386770836 0.025984611248705037
0 0.6921082327138193 0.3716655239834241 0.03321254350298623 0.01871576674922304
0 0.6921082327138193 0.3716655239834241 0.03321254350298623 0.01871576674922304
0 0.7133286160725691 0.40080936848290616 0.07616376291777786 0.05349318114108108
0 0.7133286160725691 0.40080936848290616 0.07616376291777786 0.05349318114108108
0 0.6578728241851037 0.6664857183590717 0.04425914627652787 0.023912688998963993
0 0.6578728241851037 0.6664857183590717 0.04425914627652787 0.023912688998963993
0 0.6034204071070134 0.7210426317174724 0.0190409407294446 0.01337329528527036
0 0.6034204071070134 0.7210426317174724 0.0190409407294446 0.01337329528527036
0 0.5888305770348952 0.7430439102535198 0.022275043502986237 0.018206344499482087
0 0.5888305770348952 0.7430439102535198 0.022275043502986237 0.018206344499482087
0 0.5695532469627771 0.7648268649682495 0.018968205547083273 0.010248295285270359