0 0.3769724139651688 0.6053794090517451 0.02568183847375849 0.039207945745273774
0 0.3769724139651688 0.6053794090517451 0.02568183847375849 0.039207945745273774
0 0.6592003072274657 0.5062298785065366 0.02255683847375849 0.03918976502711473
0 0.6592003072274657 0.5062298785065366 0.02255683847375849 0.03918976502711473
0 0.6663270146137918 0.5008020351223949 0.020912517856907443 0.03449317466803503
0 0.6663270146137918 0.5008020351223949 0.020912517856907443 0.03449317466803503
0 0.7138838530875503 0.46201224589478346 0.01907728246740419 0.01885908430895533
0 0.7138838530875503 0.46201224589478346 0.01907728246740419 0.01885908430895533
0 0.7464957556853381 0.5184576886149952 0.014444329545304769 0.02195681323171659
0 0.7464957556853381 0.5184576886149952 0.014444329545304769 0.02195681323171659
0 0.6871695742735943 0.6048400953290493 0.020939791395857908 0.03605567466803503
0 0.6871695742735943 0.6048400953290493 0.020939791395857908 0.03605567466803503
0 0.676136616887268 0.610245212815492 0.020939791395857908 0.03605567466803503
0 0.676136616887268 0.610245212815492 0.020939791395857908 0.03605567466803503
0 0.6439144521146157 0.6209963604543598 0.02727161201270878 0.040779536104353475
0 0.6439144521146157 0.6209963604543598 0.02727161201270878 0.040779536104353475
0 0.6336763814977647 0.6256247731203424 0.02247501785690744 0.03450226502711473
0 0.6336763814977647 0.6256247731203424 0.02247501785690744 0.03450226502711473
0 0.6171201270335379 0.6341230743500064 0.020830697240056394 0.02980567466803503
0 0.6171201270335379 0.6341230743500064 0.020830697240056394 0.02980567466803503
0 0.6108428534945874 0.6356492129136878 0.01929547077900686 0.03135908430895533
0 0.6108428534945874 0.6356492129136878 0.01929547077900686 0.03135908430895533
0 0.43333941640080076 0.688528252337691 0.02557274431795715 0.032957945745273776
0 0.43333941640080076 0.688528252337691 0.02557274431795715 0.032957945745273776
0 0.3347110016281484 0.6988930597156751 0.019322744317957153 0.03292158430895533