0 0.42194065596326435 0.5184354942063406 0.01631598423243048 0.031790827181401936
0 0.42194065596326435 0.5184354942063406 0.01631598423243048 0.031790827181401936
0 0.6818780472057991 0.4403411802769289 0.02816267401194459 0.0723256562083833
0 0.6818780472057991 0.4403411802769289 0.02816267401194459 0.0723256562083833
0 0.7370935304882991 0.48933470150109243 0.012936411094166721 0.02043266174512155
0 0.7370935304882991 0.48933470150109243 0.012936411094166721 0.02043266174512155
0 0.4120779595342367 0.6670983223105322 0.014862587005972294 0.036267994463261746
0 0.4120779595342367 0.6670983223105322 0.014862587005972294 0.036267994463261746
0 0.3659290049370839 0.6372604711365977 0.055270687879652856 0.09933881241676641
0 0.3659290049370839 0.6372604711365977 0.055270687879652856 0.09933881241676641
0 0.3160920058870144 0.6173234517580136 0.022602351823611144 0.03419465805396271