0 0.32311857731923566 0.4898289349873922 0.02278418977951393 0.040848140606883375
0 0.32311857731923566 0.4898289349873922 0.02278418977951393 0.040848140606883375
0 0.42916920877812464 0.4562195963470611 0.02300239532659738 0.050223140606883376
0 0.42916920877812464 0.4562195963470611 0.02300239532659738 0.050223140606883376
0 0.4378356939604856 0.45239309468007105 0.02292966014423605 0.047098140606883374
0 0.4378356939604856 0.45239309468007105 0.02292966014423605 0.047098140606883374
0 0.46972212680614545 0.42249842952738037 0.02278418977951393 0.040848140606883555
0 0.46972212680614545 0.42249842952738037 0.02278418977951393 0.040848140606883555
0 0.6532983462209371 0.37476307588413976 0.01148301386770818 0.024330320303441687
0 0.6532983462209371 0.37476307588413976 0.01148301386770818 0.024330320303441687
0 0.5448877405976039 0.3087550517973745 0.013045513867708358 0.024457866061076316
0 0.5448877405976039 0.3087550517973745 0.013045513867708358 0.024457866061076316