0 0.5743322037361736 0.39215282912033456 0.018940914772652383 0.012248627723940864
0 0.5743322037361736 0.39215282912033456 0.018940914772652383 0.012248627723940864
0 0.5757856095803721 0.3985120897639963 0.020476141233702096 0.010795388367602587
0 0.5757856095803721 0.3985120897639963 0.020476141233702096 0.010795388367602587
0 0.6744822082004004 0.39055176031468564 0.025190914772652385 0.012685670298587758
0 0.6744822082004004 0.39055176031468564 0.025190914772652385 0.012685670298587758
0 0.6735236801972231 0.4006533799928548 0.02680796185055314 0.015919930942249395
0 0.6735236801972231 0.4006533799928548 0.02680796185055314 0.015919930942249395
0 0.6737049123403157 0.43508301031468555 0.06474433847375849 0.04354218639013112
0 0.6737049123403157 0.43508301031468555 0.06474433847375849 0.04354218639013112
0 0.6266354488682049 0.7118204729358187 0.017405688311602673 0.01370186708027905
0 0.6266354488682049 0.7118204729358187 0.017405688311602673 0.01370186708027905
0 0.5017484971639214 0.7414155017647108 0.025381829545304768 0.023623170298587758