0 0.403609253385679 0.797024322703636 0.03389483893530461 0.028282130257724702
0 0.403609253385679 0.797024322703636 0.03389483893530461 0.028282130257724702
0 0.40502717334762295 0.7814402662812008 0.038327670950527096 0.02227779172311415
0 0.40502717334762295 0.7814402662812008 0.038327670950527096 0.02227779172311415
0 0.39733934874677435 0.7395426933504223 0.05408000494291585 0.026221663274411534
0 0.39733934874677435 0.7395426933504223 0.05408000494291585 0.026221663274411534
0 0.3994111847163294 0.727124580505552 0.04470500494291585 0.025730340343633175
0 0.3994111847163294 0.727124580505552 0.04470500494291585 0.025730340343633175
0 0.4153783774156864 0.6042602905914602 0.05784167490485981 0.042010437584671045
0 0.4153783774156864 0.6042602905914602 0.05784167490485981 0.042010437584671045
0 0.5322090276431478 0.29251828640758876 0.06252917490485962 0.042256099050060315
0 0.5322090276431478 0.29251828640758876 0.06252917490485962 0.042256099050060315
0 0.4220501190499105 0.24838210481581152 0.03408583992388792 0.03296963025772479
0 0.4220501190499105 0.24838210481581152 0.03408583992388792 0.03296963025772479
0 0.38224351973448245 0.32223900667026234 0.036765170950527094 0.022195904567984304
0 0.38224351973448245 0.32223900667026234 0.036765170950527094 0.022195904567984304
0 0.3802990177573161 0.33153211951513256 0.03188666996194396 0.017262743102595034
0 0.3802990177573161 0.33153211951513256 0.03188666996194396 0.017262743102595034
0 0.36282767486767875 0.37602574796383503 0.03520267095052709 0.02211401741285446
0 0.36282767486767875 0.37602574796383503 0.03520267095052709 0.02211401741285446
0 0.3235423403809984 0.37944731908559126 0.04039950692008221 0.034859678878243816
0 0.3235423403809984 0.37944731908559126 0.04039950692008221 0.034859678878243816
0 0.29667479836621347 0.5776834232240342 0.04151633794672147 0.024004066033373482
0 0.29667479836621347 0.5776834232240342 0.04151633794672147 0.024004066033373482
0 0.2977942879860901 0.6270659475342938 0.04626750494291585 0.025812227498762753
0 0.2977942879860901 0.6270659475342938 0.04626750494291585 0.025812227498762753
0 0.28628378502034063 0.6405552374483855 0.06696200692008229 0.03625176051544958
0 0.28628378502034063 0.6405552374483855 0.06696200692008229 0.03625176051544958
0 0.30152944163641165 0.6891122461548127 0.03989017095052709 0.02235967887824373
0 0.30152944163641165 0.6891122461548127 0.03989017095052709 0.02235967887824373
0 0.3011792731573425 0.6977059961548127 0.03507533695813834 0.018989017412854636
0 0.3011792731573425 0.6977059961548127 0.03507533695813834 0.018989017412854636
0 0.2911065947924416 0.752765310379164 0.0557698389353047 0.02942855042954129
0 0.2911065947924416 0.752765310379164 0.0557698389353047 0.02942855042954129
0 0.28415625783430326 0.769625261758645 0.06871550790866543 0.041021147670579336
0 0.28415625783430326 0.769625261758645 0.06871550790866543 0.041021147670579336
0 0.4082251106097724 0.683743072703636 0.04451400395433271 0.021042840343633174