0 0.6877209519390817 0.7243706817001179 0.023983531570031146 0.009511355386194253
0 0.6877209519390817 0.7243706817001179 0.023983531570031146 0.009511355386194253
0 0.7126860706796341 0.38817410646634876 0.050637036831702883 0.011228391490547728
0 0.7126860706796341 0.38817410646634876 0.050637036831702883 0.011228391490547728
0 0.7076569364364149 0.42259001308220706 0.017551521046687314 0.00634999394987581
0 0.7076569364364149 0.42259001308220706 0.017551521046687314 0.00634999394987581
0 0.6642870970585806 0.32202693170011787 0.022603042093374624 0.012627265027114642
0 0.6642870970585806 0.32202693170011787 0.022603042093374624 0.012627265027114642
0 0.6190949653756099 0.43170191354974524 0.03050654735504672 0.014235216822512697
0 0.6190949653756099 0.43170191354974524 0.03050654735504672 0.014235216822512697
0 0.6434649047957965 0.48782919370217037 0.060558068401734035 0.020657933645025394
0 0.6434649047957965 0.48782919370217037 0.060558068401734035 0.020657933645025394
0 0.6645957231269434 0.5822695401113742 0.03188703683170289 0.011119307181592398
0 0.6645957231269434 0.5822695401113742 0.03188703683170289 0.011119307181592398
0 0.6625550809912163 0.6143235160090732 0.030415542093374805 0.012672716822512697