0 0.3359902693210655 0.3948106539842938 0.07761644354388882 0.07487490440630076
0 0.3359902693210655 0.3948106539842938 0.07761644354388882 0.07487490440630076
0 0.27898912214851934 0.459369145436364 0.0348042269557407 0.044646697567956826
0 0.27898912214851934 0.459369145436364 0.0348042269557407 0.044646697567956826
0 0.3197214288874545 0.454340559835509 0.02290981969842587 0.032301603419172056
0 0.3197214288874545 0.454340559835509 0.02290981969842587 0.032301603419172056
0 0.3337545345896304 0.4474560313018906 0.028554226955740704 0.04384235805436543
0 0.3337545345896304 0.4474560313018906 0.028554226955740704 0.04384235805436543
0 0.6159532969834732 0.6172912384406848 0.08081935598499985 0.09382598928469861
0 0.6159532969834732 0.6172912384406848 0.08081935598499985 0.09382598928469861
0 0.6746639156451398 0.5964052940630071 0.037245721771944316 0.03723636732475253
0 0.6746639156451398 0.5964052940630071 0.037245721771944316 0.03723636732475253
0 0.6312453977846768 0.5418347052718729 0.08408105702175916 0.09579065904149431
0 0.6312453977846768 0.5418347052718729 0.08408105702175916 0.09579065904149431
0 0.6034812742220378 0.49796925770391615 0.05634703628657398 0.0613233009871287
0 0.6034812742220378 0.49796925770391615 0.05634703628657398 0.0613233009871287
0 0.27280676413726923 0.3945797588483802 0.027323917624907334 0.029779858054365428