0 0.5241342570307633 0.5764611873540479 0.03499324905006951 0.028564615756780754
0 0.5241342570307633 0.5764611873540479 0.03499324905006951 0.028564615756780754
0 0.5137403112673258 0.6543054662932433 0.014280705547083272 0.01019404735504672
0 0.5137403112673258 0.6543054662932433 0.014280705547083272 0.01019404735504672
0 0.5353613913394438 0.6304206452606732 0.015879573138263936 0.01184755261671846
0 0.5353613913394438 0.6304206452606732 0.015879573138263936 0.01184755261671846
0 0.554057493163055 0.5981240847514468 0.015843205547083274 0.01028505261671846
0 0.554057493163055 0.5981240847514468 0.015843205547083274 0.01028505261671846
0 0.5098171838924994 0.5882177347090947 0.03644664627652787 0.02396812101845249
0 0.5098171838924994 0.5882177347090947 0.03644664627652787 0.02396812101845249
0 0.5565648973233676 0.5909563268589391 0.022129573138263935 0.012211573663405773
0 0.5565648973233676 0.5909563268589391 0.022129573138263935 0.012211573663405773
0 0.6189610202328817 0.3236176374387526 0.014317073138263936 0.01175654735504672
0 0.6189610202328817 0.3236176374387526 0.014317073138263936 0.01175654735504672
0 0.6180342998681594 0.32991314006958855 0.014244337955902787 0.008631547355046721
0 0.6180342998681594 0.32991314006958855 0.014244337955902787 0.008631547355046721