0 0.2558595319935541 0.4490369292790543 0.01991765785015547 0.047675520678164315
0 0.2558595319935541 0.4490369292790543 0.01991765785015547 0.047675520678164315
0 0.35316790052234504 0.5671576906515938 0.024696163111827298 0.04945634449948209
0 0.35316790052234504 0.5671576906515938 0.024696163111827298 0.04945634449948209
0 0.5131652558263692 0.617694999790603 0.01312162628012441 0.03800942224974104
0 0.5131652558263692 0.617694999790603 0.01312162628012441 0.03800942224974104
0 0.5639310952747907 0.5934248999144375 0.031492194681858446 0.05912244292790554
0 0.5639310952747907 0.5934248999144375 0.031492194681858446 0.05912244292790554
0 0.5858893952606732 0.5795636071103665 0.03020271046687384 0.0637371683207995
0 0.5858893952606732 0.5795636071103665 0.03020271046687384 0.0637371683207995
0 0.6969487216255021 0.6364386534290942 0.025894642065139983 0.04327911910658777
0 0.6969487216255021 0.6364386534290942 0.025894642065139983 0.04327911910658777
0 0.6535781532237681 0.6547862390372361 0.015973610495108835 0.03346747146395277
0 0.6535781532237681 0.6547862390372361 0.015973610495108835 0.03346747146395277
0 0.6455381400695884 0.6583286160017068 0.012757605233436919 0.03175942224974104
0 0.6455381400695884 0.6583286160017068 0.012757605233436919 0.03175942224974104
0 0.5983068242986904 0.675713015092084 0.022314615756780752 0.035321069892376045
0 0.5983068242986904 0.675713015092084 0.022314615756780752 0.035321069892376045
0 0.5860875453594951 0.68376095553879 0.01735409997176518 0.03041524607105863
0 0.5860875453594951 0.68376095553879 0.01735409997176518 0.03041524607105863
0 0.23351555318141584 0.5905694578151015 0.03232665258848364 0.04669521753501123