0 0.23750323778706975 0.53671875 0.014383404567984214 0.0359375
0 0.23750323778706975 0.53671875 0.014383404567984214 0.0359375
0 0.2657577125722991 0.509375 0.02893058344622812 0.075
0 0.2657577125722991 0.509375 0.02893058344622812 0.075
0 0.6244632479638351 0.37734375 0.007232645861557074 0.01875
0 0.6244632479638351 0.37734375 0.007232645861557074 0.01875
0 0.6307132479638351 0.37734375 0.007232645861557074 0.01875
0 0.6307132479638351 0.37734375 0.007232645861557074 0.01875
0 0.5678447557657511 0.3703125 0.0106851944820761 0.025
0 0.5678447557657511 0.3703125 0.0106851944820761 0.025
0 0.4468771585247131 0.3578125 0.012575243102595123 0.03125
0 0.4468771585247131 0.3578125 0.012575243102595123 0.03125