0 0.5742447912372646 0.3499665404429416 0.0357953883676025 0.022917281743586492
0 0.5742447912372646 0.3499665404429416 0.0357953883676025 0.022917281743586492
0 0.5706663231682498 0.35495003836834915 0.037357888367602496 0.023035680913749523
0 0.5706663231682498 0.35495003836834915 0.037357888367602496 0.023035680913749523
0 0.6339743423618863 0.5190116157529694 0.029217606436617416 0.017756185062934547
0 0.6339743423618863 0.5190116157529694 0.029217606436617416 0.017756185062934547
0 0.5757187179921402 0.7079925279953869 0.0763875373788668 0.047752260997662076
0 0.5757187179921402 0.7079925279953869 0.0763875373788668 0.047752260997662076
0 0.5573564840836835 0.7486534167925878 0.022967606436617417 0.017282588382282426
0 0.5573564840836835 0.7486534167925878 0.022967606436617417 0.017282588382282426
0 0.4857435640371974 0.8027740769604129 0.045935212873234654 0.03456517676456485
0 0.4857435640371974 0.8027740769604129 0.045935212873234654 0.03456517676456485
0 0.7360560124083726 0.46258217176696526 0.03590464901126431 0.024479781743586494