0 0.7422726249421995 0.6217431862476184 0.024904824739800803 0.060369320804084484
0 0.7422726249421995 0.6217431862476184 0.024904824739800803 0.060369320804084484
0 0.710732697872978 0.6273742700702087 0.024331614653892508 0.04943182080408466
0 0.710732697872978 0.6273742700702087 0.024331614653892508 0.04943182080408466
0 0.6988911171402834 0.6236607946394492 0.01117651741285446 0.03547078034460771
0 0.6988911171402834 0.6236607946394492 0.01117651741285446 0.03547078034460771
0 0.3737815745126582 0.5243202528079187 0.033126760515449584 0.06909497109125766
0 0.3737815745126582 0.5243202528079187 0.033126760515449584 0.06909497109125766
0 0.4118957281761314 0.5404221241863496 0.027702276119281777 0.0544845809189539
0 0.4118957281761314 0.5404221241863496 0.027702276119281777 0.0544845809189539
0 0.42176205110690984 0.5508929045309572 0.04307497060135788 0.08112825143586537
0 0.42176205110690984 0.5508929045309572 0.04307497060135788 0.08112825143586537
0 0.2969324694697041 0.5099026299936227 0.01808825870642732 0.019196430631780715
0 0.2969324694697041 0.5099026299936227 0.01808825870642732 0.019196430631780715
0 0.3421188167107421 0.5276075866305092 0.016361984396167806 0.015888800574346183
0 0.3421188167107421 0.5276075866305092 0.016361984396167806 0.015888800574346183
0 0.2949273134313818 0.6494318496490151 0.05278416327441153 0.05896916183790761
0 0.2949273134313818 0.6494318496490151 0.05278416327441153 0.05896916183790761
0 0.36162016847433587 0.6626623770899862 0.01799972749876284 0.04713880057434601
0 0.36162016847433587 0.6626623770899862 0.01799972749876284 0.04713880057434601
0 0.6378418317487474 0.7477476371410435 0.022195904567984214 0.03831169074664995
0 0.6378418317487474 0.7477476371410435 0.022195904567984214 0.03831169074664995
0 0.605193106059007 0.7470374059349166 0.013892081637205678 0.02802354045947695
0 0.605193106059007 0.7470374059349166 0.013892081637205678 0.02802354045947695
0 0.6936381303692665 0.7604810041799723 0.02474105042954129 0.05724432080408448
0 0.6936381303692665 0.7604810041799723 0.02474105042954129 0.05724432080408448
0 0.704285703300045 0.7710430995532972 0.01783595318850324 0.04401380057434601
0 0.704285703300045 0.7710430995532972 0.01783595318850324 0.04401380057434601
0 0.746725508817969 0.7511567411614665 0.013892081637205678 0.02802354045947695
0 0.746725508817969 0.7511567411614665 0.013892081637205678 0.02802354045947695
0 0.7573321381711826 0.7609375865347914 0.02589411465389251 0.04961445086151919