0 0.4420151091640786 0.23035521422677677 0.02719916996194378 0.01810471589015448
0 0.4420151091640786 0.23035521422677677 0.02719916996194378 0.01810471589015448
0 0.45347919117930113 0.23551122192229687 0.022575336958138337 0.019229618968362415
0 0.45347919117930113 0.23551122192229687 0.022575336958138337 0.019229618968362415
0 0.4922260147915665 0.2778124652667665 0.04990184091247087 0.04045933485851698
0 0.4922260147915665 0.2778124652667665 0.04990184091247087 0.04045933485851698
0 0.4745437662744413 0.27245867013363567 0.03682883794672147 0.02522990973373842
0 0.4745437662744413 0.27245867013363567 0.03682883794672147 0.02522990973373842
0 0.6996923690127294 0.5534120927628428 0.030706171939110228 0.027771447171349096
0 0.6996923690127294 0.5534120927628428 0.030706171939110228 0.027771447171349096
0 0.6938707919404228 0.5243809881455308 0.08724001482874755 0.07818924459225549
0 0.6938707919404228 0.5243809881455308 0.08724001482874755 0.07818924459225549
0 0.6845886338414771 0.4847770476297121 0.040081171939110226 0.028646641014933038
0 0.6845886338414771 0.4847770476297121 0.040081171939110226 0.028646641014933038
0 0.6832980478719219 0.49734998045001066 0.036765170950527094 0.02366740973373833
0 0.6832980478719219 0.49734998045001066 0.036765170950527094 0.02366740973373833
0 0.6013728631184113 0.1967998517061486 0.09486151384016459 0.07423107279524199
0 0.6013728631184113 0.1967998517061486 0.09486151384016459 0.07423107279524199