0 0.5725944772504118 0.7523811347315137 0.04604024607105863 0.016943459092057724
0 0.5725944772504118 0.7523811347315137 0.04604024607105863 0.016943459092057724
0 0.47511358581302965 0.36803121529375693 0.03339469685684691 0.013454746239076342
0 0.47511358581302965 0.36803121529375693 0.03339469685684691 0.013454746239076342
0 0.46931519602827726 0.3272925550272002 0.042915246071058635 0.016852530878812378
0 0.46931519602827726 0.3272925550272002 0.042915246071058635 0.016852530878812378
0 0.48922528163641915 0.28574155251991773 0.044696069892376046 0.021585494985435095
0 0.48922528163641915 0.28574155251991773 0.044696069892376046 0.021585494985435095
0 0.48228392286891353 0.27071594609342703 0.03993579528527036 0.019886602665567032
0 0.48228392286891353 0.27071594609342703 0.03993579528527036 0.019886602665567032
0 0.3779111000810532 0.3581811906831507 0.023946922249741043 0.01161946159934022
0 0.3779111000810532 0.3581811906831507 0.023946922249741043 0.01161946159934022
0 0.3774209485094767 0.36440845862983934 0.02216609842842345 0.006886497492717502
0 0.3774209485094767 0.36440845862983934 0.02216609842842345 0.006886497492717502
0 0.39660771194893085 0.6590988330030187 0.05189213978475227 0.04207985141192587
0 0.39660771194893085 0.6590988330030187 0.05189213978475227 0.04207985141192587