0 0.41663490721487095 0.7476519988222214 0.03997255261671846 0.01904252591898139
0 0.41663490721487095 0.7476519988222214 0.03997255261671846 0.01904252591898139
0 0.41775852048199 0.6334917540060178 0.030324536831702886 0.013534819698425871
0 0.41775852048199 0.6334917540060178 0.030324536831702886 0.013534819698425871
0 0.43447079444186204 0.3465870762963418 0.030415542093374805 0.01509731969842587
0 0.43447079444186204 0.3465870762963418 0.030415542093374805 0.01509731969842587
0 0.330420331273565 0.3483656068334716 0.028853042093374803 0.014960618661666559
0 0.330420331273565 0.3483656068334716 0.028853042093374803 0.014960618661666559
0 0.3382930154320797 0.4034632099437494 0.027199536831702974 0.013261417624907245
0 0.3382930154320797 0.4034632099437494 0.027199536831702974 0.013261417624907245
0 0.3156877862670056 0.6292253360982866 0.07360409997176517 0.03597574769092589
0 0.3156877862670056 0.6292253360982866 0.07360409997176517 0.03597574769092589
0 0.31360164150044256 0.6601335835063884 0.06395608418674961 0.03046804147037019
0 0.31360164150044256 0.6601335835063884 0.06395608418674961 0.03046804147037019
0 0.32246070200966886 0.6787858386901846 0.04337056840173403 0.024003427992499837
0 0.32246070200966886 0.6787858386901846 0.04337056840173403 0.024003427992499837