0 0.1119162041432106 0.520141217949296 0.024446620941162588 0.05890411910658777
0 0.1119162041432106 0.520141217949296 0.024446620941162588 0.05890411910658777
0 0.12201790706530993 0.5227931830031081 0.011428423701106106 0.028634422249740867
0 0.12201790706530993 0.5227931830031081 0.011428423701106106 0.028634422249740867
0 0.4441695965947286 0.5366714766357484 0.011537517856907441 0.034884422249741046
0 0.4441695965947286 0.5366714766357484 0.011537517856907441 0.034884422249741046
0 0.46551671672511236 0.6106162448327135 0.006768197240056395 0.02997859842842345
0 0.46551671672511236 0.6106162448327135 0.006768197240056395 0.02997859842842345
0 0.4569638770335378 0.6086727551717958 0.009947744317957152 0.03324914764263518
0 0.4569638770335378 0.6086727551717958 0.009947744317957152 0.03324914764263518
0 0.27530477394928277 0.6405521095960751 0.035465941558013546 0.06410104135632881
0 0.27530477394928277 0.6405521095960751 0.035465941558013546 0.06410104135632881
0 0.1877229533324317 0.6493149875940032 0.055860262174864596 0.06973461124870503
0 0.1877229533324317 0.6493149875940032 0.055860262174864596 0.06973461124870503