0 0.2072320804077358 0.46536242134838535 0.02405754809323426 0.06262726502711473
0 0.2072320804077358 0.46536242134838535 0.02405754809323426 0.06262726502711473
0 0.23363088930074322 0.4702044574527388 0.04189981252120454 0.08147725897699054
0 0.23363088930074322 0.4702044574527388 0.04189981252120454 0.08147725897699054
0 0.4249428808632228 0.5635237071581513 0.011865082939624471 0.026626132513557367
0 0.4249428808632228 0.5635237071581513 0.011865082939624471 0.026626132513557367
0 0.516294567160892 0.5656179931643088 0.008794646641955417 0.028170451795398142
0 0.516294567160892 0.5656179931643088 0.008794646641955417 0.028170451795398142
0 0.6781546717000628 0.6743940712267483 0.016334328130301046 0.02040340359079611
0 0.6781546717000628 0.6743940712267483 0.016334328130301046 0.02040340359079611
0 0.5414359217000628 0.6735986648072818 0.011974210344286362 0.029751132513557366
0 0.5414359217000628 0.6735986648072818 0.011974210344286362 0.029751132513557366
0 0.31616310318840857 0.6801021530998168 0.021185519237293705 0.02511817466803503