0 0.5305408662003985 0.7587087973146408 0.040601689212119395 0.023272479254075586
0 0.5305408662003985 0.7587087973146408 0.040601689212119395 0.023272479254075586
0 0.5817831348717306 0.7276373186852652 0.028953794191141212 0.013068685062934371
0 0.5817831348717306 0.7276373186852652 0.028953794191141212 0.013068685062934371
0 0.6089590962796668 0.6147354995990147 0.04794059253146728 0.01761447510489056
0 0.6089590962796668 0.6147354995990147 0.04794059253146728 0.01761447510489056
0 0.597867308312303 0.5913688545780366 0.08470688672260848 0.03127515601864026
0 0.597867308312303 0.5913688545780366 0.08470688672260848 0.03127515601864026
0 0.6295074720046131 0.5681331867365416 0.025568685062934547 0.029900987552445458
0 0.6295074720046131 0.5681331867365416 0.025568685062934547 0.029900987552445458
0 0.5562573809230382 0.452282121174776 0.04301629419114121 0.014134277594401645
0 0.5562573809230382 0.452282121174776 0.04301629419114121 0.014134277594401645
0 0.5795881371468157 0.4423985583123029 0.08217388257342347 0.0388508576783142
0 0.5795881371468157 0.4423985583123029 0.08217388257342347 0.0388508576783142
0 0.7182837842423863 0.4583456348717306 0.05082879419114121 0.014726273445216797
0 0.7182837842423863 0.4583456348717306 0.05082879419114121 0.014726273445216797
0 0.7027109415104263 0.724372453957981 0.041453794191141216 0.014015878424238615
0 0.7027109415104263 0.724372453957981 0.041453794191141216 0.014015878424238615