0 0.42451963817118255 0.703768400271772 0.0733423247398008 0.06272922896477802
0 0.42451963817118255 0.703768400271772 0.0733423247398008 0.06272922896477802
0 0.4190575322237173 0.6738077486626176 0.027463258706427317 0.019044930942249395
0 0.4190575322237173 0.6738077486626176 0.027463258706427317 0.019044930942249395
0 0.41935410334547346 0.6349091396281104 0.03075203301668683 0.02238845222957302
0 0.41935410334547346 0.6349091396281104 0.03075203301668683 0.02238845222957302
0 0.49189973145549165 0.4002388447076749 0.056652791723114146 0.0413241225281606
0 0.49189973145549165 0.4002388447076749 0.056652791723114146 0.0413241225281606
0 0.5021002470593239 0.386941169213307 0.041935194482076096 0.027840776735205085
0 0.5021002470593239 0.386941169213307 0.041935194482076096 0.027840776735205085
0 0.5067501255080264 0.371698581466123 0.058051517412854636 0.03830838317182241
0 0.5067501255080264 0.371698581466123 0.058051517412854636 0.03830838317182241
0 0.44611251865604995 0.3137496876506389 0.032396420171816584 0.024060212873234656
0 0.44611251865604995 0.3137496876506389 0.032396420171816584 0.024060212873234656
0 0.43266417231952303 0.32448509185768326 0.06134029172311415 0.04165190445914595
0 0.43266417231952303 0.32448509185768326 0.06134029172311415 0.04165190445914595
0 0.41102818973237765 0.3572211822027572 0.032396420171816584 0.024060212873234656
0 0.41102818973237765 0.3572211822027572 0.032396420171816584 0.024060212873234656
0 0.4068320126631561 0.36626840027177204 0.02738137155129756 0.017482430942249483
0 0.4068320126631561 0.36626840027177204 0.02738137155129756 0.017482430942249483
0 0.3339555139063516 0.6094778148703766 0.016198210085908292 0.012030106436617416
0 0.3339555139063516 0.6094778148703766 0.016198210085908292 0.012030106436617416
0 0.3353099739922598 0.6204699451922074 0.02738137155129756 0.01748243094224957
0 0.3353099739922598 0.6204699451922074 0.02738137155129756 0.01748243094224957
0 0.33732285334547346 0.6291729558358693 0.024174484396167806 0.015701409654926123
0 0.33732285334547346 0.6291729558358693 0.024174484396167806 0.015701409654926123
0 0.3328301051544958 0.6771187829393914 0.035603307326946255 0.025841234160558103
0 0.3328301051544958 0.6771187829393914 0.035603307326946255 0.025841234160558103
0 0.33849692898978545 0.7109856845485457 0.04423467887824382 0.04201253737886681
0 0.33849692898978545 0.7109856845485457 0.04423467887824382 0.04201253737886681
0 0.3381317588179689 0.6891653148703766 0.03864642017181659 0.024497255447881727