0 0.3866697921337906 0.36581623845462896 0.020248598183228772 0.03900371140435181
0 0.3866697921337906 0.36581623845462896 0.020248598183228772 0.03900371140435181
0 0.40034965486088697 0.36235904778546224 0.03038887272903601 0.049198917624907426
0 0.40034965486088697 0.36235904778546224 0.03038887272903601 0.049198917624907426
0 0.6914687334992784 0.4413499380307858 0.02675368969849785 0.0426755155513888
0 0.6914687334992784 0.4413499380307858 0.02675368969849785 0.0426755155513888
0 0.7029801894086338 0.44933809528810065 0.0250636439408634 0.040976314514629665
0 0.7029801894086338 0.44933809528810065 0.0250636439408634 0.040976314514629665
0 0.7123867535031578 0.5455685463248597 0.02012105242559432 0.0374412114043519
0 0.7123867535031578 0.5455685463248597 0.02012105242559432 0.0374412114043519
0 0.7018478662302542 0.5399924895859247 0.014923369395056164 0.030781108294074145