0 0.20936147436693103 0.7288876398473382 0.03858401000193963 0.052963173916276675
0 0.20936147436693103 0.7288876398473382 0.03858401000193963 0.052963173916276675
0 0.21411261830779438 0.6898888068435326 0.03482128121376702 0.04502333992388792
0 0.21411261830779438 0.6898888068435326 0.03482128121376702 0.04502333992388792
0 0.2331017343688707 0.6781209772997681 0.04209164727484325 0.05777800790866543
0 0.2331017343688707 0.6781209772997681 0.04209164727484325 0.05777800790866543
0 0.256347786794465 0.6430111482502952 0.03584164727484325 0.05752333992388792
0 0.256347786794465 0.6430111482502952 0.03584164727484325 0.05752333992388792
0 0.26820992906833846 0.6129244002274614 0.02936850666795978 0.0354573389353046
0 0.26820992906833846 0.6129244002274614 0.02936850666795978 0.0354573389353046
0 0.16580227725156726 0.5711268779843401 0.029496052425594322 0.037019838935304604
0 0.16580227725156726 0.5711268779843401 0.029496052425594322 0.037019838935304604
0 0.23603477104264944 0.4885491413302129 0.045726830305381404 0.06415534190105418
0 0.23603477104264944 0.4885491413302129 0.045726830305381404 0.06415534190105418
0 0.45268052391758734 0.6000609387822052 0.04480205909355419 0.07190417490485981
0 0.45268052391758734 0.6000609387822052 0.04480205909355419 0.07190417490485981
0 0.7304224998308222 0.5008554121276406 0.054432150608823095 0.07541117688202625
0 0.7304224998308222 0.5008554121276406 0.054432150608823095 0.07541117688202625
0 0.7667586125579186 0.5070390865382088 0.06613492515463033 0.0852318458553869
0 0.7667586125579186 0.5070390865382088 0.06613492515463033 0.0852318458553869
0 0.7196121587745951 0.3836214911771135 0.045216647274843244 0.05790534190105419
0 0.7196121587745951 0.3836214911771135 0.045216647274843244 0.05790534190105419
0 0.6529348418051331 0.3746338103407547 0.024681006667959693 0.035266337946721474
0 0.6529348418051331 0.3746338103407547 0.024681006667959693 0.035266337946721474
0 0.6432409774110468 0.37815805836358835 0.025191189698497853 0.04151633794672147
0 0.6432409774110468 0.37815805836358835 0.025191189698497853 0.04151633794672147
0 0.5839297502898642 0.37495746250820144 0.02688123545613248 0.04314250494291585