0 0.23586815164574082 0.5500956253875963 0.02279888257342346 0.03411418414544123
0 0.23586815164574082 0.5500956253875963 0.02279888257342346 0.03411418414544123
0 0.6116978684522618 0.46381485734588246 0.015956886722608487 0.02590116594684382
0 0.6116978684522618 0.46381485734588246 0.015956886722608487 0.02590116594684382
0 0.6469850956317449 0.41879345157807135 0.012476689212119396 0.02101340684754529
0 0.6469850956317449 0.41879345157807135 0.012476689212119396 0.02101340684754529
0 0.6191435155478324 0.45789552437246045 0.012713487552445456 0.024138406847545292
0 0.6191435155478324 0.45789552437246045 0.012713487552445456 0.024138406847545292
0 0.6536709582844366 0.5357609060815781 0.06673905933798814 0.0804675524363235
0 0.6536709582844366 0.5357609060815781 0.06673905933798814 0.0804675524363235
0 0.2879024030956333 0.6431657025009219 0.036719672615379825 0.05366522054263569
0 0.2879024030956333 0.6431657025009219 0.036719672615379825 0.05366522054263569