0 0.44483460172670186 0.7060795915594065 0.020712543502986236 0.019801603419171875
0 0.44483460172670186 0.7060795915594065 0.020712543502986236 0.019801603419171875
0 0.4334970582237158 0.6874844974106216 0.038300087005972296 0.039201037081548054
0 0.4334970582237158 0.6874844974106216 0.038300087005972296 0.039201037081548054
0 0.38240733690906303 0.7011611964234927 0.022165940729444424 0.015315188297569726
0 0.38240733690906303 0.7011611964234927 0.022165940729444424 0.015315188297569726
0 0.4082080771254173 0.7722467620386594 0.014389808320624909 0.015872263905580653
0 0.4082080771254173 0.7722467620386594 0.014389808320624909 0.015872263905580653
0 0.3896210780753478 0.7433717859370841 0.017514808320625085 0.016274433662376353
0 0.3896210780753478 0.7433717859370841 0.017514808320625085 0.016274433662376353
0 0.3763021540634033 0.6731136493491003 0.015843205547083274 0.011385848783978502
0 0.3763021540634033 0.6731136493491003 0.015843205547083274 0.011385848783978502
0 0.3788069453821879 0.5464736964234927 0.022347778685347208 0.023127688297569726
0 0.3788069453821879 0.5464736964234927 0.022347778685347208 0.023127688297569726
0 0.34657306078916694 0.3997848761731327 0.019004573138263935 0.013350518540774115
0 0.34657306078916694 0.3997848761731327 0.019004573138263935 0.013350518540774115