0 0.29290766355154113 0.5170762950065594 0.04821140340856669 0.07929265785015538
0 0.29290766355154113 0.5170762950065594 0.04821140340856669 0.07929265785015538
0 0.7248104541366199 0.39494733489262124 0.0497466298696164 0.0778211631118273
0 0.7248104541366199 0.39494733489262124 0.0497466298696164 0.0778211631118273
0 0.6145939285690748 0.3083034505788148 0.021021612012708957 0.04180806840173403
0 0.6145939285690748 0.3083034505788148 0.021021612012708957 0.04180806840173403
0 0.5833712021080252 0.3116860558122518 0.01935001785690744 0.035467063140062115
0 0.5833712021080252 0.3116860558122518 0.01935001785690744 0.035467063140062115
0 0.3752098745913153 0.3934120108762795 0.017651150162155814 0.027563557878390377
0 0.3752098745913153 0.3934120108762795 0.017651150162155814 0.027563557878390377
0 0.36583487459131525 0.39395804244631066 0.0128272824674041 0.019478042093374802
0 0.36583487459131525 0.39395804244631066 0.0128272824674041 0.019478042093374802