0 0.2872551189223608 0.46768915261756056 0.027798998100138927 0.054982430942249395
0 0.2872551189223608 0.46768915261756056 0.027798998100138927 0.054982430942249395
0 0.30344316337527744 0.4782113893760087 0.02947060087368065 0.059779191585911204
0 0.30344316337527744 0.4782113893760087 0.02947060087368065 0.059779191585911204
0 0.3240641346899301 0.4999989080654421 0.04542290919430556 0.07493429802252863
0 0.3240641346899301 0.4999989080654421 0.04542290919430556 0.07493429802252863
0 0.3458663995075691 0.5046535570767064 0.025945557370694417 0.04237317029858776
0 0.3458663995075691 0.5046535570767064 0.025945557370694417 0.04237317029858776
0 0.3619635249825343 0.5190820438351548 0.024601262917777866 0.051638909654926124
0 0.3619635249825343 0.5190820438351548 0.024601262917777866 0.051638909654926124
0 0.3685765476839579 0.5375424667316324 0.017842116641249996 0.02932686708027905
0 0.3685765476839579 0.5375424667316324 0.017842116641249996 0.02932686708027905
0 0.42193728381624956 0.5647494589379624 0.014608013867708358 0.024420845792955604
0 0.42193728381624956 0.5647494589379624 0.014608013867708358 0.024420845792955604
0 0.4426128065176732 0.5841932276273958 0.020022865691319502 0.05599862772394086
0 0.4426128065176732 0.5841932276273958 0.020022865691319502 0.05599862772394086
0 0.46554116024114534 0.6077071372823217 0.01816942496187508 0.04338936708027905
0 0.46554116024114534 0.6077071372823217 0.01816942496187508 0.04338936708027905
0 0.5016059468102773 0.6047513820865417 0.02808993882958326 0.06748243094224957
0 0.5016059468102773 0.6047513820865417 0.02808993882958326 0.06748243094224957
0 0.5683752195117009 0.6274183397639963 0.009847778685347208 0.02096806386197052
0 0.5683752195117009 0.6274183397639963 0.009847778685347208 0.02096806386197052
0 0.5920854764455551 0.6173384994189224 0.027871733282499988 0.05810743094224939
0 0.5920854764455551 0.6173384994189224 0.027871733282499988 0.05810743094224939
0 0.6045309250587843 0.6205563345682161 0.02285692496187508 0.04371714901126431
0 0.6045309250587843 0.6205563345682161 0.02285692496187508 0.04371714901126431
0 0.6249525278323259 0.6172892229358188 0.02122168977951393 0.0404828883676025
0 0.6249525278323259 0.6172892229358188 0.02122168977951393 0.0404828883676025
0 0.7138331898764231 0.6313295796245376 0.02271145459715278 0.037467149011264314
0 0.7138331898764231 0.6313295796245376 0.02271145459715278 0.037467149011264314
0 0.7371778112673258 0.7378198802449563 0.0564695119678472 0.0803866225281606
0 0.7371778112673258 0.7378198802449563 0.0564695119678472 0.0803866225281606
0 0.69213806820118 0.722932571578766 0.02242051386770836 0.02496714901126431
0 0.69213806820118 0.722932571578766 0.02242051386770836 0.02496714901126431
0 0.713304553383541 0.7212825902681994 0.013081881458888844 0.02587408514929379
0 0.713304553383541 0.7212825902681994 0.013081881458888844 0.02587408514929379
0 0.6543834950629162 0.7312478161308843 0.022747822188333443 0.03902964901126431
0 0.6543834950629162 0.7312478161308843 0.022747822188333443 0.03902964901126431
0 0.6652300760849646 0.7359188906365165 0.01965918977951393 0.04037362772394086
0 0.6652300760849646 0.7359188906365165 0.01965918977951393 0.04037362772394086
0 0.6339073409026036 0.7368586777632817 0.020603440729444422 0.0139203883676025
0 0.6339073409026036 0.7368586777632817 0.020603440729444422 0.0139203883676025
0 0.6088164219246522 0.739016757464694 0.01631598423243048 0.030780106436617417
0 0.6088164219246522 0.739016757464694 0.01631598423243048 0.030780106436617417
0 0.5986783557202424 0.7375253132808928 0.013045513867708358 0.02431158514929379
0 0.5986783557202424 0.7375253132808928 0.013045513867708358 0.02431158514929379
0 0.31183427878225645 0.6219995942034717 0.014644381458888845 0.025983345792955602
0 0.31183427878225645 0.6219995942034717 0.014644381458888845 0.025983345792955602
0 0.2639604764455551 0.5943937642499579 0.019404616641249994 0.029436127723940865
0 0.2639604764455551 0.5943937642499579 0.019404616641249994 0.029436127723940865
0 0.2539678806058676 0.5866523200661566 0.014680749050069507 0.027545845792955603
0 0.2539678806058676 0.5866523200661566 0.014680749050069507 0.027545845792955603
0 0.2172679676118398 0.5496550646182751 0.017842116641249996 0.029326867080279227