0 0.3489117481542987 0.67835355081809 0.09911742288667416 0.061593423062013916
0 0.3489117481542987 0.67835355081809 0.09911742288667416 0.061593423062013916
0 0.36815070635843333 0.5850756762930552 0.08289164558877822 0.051854747150208345
0 0.36815070635843333 0.5850756762930552 0.08289164558877822 0.051854747150208345
0 0.3623210109542252 0.5664893304533678 0.030989184145441228 0.02100348423243048
0 0.3623210109542252 0.5664893304533678 0.030989184145441228 0.02100348423243048
0 0.5207993491694344 0.29679181345152733 0.032451554595791875 0.019477351823611145
0 0.5207993491694344 0.29679181345152733 0.032451554595791875 0.019477351823611145
0 0.4326170311554073 0.2364375013311802 0.08535531153562222 0.06595361474138892
0 0.4326170311554073 0.2364375013311802 0.08535531153562222 0.06595361474138892
0 0.4073469208840894 0.2534074489944788 0.0507404796419344 0.0370648953265972
0 0.4073469208840894 0.2534074489944788 0.0507404796419344 0.0370648953265972
0 0.2416790414913236 0.6231231497919095 0.10480621838316742 0.07732752583555573