0 0.523410930564549 0.4485599421101421 0.044150043502986056 0.021785810292873364
0 0.523410930564549 0.4485599421101421 0.044150043502986056 0.021785810292873364
0 0.5585327726045144 0.5443299593904871 0.08219555737069442 0.049164719115336195
0 0.5585327726045144 0.5443299593904871 0.08219555737069442 0.049164719115336195
0 0.5517028507767714 0.6210144489123015 0.04095230832062491 0.0183323595576681
0 0.5517028507767714 0.6210144489123015 0.04095230832062491 0.0183323595576681
0 0.5547739526003825 0.6520181108608976 0.05036367591180557 0.020880211763283897
0 0.5547739526003825 0.6520181108608976 0.05036367591180557 0.020880211763283897
0 0.5621506947165977 0.6661228467066858 0.028452308320624908 0.017018556616847036
0 0.5621506947165977 0.6661228467066858 0.028452308320624908 0.017018556616847036
0 0.4835535692416325 0.6876974777706181 0.06667966014423606 0.052209965439310044
0 0.4835535692416325 0.6876974777706181 0.06667966014423606 0.052209965439310044
0 0.456226043406077 0.59032508365226 0.03815461664125017 0.03206640882246283
0 0.456226043406077 0.59032508365226 0.03815461664125017 0.03206640882246283
0 0.45641953305375027 0.2621602068142469 0.03313980832062491 0.017511232719655025
0 0.45641953305375027 0.2621602068142469 0.03313980832062491 0.017511232719655025
0 0.5131410053183336 0.20920886821294998 0.03641027868534721 0.0240896834548602