0 0.4560031404103933 0.8001419739563808 0.08154998184962743 0.058194879396995705
0 0.4560031404103933 0.8001419739563808 0.08154998184962743 0.058194879396995705
0 0.4806804326630668 0.7467139560785332 0.029787493949875808 0.01961086939505634
0 0.4806804326630668 0.7467139560785332 0.029787493949875808 0.01961086939505634
0 0.4843548785065366 0.7071890704726196 0.050181807181592396 0.03533146424430509
0 0.4843548785065366 0.7071890704726196 0.050181807181592396 0.03533146424430509
0 0.477505435688129 0.7378651145632642 0.023510222872636887 0.014413186364518183
0 0.477505435688129 0.7378651145632642 0.023510222872636887 0.014413186364518183
0 0.47489352009528024 0.6915800459268124 0.10504202400410509 0.06948306576151389
0 0.47489352009528024 0.6915800459268124 0.10504202400410509 0.06948306576151389
0 0.41580382464459387 0.4673296028943346 0.05644998789975162 0.038966647274843245
0 0.41580382464459387 0.4673296028943346 0.05644998789975162 0.038966647274843245
0 0.36468168617910823 0.4045906157712122 0.02666249394987581 0.019355777879787085
0 0.36468168617910823 0.4045906157712122 0.02666249394987581 0.019355777879787085
0 0.36073907474278977 0.3980217513771259 0.0266534035907962 0.017793277879787083
0 0.36073907474278977 0.3980217513771259 0.0266534035907962 0.017793277879787083
0 0.40489307484098563 0.33681305546971013 0.047111349336070064 0.04445137272903601
0 0.40489307484098563 0.33681305546971013 0.047111349336070064 0.04445137272903601
0 0.4989612374087723 0.39915330092778223 0.05969316256778665 0.059534238790112326
0 0.4989612374087723 0.39915330092778223 0.05969316256778665 0.059534238790112326
0 0.5750344206610143 0.7239617244154226 0.05497839149054791 0.0544641015172088
0 0.5750344206610143 0.7239617244154226 0.05497839149054791 0.0544641015172088
0 0.5456014507152436 0.7652883550203665 0.06436248184962742 0.056791876063016035