0 0.3767469589366172 0.6131865996188293 0.035741181824942014 0.07378611049510883
0 0.3767469589366172 0.6131865996188293 0.035741181824942014 0.07378611049510883
0 0.3736445221687593 0.7085446022496653 0.0289818458553869 0.06092208944842135
0 0.3736445221687593 0.7085446022496653 0.0289818458553869 0.06092208944842135
0 0.4537577865032153 0.6450806127024217 0.01928851087441501 0.0525635578783902
0 0.4537577865032153 0.6450806127024217 0.01928851087441501 0.0525635578783902
0 0.5895016269213947 0.6193133152062008 0.027801347832553346 0.0702060841867496
0 0.5895016269213947 0.6193133152062008 0.027801347832553346 0.0702060841867496
0 0.6735092123966583 0.6140258467056448 0.02572951186299797 0.05761507892507769
0 0.6735092123966583 0.6140258467056448 0.02572951186299797 0.05761507892507769
0 0.6973605478719219 0.6052346756307225 0.028217841901054187 0.042172089448421345
0 0.6973605478719219 0.6052346756307225 0.028217841901054187 0.042172089448421345