0 0.4628700053437694 0.5296761575494522 0.05260817445232178 0.041356937130886354
0 0.4628700053437694 0.5296761575494522 0.05260817445232178 0.041356937130886354
0 0.5413741239109611 0.2651750123313081 0.03331260517284953 0.020636232719655024
0 0.5413741239109611 0.2651750123313081 0.03331260517284953 0.020636232719655024
0 0.5489365713245362 0.25576013549329496 0.04443196159934022 0.028035810292873366
0 0.5489365713245362 0.25576013549329496 0.04443196159934022 0.028035810292873366
0 0.5676949315119506 0.22714481839826223 0.04764788981258548 0.03148926102807863
0 0.5676949315119506 0.22714481839826223 0.04764788981258548 0.03148926102807863
0 0.45553826082055265 0.1699727068142469 0.04769335391920819 0.03305176102807859
0 0.45553826082055265 0.1699727068142469 0.04769335391920819 0.03305176102807859
0 0.4526860454602888 0.17967615754945215 0.02380121285298138 0.014963380514039315
0 0.4526860454602888 0.17967615754945215 0.02380121285298138 0.014963380514039315
0 0.42002430964605375 0.2152382529529085 0.028670569279472247 0.021706056616847214
0 0.42002430964605375 0.2152382529529085 0.028670569279472247 0.021706056616847214
0 0.4156323263391012 0.2258871790557163 0.03818196159934022 0.027378908822462834
0 0.4156323263391012 0.2258871790557163 0.03818196159934022 0.027378908822462834
0 0.39835990980433833 0.27863913346694774 0.038136497492717504 0.025816408822462833
0 0.39835990980433833 0.27863913346694774 0.038136497492717504 0.025816408822462833
0 0.32179872446495694 0.5021868279498867 0.03340353338609488 0.023761232719655113
0 0.32179872446495694 0.5021868279498867 0.03340353338609488 0.023761232719655113
0 0.3007624619285446 0.6141073211477271 0.06092077962517113 0.05936556396889951
0 0.3007624619285446 0.6141073211477271 0.06092077962517113 0.05936556396889951