0 0.3055197262458484 0.44477799639370375 0.045992422886674156 0.06232503737886681
0 0.3055197262458484 0.44477799639370375 0.045992422886674156 0.06232503737886681
0 0.34835806831856897 0.45198420901483694 0.025339961443337077 0.03132640965492613
0 0.34835806831856897 0.45198420901483694 0.025339961443337077 0.03132640965492613
0 0.38335363201365946 0.4715101051761096 0.022515350092285048 0.0357953883676025
0 0.38335363201365946 0.4715101051761096 0.022515350092285048 0.0357953883676025
0 0.3977968638150622 0.46422212906132315 0.022114831893687813 0.0295453883676025
0 0.3977968638150622 0.46422212906132315 0.022114831893687813 0.0295453883676025
0 0.5143311266149887 0.5682926340050016 0.017427331893687635 0.029217606436617416
0 0.5143311266149887 0.5682926340050016 0.017427331893687635 0.029217606436617416
0 0.24181577652270358 0.5528197253584819 0.025940738741233017 0.04070140965492595
0 0.24181577652270358 0.5528197253584819 0.025940738741233017 0.04070140965492595