0 0.20521507680222367 0.43399163391583906 0.020535640606883464 0.022639003954332715
0 0.20521507680222367 0.43399163391583906 0.020535640606883464 0.022639003954332715
0 0.3073512748356713 0.3542815706836969 0.014923369395056164 0.030196835969555202
0 0.3073512748356713 0.3542815706836969 0.014923369395056164 0.030196835969555202
0 0.660237158774595 0.38120214532172664 0.014285640606883376 0.022384335969555115
0 0.660237158774595 0.38120214532172664 0.014285640606883376 0.022384335969555115
0 0.6799438808948078 0.4086559832684481 0.017410640606883375 0.02251166996194378
0 0.6799438808948078 0.4086559832684481 0.017410640606883375 0.02251166996194378
0 0.7239013039234063 0.4559103266523771 0.043526601517208795 0.056279174904859806
0 0.7239013039234063 0.4559103266523771 0.043526601517208795 0.056279174904859806
0 0.6325907777106092 0.47021822437119953 0.01230855242559432 0.03631950197716627