0 0.30595022326811777 0.4146055365046009 0.06759629465362363 0.09260183030538141
0 0.30595022326811777 0.4146055365046009 0.06759629465362363 0.09260183030538141
0 0.37152899161338204 0.48931875195685404 0.061164284130279786 0.08896664727484324
0 0.37152899161338204 0.48931875195685404 0.061164284130279786 0.08896664727484324
0 0.41117532053845984 0.5096313808948079 0.01891659997176518 0.031090503333980023
0 0.41117532053845984 0.5096313808948079 0.01891659997176518 0.031090503333980023
0 0.43235237052434233 0.522817036045559 0.015700594710093264 0.029272911818710768
0 0.43235237052434233 0.522817036045559 0.015700594710093264 0.029272911818710768
0 0.46376199424421805 0.48257480225641647 0.03178062101845249 0.03836086939505616
0 0.46376199424421805 0.48257480225641647 0.03178062101845249 0.03836086939505616
0 0.5197305441595134 0.5674920651332941 0.017627115756780755 0.0356504575763454
0 0.5197305441595134 0.5674920651332941 0.017627115756780755 0.0356504575763454
0 0.5275885467903493 0.5676355863451213 0.02460515785015538 0.048660640606883555
0 0.5275885467903493 0.5676355863451213 0.02460515785015538 0.048660640606883555
0 0.5563505836220523 0.5762772627076997 0.017718121018452493 0.03721295757634539
0 0.5563505836220523 0.5762772627076997 0.017718121018452493 0.03721295757634539
0 0.5665978388837241 0.5770107152830752 0.01937162628012441 0.03890300333398002
0 0.5665978388837241 0.5770107152830752 0.01937162628012441 0.03890300333398002
0 0.5990918204678726 0.5688635043727499 0.015700594710093264 0.029272911818710768
0 0.5990918204678726 0.5688635043727499 0.015700594710093264 0.029272911818710768
0 0.6050610994070678 0.5770108442210292 0.021116136803468067 0.04215554909161447
0 0.6050610994070678 0.5770108442210292 0.021116136803468067 0.04215554909161447
0 0.6276718467762319 0.5743801807353284 0.015973610495108835 0.03396041181871077
0 0.6276718467762319 0.5743801807353284 0.015973610495108835 0.03396041181871077
0 0.7203066678088017 0.5880125039137081 0.034890210466873836 0.06505091515269079
0 0.7203066678088017 0.5880125039137081 0.034890210466873836 0.06505091515269079
0 0.78539334151456 0.5599355592142403 0.014047089448421346 0.027582866061076315
0 0.78539334151456 0.5599355592142403 0.014047089448421346 0.027582866061076315
0 0.7790068336220523 0.5581019922447784 0.012029563140062116 0.019642820303441687
0 0.7790068336220523 0.5581019922447784 0.012029563140062116 0.019642820303441687
0 0.7972401651073786 0.6555191261837022 0.03361613680346807 0.04317591515269079
0 0.7972401651073786 0.6555191261837022 0.03361613680346807 0.04317591515269079
0 0.7400492913875031 0.6978658649738145 0.019280621018452494 0.03734050333398002
0 0.7400492913875031 0.6978658649738145 0.019280621018452494 0.03734050333398002
0 0.7024659914016206 0.686019440278226 0.03903167889684287 0.05605855242559432
0 0.7024659914016206 0.686019440278226 0.03903167889684287 0.05605855242559432
0 0.6856880150791438 0.6944536936122059 0.017445105233436918 0.032525457576345215
0 0.6856880150791438 0.6944536936122059 0.017445105233436918 0.032525457576345215
0 0.658298762448308 0.6959044943708104 0.015700594710093264 0.029272911818710768
0 0.658298762448308 0.6959044943708104 0.015700594710093264 0.029272911818710768
0 0.40044919411716107 0.6219718842287878 0.018825594710093263 0.029528003333979848
0 0.40044919411716107 0.6219718842287878 0.018825594710093263 0.029528003333979848
0 0.38863943885548924 0.6213659774110468 0.02369510523343692 0.033035640606883375
0 0.38863943885548924 0.6213659774110468 0.02369510523343692 0.033035640606883375
0 0.32337918892607637 0.5521215119587938 0.07513577886860805 0.0885520590935542
0 0.32337918892607637 0.5521215119587938 0.07513577886860805 0.0885520590935542
0 0.2827472126741869 0.4879313372632053 0.0753177893919517 0.0916770590935542