0 0.5281194643077212 0.34472073102621037 0.026065592531467275 0.015664572794389108
0 0.5281194643077212 0.34472073102621037 0.026065592531467275 0.015664572794389108
0 0.5772636688671803 0.5457010425618325 0.028953794191141212 0.012739831893687636
0 0.5772636688671803 0.5457010425618325 0.028953794191141212 0.012739831893687636
0 0.5778556647179954 0.5378885425618325 0.032078794191141215 0.012940090992986342
0 0.5778556647179954 0.5378885425618325 0.032078794191141215 0.012940090992986342
0 0.5667163325594904 0.5709315800387612 0.024029495850815152 0.009314443244739934
0 0.5667163325594904 0.5709315800387612 0.024029495850815152 0.009314443244739934
0 0.5527335750863132 0.7451002652639366 0.014891294191141213 0.011838665946843819
0 0.5527335750863132 0.7451002652639366 0.014891294191141213 0.011838665946843819
0 0.5816048589044922 0.716333717607975 0.01609859668065212 0.007251295496493171
0 0.5816048589044922 0.716333717607975 0.01609859668065212 0.007251295496493171
0 0.5819600564149813 0.711646217607975 0.012973596680652122 0.007051036397194466
0 0.5819600564149813 0.711646217607975 0.012973596680652122 0.007051036397194466
0 0.5851326006061224 0.7008589119324491 0.016453794191141215 0.011938795496493172
0 0.5851326006061224 0.7008589119324491 0.016453794191141215 0.011938795496493172
0 0.6553196591189179 0.43765680752122726 0.025947193361304244 0.014102072794389287