0 0.5623309501865595 0.9135106224086504 0.057529080083912554 0.043247887866091614
0 0.5623309501865595 0.9135106224086504 0.057529080083912554 0.043247887866091614
0 0.5634692429278082 0.8049591082544387 0.06702247925407559 0.04579574007170741
0 0.5634692429278082 0.8049591082544387 0.06702247925407559 0.04579574007170741
0 0.5743134997762853 0.7242017843572465 0.04083848755244546 0.027543134190065467
0 0.5743134997762853 0.7242017843572465 0.04083848755244546 0.027543134190065467
0 0.5671405398182416 0.7045485448354321 0.029308991701630305 0.018581056616847037
0 0.5671405398182416 0.7045485448354321 0.029308991701630305 0.018581056616847037
0 0.5646667352541384 0.6956263441002268 0.027746491701630304 0.01841683124924458
0 0.5646667352541384 0.6956263441002268 0.027746491701630304 0.01841683124924458
0 0.5582633699021542 0.6658168545784124 0.042282588382282424 0.0261448595576681
0 0.5582633699021542 0.6658168545784124 0.042282588382282424 0.0261448595576681
0 0.5590329645082139 0.6556606045784125 0.03903918921211939 0.02425390882246283
0 0.5590329645082139 0.6556606045784125 0.03903918921211939 0.02425390882246283
0 0.5371229983263929 0.6226463613805718 0.027746491701630304 0.01841683124924458
0 0.5371229983263929 0.6226463613805718 0.027746491701630304 0.01841683124924458
0 0.5344123954219635 0.6168491606453665 0.03423329004195637 0.022198732719655112
0 0.5344123954219635 0.6168491606453665 0.03423329004195637 0.022198732719655112
0 0.41535750994875487 0.44211672976674654 0.08645956348717299 0.07728971911533619
0 0.41535750994875487 0.44211672976674654 0.08645956348717299 0.07728971911533619
0 0.5066462833939717 0.40131335035249327 0.08551237012586874 0.0647897191153362
0 0.5066462833939717 0.40131335035249327 0.08551237012586874 0.0647897191153362
0 0.5238678269604129 0.4858079808665325 0.03842388257342346 0.036589683454860376
0 0.5238678269604129 0.4858079808665325 0.03842388257342346 0.036589683454860376
0 0.5779390977063373 0.5308647067840282 0.03806868506293437 0.0319021834548602
0 0.5779390977063373 0.5308647067840282 0.03806868506293437 0.0319021834548602
0 0.59015475517487 0.5463231224086504 0.03915758838228243 0.025816408822462833
0 0.59015475517487 0.5463231224086504 0.03915758838228243 0.025816408822462833
0 0.662710381100309 0.8878372078838142 0.024621491701630305 0.018088380514039316
0 0.662710381100309 0.8878372078838142 0.024621491701630305 0.018088380514039316
0 0.6278375510163965 0.9219705878479605 0.10483105518880328 0.09472119815896533