0 0.23256234006999676 0.5011062153008485 0.014462489337999785 0.03527616594684382
0 0.23256234006999676 0.5011062153008485 0.014462489337999785 0.03527616594684382
0 0.2677004087364513 0.49729080043373874 0.023982940006363408 0.048376943244739935
0 0.2677004087364513 0.49729080043373874 0.023982940006363408 0.048376943244739935
0 0.28254415873645133 0.49633956971207016 0.016115896005726958 0.04318879549649317
0 0.28254415873645133 0.49633956971207016 0.016115896005726958 0.04318879549649317
0 0.3264305187380422 0.5052546923218891 0.012845445337363426 0.030488536397194465
0 0.3264305187380422 0.5052546923218891 0.012845445337363426 0.030488536397194465
0 0.3357600654041786 0.5007476650239933 0.019331802673454225 0.05120155459579188
0 0.3357600654041786 0.5007476650239933 0.019331802673454225 0.05120155459579188
0 0.40512768340226957 0.4822294000645984 0.016024989337999784 0.03537629549649317
0 0.40512768340226957 0.4822294000645984 0.016024989337999784 0.03537629549649317
0 0.39664302140354224 0.49215511258766964 0.012718176002545434 0.019551036397194466
0 0.39664302140354224 0.49215511258766964 0.012718176002545434 0.019551036397194466
0 0.6858140620623608 0.41576858112772064 0.011246582670272431 0.027263406847545114
0 0.6858140620623608 0.41576858112772064 0.011246582670272431 0.027263406847545114
0 0.693617471395588 0.41448668337947403 0.008085220003181704 0.023938147748246586
0 0.693617471395588 0.41448668337947403 0.008085220003181704 0.023938147748246586
0 0.7089708460773145 0.5245230174326301 0.02556362133990895 0.05003957279438911
0 0.7089708460773145 0.5245230174326301 0.02556362133990895 0.05003957279438911
0 0.6918287994111783 0.5295306924787727 0.022293170671545327 0.03733931369509058
0 0.6918287994111783 0.5295306924787727 0.022293170671545327 0.03733931369509058
0 0.5897486787475872 0.5587454279808032 0.014317038669636161 0.02277616594684382
0 0.5897486787475872 0.5587454279808032 0.014317038669636161 0.02277616594684382
0 0.4407571954169052 0.5878390499723134 0.027217028007635945 0.05795220234403846
0 0.4407571954169052 0.5878390499723134 0.027217028007635945 0.05795220234403846
0 0.32443276141785976 0.6023299514211878 0.04763861600890866 0.06862888648947969
0 0.32443276141785976 0.6023299514211878 0.04763861600890866 0.06862888648947969
0 0.28528844541690523 0.5978019401624208 0.011301126670908879 0.03195090684754529
0 0.28528844541690523 0.5978019401624208 0.011301126670908879 0.03195090684754529