0 0.32467146513291384 0.5330595786185786 0.033121075934727705 0.048083947171349097
0 0.32467146513291384 0.5330595786185786 0.033121075934727705 0.048083947171349097
0 0.33899407426112055 0.5517057350245518 0.021236382573423463 0.034562887687167886
0 0.33899407426112055 0.5517057350245518 0.021236382573423463 0.034562887687167886
0 0.2482730632634585 0.6171935576119978 0.020762785892771342 0.028312887687167887
0 0.2482730632634585 0.6171935576119978 0.020762785892771342 0.028312887687167887
0 0.28928822695576856 0.6469861127284242 0.01607528589277134 0.02787529076537574
0 0.28928822695576856 0.6469861127284242 0.01607528589277134 0.02787529076537574
0 0.19075656118886603 0.6078902789098969 0.046189760997662074 0.0772300066555303
0 0.19075656118886603 0.6078902789098969 0.046189760997662074 0.0772300066555303
0 0.24051976284854 0.6156829794090111 0.01931868506293437 0.029729522046570624
0 0.24051976284854 0.6156829794090111 0.01931868506293437 0.029729522046570624
0 0.6886971537203331 0.6402130526198452 0.04692346680652086 0.06643837229612756