0 0.2001848699694178 0.44422515962532244 0.06528416327441153 0.05713018198597286
0 0.2001848699694178 0.44422515962532244 0.06528416327441153 0.05713018198597286
0 0.24381203923672318 0.44376528223514144 0.034941566033373485 0.0427277205426357
0 0.24381203923672318 0.44376528223514144 0.034941566033373485 0.0427277205426357
0 0.5211181676854256 0.4415672223975623 0.026883404567984215 0.03753957279438911
0 0.5211181676854256 0.4415672223975623 0.026883404567984215 0.03753957279438911
0 0.5507547580290587 0.3960649552786991 0.04554487336031983 0.06676599784053164
0 0.5507547580290587 0.3960649552786991 0.04554487336031983 0.06676599784053164
0 0.6047395731579212 0.3762543005906222 0.034286468792335614 0.030227720542635693
0 0.6047395731579212 0.3762543005906222 0.034286468792335614 0.030227720542635693
0 0.5774810323393182 0.3912377529346607 0.020223968792335612 0.029326554595791875
0 0.5774810323393182 0.3912377529346607 0.020223968792335612 0.029326554595791875
0 0.49257044380470755 0.39200731339054873 0.04587906603337366 0.04342862739018098
0 0.49257044380470755 0.39200731339054873 0.04587906603337366 0.04342862739018098
0 0.5197094759168831 0.39416129627168556 0.02030585594746519 0.030889054595791877
0 0.5197094759168831 0.39416129627168556 0.02030585594746519 0.030889054595791877
0 0.46605220940853975 0.4077219509597625 0.014219630257724703 0.033613536397194645
0 0.46605220940853975 0.4077219509597625 0.014219630257724703 0.033613536397194645
0 0.5179112805302959 0.44332998149686087 0.020142081637205676 0.027764054595791877
0 0.5179112805302959 0.44332998149686087 0.020142081637205676 0.027764054595791877
0 0.4728477640219525 0.45633992366186665 0.03264208163720568 0.02856509099298634
0 0.4728477640219525 0.45633992366186665 0.03264208163720568 0.02856509099298634
0 0.20953221449692236 0.5035803732281279 0.014219630257724792 0.033613536397194464