0 0.42916509790683 0.8002928393244148 0.016548882573423462 0.03429052830842352
0 0.42916509790683 0.8002928393244148 0.016548882573423462 0.03429052830842352
0 0.4373919950024006 0.7956452161624277 0.01967388257342346 0.03461897904362878
0 0.4373919950024006 0.7956452161624277 0.01967388257342346 0.03461897904362878
0 0.32838384790683 0.7897003031140457 0.018466580083912554 0.03914225367602633
0 0.32838384790683 0.7897003031140457 0.018466580083912554 0.03914225367602633
0 0.538421698736667 0.813351115056598 0.014631185062934548 0.029438802940821063
0 0.538421698736667 0.813351115056598 0.014631185062934548 0.029438802940821063
0 0.6344679045455258 0.8344705878479605 0.042874584233097576 0.0339573595576681
0 0.6344679045455258 0.8344705878479605 0.042874584233097576 0.0339573595576681
0 0.7266213609790846 0.7614717330661044 0.05374215186945541 0.09555176102807864
0 0.7266213609790846 0.7614717330661044 0.05374215186945541 0.09555176102807864
0 0.8776878761259315 0.7112018049369494 0.012595088382282427 0.02302457757321825
0 0.8776878761259315 0.7112018049369494 0.012595088382282427 0.02302457757321825
0 0.884778325711013 0.7111595690911612 0.007433991701630305 0.01628190147041053
0 0.884778325711013 0.7111595690911612 0.007433991701630305 0.01628190147041053
0 0.4774823535059074 0.910892452558109 0.0178745842330974 0.03132975367602633
0 0.4774823535059074 0.910892452558109 0.0178745842330974 0.03132975367602633
0 0.3711731539208259 0.9005063775611308 0.015720088382282338 0.023353028308423517