0 0.4515625 0.6047186898486538 0.059375 0.03505492288667433
0 0.4515625 0.6047186898486538 0.059375 0.03505492288667433
0 0.3546875 0.7367919077703959 0.078125 0.07219397748246621
0 0.3546875 0.7367919077703959 0.078125 0.07219397748246621
0 0.3734375 0.7129934623661878 0.028125 0.015864831893687814
0 0.3734375 0.7129934623661878 0.028125 0.015864831893687814
0 0.4921875 0.7510720581395361 0.0203125 0.01692668414544123
0 0.4921875 0.7510720581395361 0.0203125 0.01692668414544123
0 0.49765625 0.7482975115633088 0.028125 0.015864831893687814
0 0.49765625 0.7482975115633088 0.028125 0.015864831893687814
0 0.5390625 0.7001696946290158 0.03125 0.019190090992986342
0 0.5390625 0.7001696946290158 0.03125 0.019190090992986342
0 0.5546875 0.6589834901255089 0.0375 0.021153109191583752
0 0.5546875 0.6589834901255089 0.0375 0.021153109191583752
0 0.63984375 0.413659300581397 0.1109375 0.09148419802510173
0 0.63984375 0.413659300581397 0.1109375 0.09148419802510173
0 0.59140625 0.29493028454226805 0.0453125 0.038841256939830336