0 0.25078514368569343 0.5036009753584818 0.03230394354388881 0.06748243094224957
0 0.25078514368569343 0.5036009753584818 0.03230394354388881 0.06748243094224957
0 0.2738514967959712 0.5067041960253867 0.01748002591898139 0.0400458457929556
0 0.2738514967959712 0.5067041960253867 0.01748002591898139 0.0400458457929556
0 0.3682173599910176 0.4442973951528666 0.015370721771944318 0.03368658514929379
0 0.3682173599910176 0.4442973951528666 0.015370721771944318 0.03368658514929379
0 0.3598970120645361 0.44802332869300604 0.014823917624907335 0.027436585149293792
0 0.3598970120645361 0.44802332869300604 0.014823917624907335 0.027436585149293792
0 0.4369085713953694 0.45678668747541185 0.01550742280870363 0.03524908514929379
0 0.4369085713953694 0.45678668747541185 0.01550742280870363 0.03524908514929379
0 0.5111963804433788 0.3894956446486634 0.009589613477870351 0.020858803218308707
0 0.5111963804433788 0.3894956446486634 0.009589613477870351 0.020858803218308707
0 0.5049463804433788 0.38993268722331037 0.011698917624907424 0.027218063861970343
0 0.5049463804433788 0.38993268722331037 0.011698917624907424 0.027218063861970343
0 0.6341355944396287 0.40212169476487897 0.014960618661666559 0.028999085149293967
0 0.6341355944396287 0.40212169476487897 0.014960618661666559 0.028999085149293967
0 0.6447702980682862 0.4068802505810777 0.012851314514629664 0.022639824505632157
0 0.6447702980682862 0.4068802505810777 0.012851314514629664 0.022639824505632157
0 0.8019963291710639 0.4430477075022276 0.03956963939685174 0.0617787341605581
0 0.8019963291710639 0.4430477075022276 0.03956963939685174 0.0617787341605581
0 0.785220349340601 0.3231722500768746 0.04187443317629622 0.05262225544788164
0 0.785220349340601 0.3231722500768746 0.04187443317629622 0.05262225544788164
0 0.7064515089069902 0.2673700003289761 0.014960618661666559 0.02899908514929388
0 0.7064515089069902 0.2673700003289761 0.014960618661666559 0.02899908514929388
0 0.6447327589069902 0.2716857957536146 0.00945291244111104 0.01929630321830871