0 0.2681941734591661 0.44634681681116534 0.06587435079830276 0.08754846680652087
0 0.2681941734591661 0.44634681681116534 0.06587435079830276 0.08754846680652087
0 0.31816233996106885 0.4493543402563821 0.053854511862998146 0.060157172615379825
0 0.31816233996106885 0.4493543402563821 0.053854511862998146 0.060157172615379825
0 0.34578993285070625 0.496620426564072 0.0443521778706093 0.05632177759440164
0 0.34578993285070625 0.496620426564072 0.0443521778706093 0.05632177759440164
0 0.4560761754363324 0.4699297172307283 0.051111513840164415 0.06929537427505358
0 0.4560761754363324 0.4699297172307283 0.051111513840164415 0.06929537427505358
0 0.49314509391540157 0.4813058477295593 0.039983012851581276 0.06377908008391256
0 0.49314509391540157 0.4813058477295593 0.039983012851581276 0.06377908008391256
0 0.5853100306832595 0.5833079008437702 0.02684634288963732 0.04720688672260849
0 0.5853100306832595 0.5833079008437702 0.02684634288963732 0.04720688672260849
0 0.6256657752460519 0.5606642288530903 0.036730678859192525 0.06041728174358667
0 0.6256657752460519 0.5606642288530903 0.036730678859192525 0.06041728174358667
0 0.6505702747517604 0.5602148655756987 0.035168178859192524 0.06029888257342364
0 0.6505702747517604 0.5602148655756987 0.035168178859192524 0.06029888257342364
0 0.6815735825466951 0.44184429648944823 0.03296900889724856 0.04455548340326043
0 0.6815735825466951 0.44184429648944823 0.03296900889724856 0.04455548340326043
0 0.6516287559686801 0.4715075630861877 0.014890170950527092 0.021378092531467274
0 0.6516287559686801 0.4715075630861877 0.014890170950527092 0.021378092531467274
0 0.6292762534972222 0.45813122470390544 0.014953837946721471 0.022940592531467276
0 0.6292762534972222 0.45813122470390544 0.014953837946721471 0.022940592531467276
0 0.4361682406456409 0.38274902594401644 0.013391337946721472 0.022822193361304245
0 0.4361682406456409 0.38274902594401644 0.013391337946721472 0.022822193361304245
0 0.4280374056646689 0.3743445300932014 0.013327670950527093 0.021259693361304243
0 0.4280374056646689 0.3743445300932014 0.013327670950527093 0.021259693361304243