0 0.4852444039128846 0.5587966186024179 0.025801036397194464 0.015422080918953895
0 0.4852444039128846 0.5587966186024179 0.025801036397194464 0.015422080918953895
0 0.496772189230345 0.5912945882578102 0.025801036397194464 0.015422080918953895
0 0.496772189230345 0.5912945882578102 0.025801036397194464 0.015422080918953895
0 0.4612807680417138 0.3199573339183082 0.022676036397194465 0.01505682080408457
0 0.4612807680417138 0.3199573339183082 0.022676036397194465 0.01505682080408457
0 0.4689232873200453 0.30410911860241785 0.022676036397194465 0.01505682080408457
0 0.4689232873200453 0.30410911860241785 0.022676036397194465 0.01505682080408457
0 0.37728769740679297 0.26208396684747354 0.013000647748246585 0.009273540459476948
0 0.37728769740679297 0.26208396684747354 0.013000647748246585 0.009273540459476948
0 0.37226953038021493 0.26975442204849465 0.017688147748246584 0.009821430631780714
0 0.37226953038021493 0.26975442204849465 0.017688147748246584 0.009821430631780714
0 0.35392934299557127 0.31518867782386195 0.02570090684754529 0.013859580918953807
0 0.35392934299557127 0.31518867782386195 0.02570090684754529 0.013859580918953807
0 0.3528174259689932 0.32240255788129657 0.02560077729789594 0.012297080918953896
0 0.3528174259689932 0.32240255788129657 0.02560077729789594 0.012297080918953896
0 0.3717128300387612 0.5681310477664273 0.024338665946843818 0.01680195086151919
0 0.3717128300387612 0.5681310477664273 0.024338665946843818 0.01680195086151919
0 0.37339524598560514 0.5821022327377101 0.022776165946843906 0.01661932080408448
0 0.37339524598560514 0.5821022327377101 0.022776165946843906 0.01661932080408448
0 0.38927986427648753 0.6211748772495158 0.016225777297895937 0.011201300574346007