0 0.5262033229930229 0.49142565025367 0.061887994804219915 0.0425275272742681
0 0.5262033229930229 0.49142565025367 0.061887994804219915 0.0425275272742681
0 0.6460455654514543 0.37639484595032885 0.08627598960843982 0.08089293205952482
0 0.6460455654514543 0.37639484595032885 0.08627598960843982 0.08089293205952482
0 0.6225316557965282 0.3974044411650722 0.029217606436617416 0.0187465918667586
0 0.6225316557965282 0.3974044411650722 0.029217606436617416 0.0187465918667586
0 0.5107472038190568 0.34090794104247457 0.02307686708027905 0.01961540478525663
0 0.5107472038190568 0.34090794104247457 0.02307686708027905 0.01961540478525663
0 0.5050599325317334 0.34342596484616045 0.029217606436617416 0.0187465918667586
0 0.5050599325317334 0.34342596484616045 0.029217606436617416 0.0187465918667586
0 0.4557429935437122 0.38440377262008385 0.0326703883676025 0.023780935407509494
0 0.4557429935437122 0.38440377262008385 0.0326703883676025 0.023780935407509494
0 0.43264434713033795 0.4219930396052026 0.03902964901126431 0.026037122489011466
0 0.43264434713033795 0.4219930396052026 0.03902964901126431 0.026037122489011466
0 0.30488070800643075 0.6503050939085437 0.12050887797604233 0.10484728923740985
0 0.30488070800643075 0.6503050939085437 0.12050887797604233 0.10484728923740985
0 0.33240513844447717 0.7746062946271797 0.04960651609154336 0.04426515311126433
0 0.33240513844447717 0.7746062946271797 0.04960651609154336 0.04426515311126433