0 0.44607177823332345 0.7789158657428967 0.054308068401734036 0.024027361884498964
0 0.44607177823332345 0.7789158657428967 0.054308068401734036 0.024027361884498964
0 0.45886863886960666 0.6646566237886684 0.05034861049510884 0.03619957995351371
0 0.45886863886960666 0.6646566237886684 0.05034861049510884 0.03619957995351371
0 0.3719862049934406 0.3084505464330447 0.025546031570031148 0.011123170298587759
0 0.3719862049934406 0.3084505464330447 0.025546031570031148 0.011123170298587759
0 0.5104340549652058 0.34769835275344657 0.030415542093374805 0.01457595222957302
0 0.5104340549652058 0.34769835275344657 0.030415542093374805 0.01457595222957302
0 0.5248150733810573 0.35415044854640215 0.03675654735504672 0.016575494804219916
0 0.5248150733810573 0.35415044854640215 0.03675654735504672 0.016575494804219916
0 0.526134649675299 0.37680669854640214 0.02011507892507769 0.024748627723940864
0 0.526134649675299 0.37680669854640214 0.02011507892507769 0.024748627723940864
0 0.5418429496611816 0.3926884246611886 0.03675654735504672 0.016575494804219916
0 0.5418429496611816 0.3926884246611886 0.03675654735504672 0.016575494804219916
0 0.5408719838620486 0.40273541401752694 0.028853042093374803 0.014466691585911207
0 0.5408719838620486 0.40273541401752694 0.028853042093374803 0.014466691585911207
0 0.58148709151456 0.6592257146379455 0.04153505261671846 0.018465776735205174
0 0.58148709151456 0.6592257146379455 0.04153505261671846 0.018465776735205174
0 0.5859848757154269 0.6696551162470998 0.03519404735504672 0.0164662341605581
0 0.5859848757154269 0.6696551162470998 0.03519404735504672 0.0164662341605581
0 0.5708372888272544 0.7168361188449899 0.03519404735504672 0.0164662341605581
0 0.5708372888272544 0.7168361188449899 0.03519404735504672 0.0164662341605581
0 0.5713378177664495 0.72542986884499 0.02894404735504672 0.016029191585911207