0 0.3815817746981939 0.7230853953179892 0.058685322188333444 0.04221919303247788
0 0.3815817746981939 0.7230853953179892 0.058685322188333444 0.04221919303247788
0 0.3996784644777078 0.685425898651969 0.02540004350298606 0.019228232122152633
0 0.3996784644777078 0.685425898651969 0.02540004350298606 0.019228232122152633
0 0.4153768528704509 0.6499188333494972 0.03328527868534721 0.022990960910325244
0 0.4153768528704509 0.6499188333494972 0.03328527868534721 0.022990960910325244
0 0.42422517600871484 0.6396828350164872 0.026998911094166543 0.020918277879787082
0 0.42422517600871484 0.6396828350164872 0.026998911094166543 0.020918277879787082
0 0.4153801189223607 0.48163121895541094 0.02536367591180557 0.01766573212215263
0 0.4153801189223607 0.48163121895541094 0.02536367591180557 0.01766573212215263
0 0.5043731497919095 0.3237387127464931 0.02532730832062491 0.016103232122152544
0 0.5043731497919095 0.3237387127464931 0.02532730832062491 0.016103232122152544
0 0.2554738695879508 0.693222938949592 0.04436824905006951 0.030133781213767107
0 0.2554738695879508 0.693222938949592 0.04436824905006951 0.030133781213767107