0 0.2680790279093115 0.38118286406859714 0.022602425705962936 0.025127265027114643
0 0.2680790279093115 0.38118286406859714 0.022602425705962936 0.025127265027114643
0 0.3747632854311589 0.31618964402463057 0.018096782132453627 0.03134999394987581
0 0.3747632854311589 0.31618964402463057 0.018096782132453627 0.03134999394987581
0 0.7230165804957362 0.39242190856076586 0.016306961599340218 0.02352840359079611
0 0.7230165804957362 0.39242190856076586 0.016306961599340218 0.02352840359079611
0 0.7410906305748786 0.42299065251064166 0.01943196159934022 0.023546584308955332
0 0.7410906305748786 0.42299065251064166 0.01943196159934022 0.023546584308955332
0 0.7816761781467384 0.475561661487632 0.047040136051662 0.05963862041330899
0 0.7816761781467384 0.475561661487632 0.047040136051662 0.05963862041330899
0 0.6895568743066723 0.4773690803019347 0.016716138558944316 0.03759090359079629