0 0.4440921612826386 0.3183762984701037 0.05826703333863605 0.04616098242719922
0 0.4440921612826386 0.3183762984701037 0.05826703333863605 0.04616098242719922
0 0.4359342159452752 0.3490230528521577 0.04880112667090888 0.03719737716873448
0 0.4359342159452752 0.3490230528521577 0.04880112667090888 0.03719737716873448
0 0.4782302566040938 0.40155965375086095 0.07694430800445425 0.04221319294412869
0 0.4782302566040938 0.40155965375086095 0.07694430800445425 0.04221319294412869
0 0.5066365199315941 0.4409791625372613 0.036082950668363624 0.016912570157448136
0 0.5066365199315941 0.4409791625372613 0.036082950668363624 0.016912570157448136
0 0.6143393845878673 0.5042080266267115 0.058230670671545325 0.043035982427199214
0 0.6143393845878673 0.5042080266267115 0.058230670671545325 0.043035982427199214
0 0.5304120166295472 0.20792042570571576 0.06618862133990877 0.05649523680925306
0 0.5304120166295472 0.20792042570571576 0.06618862133990877 0.05649523680925306
0 0.48927848663272877 0.18956697393060162 0.028343176002545434 0.022203315775394205