0 0.35167859114464656 0.5295734604291042 0.022174981849627427 0.05232639183263199
0 0.35167859114464656 0.5295734604291042 0.022174981849627427 0.05232639183263199
0 0.6561388321676561 0.579275882383621 0.020657933645025394 0.06008432813030105
0 0.6561388321676561 0.579275882383621 0.020657933645025394 0.06008432813030105
0 0.6647280369881162 0.5803572327464408 0.017460210772388508 0.04747520072563951
0 0.6647280369881162 0.5803572327464408 0.017460210772388508 0.04747520072563951
0 0.6858217869881162 0.5810938427279074 0.02852497579950324 0.06973214664195541
0 0.6858217869881162 0.5810938427279074 0.02852497579950324 0.06973214664195541
0 0.6991075821676561 0.5807763841977197 0.01428066861791084 0.03799107332097762
0 0.6991075821676561 0.5807763841977197 0.01428066861791084 0.03799107332097762
0 0.7388786092950191 0.5946677586071565 0.01268180718159222 0.03168650961864685
0 0.7388786092950191 0.5946677586071565 0.01268180718159222 0.03168650961864685
0 0.7341951335937118 0.7281250993513294 0.0376908975406721 0.03412202885594055
0 0.7341951335937118 0.7281250993513294 0.0376908975406721 0.03412202885594055
0 0.6788127420049682 0.711344337918584 0.017323855386194253 0.02403770072563951
0 0.6788127420049682 0.711344337918584 0.017323855386194253 0.02403770072563951
0 0.6211729588274809 0.6796379809323423 0.01427157825883114 0.03642857332097762
0 0.6211729588274809 0.6796379809323423 0.01427157825883114 0.03642857332097762
0 0.612579208827481 0.6793378805695227 0.01271816861791084 0.03793650961864685
0 0.612579208827481 0.6793378805695227 0.01271816861791084 0.03793650961864685
0 0.4111530642136752 0.6488616629688423 0.01269089754067192 0.03324900961864685
0 0.4111530642136752 0.6488616629688423 0.01269089754067192 0.03324900961864685
0 0.36497750098195864 0.661314533750082 0.033176114363184704 0.0636458377489479
0 0.36497750098195864 0.661314533750082 0.033176114363184704 0.0636458377489479
0 0.35257294975229464 0.6444717741314351 0.02511817466803503 0.021185519237293705
0 0.35257294975229464 0.6444717741314351 0.02511817466803503 0.021185519237293705
0 0.3275593142136752 0.6459425048941414 0.01425339754067192 0.03330357332097762
0 0.3275593142136752 0.6459425048941414 0.01425339754067192 0.03330357332097762
0 0.3150684045727548 0.6439434952754945 0.017432939695149762 0.04278770072563951