0 0.27704838996249964 0.1852783461117388 0.04011644354388881 0.06903588450478396
0 0.27704838996249964 0.1852783461117388 0.04011644354388881 0.06903588450478396
0 0.30146262959490705 0.16709518273315083 0.05126855702175907 0.09027862573336139
0 0.30146262959490705 0.16709518273315083 0.05126855702175907 0.09027862573336139
0 0.3330933384073607 0.17735314874027414 0.03290953628657398 0.05747822368573234
0 0.3330933384073607 0.17735314874027414 0.03290953628657398 0.05747822368573234
0 0.3531713925543977 0.18166514618073776 0.025565927992499925 0.04435806286668069
0 0.3531713925543977 0.18166514618073776 0.025565927992499925 0.04435806286668069
0 0.7437949754951383 0.2689903764233512 0.0316792269557407 0.04341572368573239
0 0.7437949754951383 0.2689903764233512 0.0316792269557407 0.04341572368573239
0 0.8031310192745827 0.2536463285399793 0.015566211404351549 0.018582861842866193
0 0.8031310192745827 0.2536463285399793 0.015566211404351549 0.018582861842866193
0 0.8180725140907864 0.24428342649235021 0.024140129029259327 0.04576552266191776
0 0.8180725140907864 0.24428342649235021 0.024140129029259327 0.04576552266191776
0 0.7578008124883793 0.09580963263523742 0.01978481969842587 0.031392942252391975
0 0.7578008124883793 0.09580963263523742 0.01978481969842587 0.031392942252391975
0 0.6781235829407406 0.05879783256623845 0.030800232139537087 0.05107318348096941
0 0.6781235829407406 0.05879783256623845 0.030800232139537087 0.05107318348096941
0 0.47942295131958323 0.031154099951043308 0.03345634043361088 0.062308199902086615
0 0.47942295131958323 0.031154099951043308 0.03345634043361088 0.062308199902086615