0 0.41064002716673575 0.39244989851750206 0.015879573138263936 0.01257975367602615
0 0.41064002716673575 0.39244989851750206 0.015879573138263936 0.01257975367602615
0 0.4049530716196525 0.4012501097308928 0.019004573138263935 0.012908204411231416
0 0.4049530716196525 0.4012501097308928 0.019004573138263935 0.012908204411231416
0 0.33270851681440916 0.7124035069753841 0.058321646276527875 0.027951338601296883
0 0.33270851681440916 0.7124035069753841 0.058321646276527875 0.027951338601296883
0 0.2841281592912148 0.5788590698444978 0.04738414627652778 0.02680176102807863
0 0.2841281592912148 0.5788590698444978 0.04738414627652778 0.02680176102807863
0 0.3407464076756942 0.3334151442915828 0.0173329703647223 0.008056479043628783
0 0.3407464076756942 0.3334151442915828 0.0173329703647223 0.008056479043628783
0 0.34398051044923583 0.32905609502678806 0.02521820554708336 0.012002605881641948
0 0.34398051044923583 0.32905609502678806 0.02521820554708336 0.012002605881641948