0 0.3793561972867745 0.6364296595446396 0.05572978174358649 0.03653967787060921
0 0.3793561972867745 0.6364296595446396 0.05572978174358649 0.03653967787060921
0 0.36599428214457186 0.5146965809894583 0.0409568867226084 0.026591674904859808
0 0.36599428214457186 0.5146965809894583 0.0409568867226084 0.026591674904859808
0 0.3596976605688105 0.4744535829666246 0.04228258838228234 0.023530341901054186
0 0.3596976605688105 0.4744535829666246 0.04228258838228234 0.023530341901054186
0 0.37592723442894577 0.4247254969970694 0.041808991701630306 0.017280341901054187
0 0.37592723442894577 0.4247254969970694 0.041808991701630306 0.017280341901054187
0 0.35918909770633733 0.45033033346091617 0.0506870842330974 0.031661176882026076
0 0.35918909770633733 0.45033033346091617 0.0506870842330974 0.031661176882026076
0 0.4263900983310373 0.3549104041074321 0.04564438672260849 0.026782675893442943
0 0.4263900983310373 0.3549104041074321 0.04564438672260849 0.026782675893442943
0 0.45809038422380866 0.3271382311797386 0.018016294191141213 0.011637836958138336
0 0.45809038422380866 0.3271382311797386 0.018016294191141213 0.011637836958138336
0 0.4991423593286994 0.27873522327107325 0.024384693361304242 0.01345500494291585
0 0.4991423593286994 0.27873522327107325 0.024384693361304242 0.01345500494291585
0 0.3557708676270691 0.3001539199247628 0.09031826929603186 0.061314184790691506
0 0.3557708676270691 0.3001539199247628 0.09031826929603186 0.061314184790691506
0 0.3402400333939717 0.3303825893924152 0.03723989087179334 0.018651840912471053
0 0.3402400333939717 0.3303825893924152 0.03723989087179334 0.018651840912471053
0 0.34170744501168937 0.3521302554000264 0.029308991701630305 0.016771005931498984
0 0.34170744501168937 0.3521302554000264 0.029308991701630305 0.016771005931498984
0 0.3318588483310373 0.35876225737719275 0.01789789502097818 0.010075336958138337
0 0.3318588483310373 0.35876225737719275 0.01789789502097818 0.010075336958138337
0 0.27587692239166517 0.5939158487839553 0.014536096680652122 0.006823002965749581
0 0.27587692239166517 0.5939158487839553 0.014536096680652122 0.006823002965749581
0 0.259304729030361 0.6070525187458993 0.04888778589277143 0.0284725098858317
0 0.259304729030361 0.6070525187458993 0.04888778589277143 0.0284725098858317
0 0.26967354396742654 0.6346681827763442 0.05080548340326043 0.03322367688202625
0 0.26967354396742654 0.6346681827763442 0.05080548340326043 0.03322367688202625