0 0.545540994801908 0.406748414518095 0.030871491701630303 0.018396447171349094
0 0.545540994801908 0.406748414518095 0.030871491701630303 0.018396447171349094
0 0.5259244665828063 0.542779858361679 0.034351689212119396 0.023375678452543625
0 0.5259244665828063 0.542779858361679 0.034351689212119396 0.023375678452543625
0 0.522349180690035 0.5694882240022763 0.027746491701630304 0.018104715890154388
0 0.522349180690035 0.5694882240022763 0.027746491701630304 0.018104715890154388
0 0.5256634348392198 0.576936059900783 0.0359141892121194 0.023521544093141066
0 0.5256634348392198 0.576936059900783 0.0359141892121194 0.023521544093141066
0 0.66747242654085 0.5481831522470241 0.0397495842330974 0.033188275374335774
0 0.66747242654085 0.5481831522470241 0.0397495842330974 0.033188275374335774
0 0.7021793132634585 0.5201199737944803 0.04408188672260849 0.028938372296127567
0 0.7021793132634585 0.5201199737944803 0.04408188672260849 0.028938372296127567
0 0.7057070549650886 0.5042761753335844 0.03302598755244546 0.02635481281194636
0 0.7057070549650886 0.5042761753335844 0.03302598755244546 0.02635481281194636
0 0.6792396433473711 0.48502675686433616 0.031226689212119397 0.023083947171349095
0 0.6792396433473711 0.48502675686433616 0.031226689212119397 0.023083947171349095
0 0.6575897862937568 0.47386055865299725 0.07350927759440165 0.0487514538268794
0 0.6575897862937568 0.47386055865299725 0.07350927759440165 0.0487514538268794
0 0.6658292613986474 0.4265479617312053 0.05080548340326043 0.03577183485851698
0 0.6658292613986474 0.4265479617312053 0.05080548340326043 0.03577183485851698
0 0.6671316522704407 0.4093604617312053 0.05404888257342346 0.03762606613971151
0 0.6671316522704407 0.4093604617312053 0.05404888257342346 0.03762606613971151
0 0.5938745188718246 0.26027888914375935 0.04455548340326043 0.03518837229612774
0 0.5938745188718246 0.26027888914375935 0.04455548340326043 0.03518837229612774
0 0.6033795734359281 0.26792451247987675 0.04599958423309758 0.03377173793672501
0 0.6033795734359281 0.26792451247987675 0.04599958423309758 0.03377173793672501
0 0.5774934248904648 0.1795814409324205 0.09053175684847722 0.08912674459225536