0 0.31841843775610973 0.5236623560728938 0.015881865177646403 0.04037529076537592
0 0.31841843775610973 0.5236623560728938 0.015881865177646403 0.04037529076537592
0 0.7091804865560366 0.7133786208395362 0.008540246071058633 0.016354328202986677
0 0.7091804865560366 0.7133786208395362 0.008540246071058633 0.016354328202986677
0 0.6465542080199894 0.7215335623953447 0.020787688998963993 0.04550038768716789
0 0.6465542080199894 0.7215335623953447 0.020787688998963993 0.04550038768716789
0 0.3921920396991898 0.6713408286185786 0.019079639784752266 0.04222952204657062
0 0.3921920396991898 0.6713408286185786 0.019079639784752266 0.04222952204657062
0 0.374422342842343 0.6572363065720082 0.01402826674922295 0.03397942512477847
0 0.374422342842343 0.6572363065720082 0.01402826674922295 0.03397942512477847
0 0.40253022621695445 0.6761952052824611 0.019297963606069855 0.046917022046570625
0 0.40253022621695445 0.6761952052824611 0.019297963606069855 0.046917022046570625
0 0.3225323571103666 0.6453914904322964 0.022059090570540542 0.039396253327765154
0 0.3225323571103666 0.6453914904322964 0.022059090570540542 0.039396253327765154