0 0.5531561772806622 0.22029232385996664 0.027710411818710767 0.014526150162155815
0 0.5531561772806622 0.22029232385996664 0.027710411818710767 0.014526150162155815
0 0.5474163603112003 0.22643322970416527 0.026403003333980025 0.017623876623205435
0 0.5474163603112003 0.22643322970416527 0.026403003333980025 0.017623876623205435
0 0.5132325500096984 0.2664036647693571 0.029272911818710768 0.014553423701106105
0 0.5132325500096984 0.2664036647693571 0.029272911818710768 0.014553423701106105
0 0.40227752730005895 0.7325490417995997 0.08064396424430509 0.05133640340856669
0 0.40227752730005895 0.7325490417995997 0.08064396424430509 0.05133640340856669
0 0.3844842494202719 0.7057138064100963 0.026020366061076317 0.012936376623205348
0 0.3844842494202719 0.7057138064100963 0.026020366061076317 0.012936376623205348
0 0.36933773941833214 0.6539603916374438 0.029272911818710768 0.014553423701106105
0 0.36933773941833214 0.6539603916374438 0.029272911818710768 0.014553423701106105
0 0.3616049877513422 0.6452439107121674 0.024330320303441778 0.011346603084255058
0 0.3616049877513422 0.6452439107121674 0.024330320303441778 0.011346603084255058
0 0.3499661150223061 0.5982325430174156 0.034215503333979845 0.01776024431795715
0 0.3499661150223061 0.5982325430174156 0.034215503333979845 0.01776024431795715
0 0.3649383133456179 0.3324672211827486 0.030835411818710766 0.014580697240056395
0 0.3649383133456179 0.3324672211827486 0.030835411818710766 0.014580697240056395
0 0.3652093803150797 0.3262308579522238 0.027710411818710767 0.014526150162155815
0 0.3652093803150797 0.3262308579522238 0.027710411818710767 0.014526150162155815
0 0.4464757425831342 0.20360760998081867 0.026020366061076317 0.012936376623205436
0 0.4464757425831342 0.20360760998081867 0.026020366061076317 0.012936376623205436
0 0.4499355824314133 0.1982070438281945 0.024330320303441864 0.011346603084255058
0 0.4499355824314133 0.1982070438281945 0.024330320303441864 0.011346603084255058
0 0.45967737318807805 0.17419284537032206 0.02691318636451818 0.023873876623205437