0 0.2545268428923949 0.3814036992933329 0.04247428454774686 0.06421832488222208
0 0.2545268428923949 0.3814036992933329 0.04247428454774686 0.06421832488222208
0 0.28467659956035474 0.4181709674366199 0.0181759151526907 0.03261701036759259
0 0.28467659956035474 0.4181709674366199 0.0181759151526907 0.03261701036759259
0 0.31860506047067993 0.453717488171805 0.02857128121376702 0.04593721658814811
0 0.31860506047067993 0.453717488171805 0.02857128121376702 0.04593721658814811
0 0.30943735456132454 0.445934382469629 0.014413186364518004 0.024531108294074143
0 0.30943735456132454 0.445934382469629 0.014413186364518004 0.024531108294074143
0 0.36155770607853327 0.5047912640907863 0.015975686364518005 0.02466780933083328
0 0.36155770607853327 0.5047912640907863 0.015975686364518005 0.02466780933083328
0 0.673579216080473 0.5832838683323599 0.03545901000193972 0.054296520735185184
0 0.673579216080473 0.5832838683323599 0.03545901000193972 0.054296520735185184
0 0.7713791162302541 0.5460756857217115 0.021938643940863402 0.04070291244111104
0 0.7713791162302541 0.5460756857217115 0.021938643940863402 0.04070291244111104
0 0.7986272713810052 0.5282921549017578 0.0235011439408634 0.04083961347787035
0 0.7986272713810052 0.5282921549017578 0.0235011439408634 0.04083961347787035
0 0.7742965642637019 0.6293276831298134 0.022225686364518004 0.02521461347787035
0 0.7742965642637019 0.6293276831298134 0.022225686364518004 0.02521461347787035
0 0.7551319760824127 0.6416130696519431 0.010778003333980024 0.01800770622055552
0 0.7551319760824127 0.6416130696519431 0.010778003333980024 0.01800770622055552
0 0.7473194760824127 0.6409295644681469 0.017920823637421535 0.02949201036759259
0 0.7473194760824127 0.6409295644681469 0.017920823637421535 0.02949201036759259
0 0.7045578912351033 0.6682152344021284 0.014540732122152632 0.026093608294073967
0 0.7045578912351033 0.6682152344021284 0.014540732122152632 0.026093608294073967
0 0.697909278508007 0.6722875797367116 0.014540732122152632 0.026093608294074144
0 0.697909278508007 0.6722875797367116 0.014540732122152632 0.026093608294074144
0 0.6728933030538141 0.679407012630184 0.017155549091614476 0.020117010367592593
0 0.6728933030538141 0.679407012630184 0.017155549091614476 0.020117010367592593
0 0.6525648275996213 0.686936548633934 0.014540732122152632 0.026093608294074144
0 0.6525648275996213 0.686936548633934 0.014540732122152632 0.026093608294074144
0 0.6425998962360732 0.6883917418949987 0.014540732122152632 0.026093608294074144
0 0.6425998962360732 0.6883917418949987 0.014540732122152632 0.026093608294074144
0 0.6159576479030632 0.6945932237517118 0.010778003333980024 0.01800770622055552
0 0.6159576479030632 0.6945932237517118 0.010778003333980024 0.01800770622055552
0 0.6003644698734948 0.71262076234736 0.025095594849248927 0.0223630155513888
0 0.6003644698734948 0.71262076234736 0.025095594849248927 0.0223630155513888
0 0.4014966641139206 0.6424764832708327 0.014413186364518004 0.024531108294074143
0 0.4014966641139206 0.6424764832708327 0.014413186364518004 0.024531108294074143
0 0.32711867532380823 0.5770182871350458 0.017920823637421625 0.02949201036759259
0 0.32711867532380823 0.5770182871350458 0.017920823637421625 0.02949201036759259
0 0.2657987959268124 0.4909837508484717 0.046906693032477874 0.06150342799249984