0 0.4161148696751583 0.5962388770112378 0.036817681985972864 0.06594873271965511
0 0.4161148696751583 0.5962388770112378 0.036817681985972864 0.06594873271965511
0 0.39550198102621037 0.5894164472324037 0.012539572794389109 0.02614957757321825
0 0.39550198102621037 0.5894164472324037 0.012539572794389109 0.02614957757321825
0 0.3343246491325226 0.5550508832635043 0.010276165946843819 0.015047852205615797
0 0.3343246491325226 0.5550508832635043 0.010276165946843819 0.015047852205615797
0 0.641305834357698 0.586539917997419 0.02720285009228505 0.03700260588164177
0 0.641305834357698 0.586539917997419 0.02720285009228505 0.03700260588164177
0 0.7423071298541911 0.6126753415239866 0.015564443244739757 0.02491552830842352
0 0.7423071298541911 0.6126753415239866 0.015564443244739757 0.02491552830842352
0 0.6995979981450734 0.6485378058635106 0.013901813695090581 0.02318880294082106
0 0.6995979981450734 0.6485378058635106 0.013901813695090581 0.02318880294082106
0 0.36870774598560513 0.6556631898803513 0.019089961443337078 0.031493979043628786
0 0.36870774598560513 0.6556631898803513 0.019089961443337078 0.031493979043628786
0 0.32046121066814476 0.6172247915360741 0.017827850092285047 0.03601725367602615