0 0.45104330777076757 0.352539913271821 0.03783634328594587 0.05824885200509069
0 0.45104330777076757 0.352539913271821 0.03783634328594587 0.05824885200509069
0 0.555222268543156 0.30445585459104896 0.025272710772388508 0.047165901336727066
0 0.555222268543156 0.30445585459104896 0.025272710772388508 0.047165901336727066
0 0.5297950216664141 0.37818425592777605 0.015815897540672096 0.03299431333545453
0 0.5297950216664141 0.37818425592777605 0.015815897540672096 0.03299431333545453
0 0.7503615308397962 0.4662365972310957 0.03155907220870695 0.053488626670909055
0 0.7503615308397962 0.4662365972310957 0.03155907220870695 0.053488626670909055
0 0.7649194554096355 0.38091671522918663 0.02210225897699054 0.03931703866963625
0 0.7649194554096355 0.38091671522918663 0.02210225897699054 0.03931703866963625
0 0.7636246001216369 0.46920705589595935 0.028352258976990542 0.039389764003817974