0 0.5756726471150502 0.2892308681356893 0.04538809471009344 0.029907675893442943
0 0.5756726471150502 0.2892308681356893 0.04538809471009344 0.029907675893442943
0 0.5162969180911505 0.3670892712917193 0.07580363680346806 0.043617348821136395
0 0.5162969180911505 0.3670892712917193 0.07580363680346806 0.043617348821136395
0 0.5296992654320797 0.3964730237631772 0.07166216837349922 0.05280134783255317
0 0.5296992654320797 0.3964730237631772 0.07166216837349922 0.05280134783255317
0 0.4957638811888604 0.42938368285070627 0.0677181210184525 0.03861151384016459
0 0.4957638811888604 0.42938368285070627 0.0677181210184525 0.03861151384016459
0 0.5016267443148051 0.4631366003411922 0.06826415258848365 0.04798651384016441
0 0.5016267443148051 0.4631366003411922 0.06826415258848365 0.04798651384016441
0 0.5014671205949295 0.5005410998469007 0.0941742052052021 0.06463018577927464
0 0.5014671205949295 0.5005410998469007 0.0941742052052021 0.06463018577927464
0 0.47180971267418687 0.5266115099230128 0.037120568401734035 0.021776840912470875
0 0.47180971267418687 0.5266115099230128 0.037120568401734035 0.021776840912470875
0 0.4896448708772782 0.20388893433358096 0.06210515785015538 0.049294345855386903
0 0.4896448708772782 0.20388893433358096 0.06210515785015538 0.049294345855386903
0 0.46982519454068405 0.22490442988495668 0.03904708944842135 0.02809050790866543
0 0.46982519454068405 0.22490442988495668 0.03904708944842135 0.02809050790866543
0 0.34417607828979324 0.7037894807598091 0.07340667889684287 0.05599001482874755