0 0.2973864258213349 0.5174071132218814 0.023116127390180985 0.045170388367602496
0 0.2973864258213349 0.5174071132218814 0.023116127390180985 0.045170388367602496
0 0.28460582356958153 0.510523328693006 0.011577850092285047 0.03503056386197052
0 0.28460582356958153 0.510523328693006 0.011577850092285047 0.03503056386197052
0 0.3431600007751924 0.5313167939120292 0.021553627390180984 0.045061127723940865
0 0.3431600007751924 0.5313167939120292 0.021553627390180984 0.045061127723940865
0 0.6114291394241403 0.5078910935240417 0.014702850092285048 0.03524908514929379
0 0.6114291394241403 0.5078910935240417 0.014702850092285048 0.03524908514929379
0 0.6627308235695815 0.4840822529268662 0.00881379549649317 0.01617130321830871
0 0.6627308235695815 0.4840822529268662 0.00881379549649317 0.01617130321830871
0 0.6190914450996663 0.509688540305733 0.005688795496493171 0.015952781930985083
0 0.6190914450996663 0.509688540305733 0.005688795496493171 0.015952781930985083
0 0.6967844509597625 0.43814704005363153 0.03475453423772627 0.05687271287323483
0 0.6967844509597625 0.43814704005363153 0.03475453423772627 0.05687271287323483
0 0.6808113926633428 0.5660370932719402 0.05500647748246603 0.08162134059717552
0 0.6808113926633428 0.5660370932719402 0.05500647748246603 0.08162134059717552
0 0.643041282392025 0.5850109683979909 0.009014054595791876 0.01929630321830871
0 0.643041282392025 0.5850109683979909 0.009014054595791876 0.01929630321830871
0 0.638834643743077 0.5899716200071452 0.007151165946843818 0.014499542574646895
0 0.638834643743077 0.5899716200071452 0.007151165946843818 0.014499542574646895
0 0.618071560769655 0.5984232583747479 0.015364184145441228 0.021295845792955605
0 0.618071560769655 0.5984232583747479 0.015364184145441228 0.021295845792955605
0 0.5910887561738631 0.6189760589951664 0.017126943244739935 0.024530106436617415
0 0.5910887561738631 0.6189760589951664 0.017126943244739935 0.024530106436617415
0 0.33801382094868787 0.6358950332683675 0.019991127390180986 0.044951867080279054
0 0.33801382094868787 0.6358950332683675 0.019991127390180986 0.044951867080279054
0 0.3017258675249152 0.6438767780725874 0.04901729333702489 0.060981058666190434
0 0.3017258675249152 0.6438767780725874 0.04901729333702489 0.060981058666190434
0 0.2841273573458824 0.6272191557965282 0.014202202344038461 0.027436585149293792
0 0.2841273573458824 0.6272191557965282 0.014202202344038461 0.027436585149293792
0 0.5119903439276471 0.5303995140747311 0.012239184145441229 0.021077324505632156
0 0.5119903439276471 0.5303995140747311 0.012239184145441229 0.021077324505632156