0 0.5493141329965955 0.7976222483428609 0.029763909654926125 0.02474744292790554
0 0.5493141329965955 0.7976222483428609 0.029763909654926125 0.02474744292790554
0 0.47877204005363155 0.7527955918088857 0.030780106436617417 0.017007717535011225
0 0.47877204005363155 0.7527955918088857 0.030780106436617417 0.017007717535011225
0 0.39072999873949227 0.386581932793711 0.06468521287323474 0.034160984284234266
0 0.39072999873949227 0.386581932793711 0.06468521287323474 0.034160984284234266
0 0.43823841929018154 0.2900365725784633 0.06890281930985206 0.049931533498446076
0 0.43823841929018154 0.2900365725784633 0.06890281930985206 0.049931533498446076
0 0.4058740335204691 0.326935105043452 0.02274908514929379 0.013518844499481996
0 0.4058740335204691 0.326935105043452 0.02274908514929379 0.013518844499481996
0 0.40781894577328515 0.32153912965055786 0.029108345792955605 0.01537244292790545
0 0.40781894577328515 0.32153912965055786 0.029108345792955605 0.01537244292790545
0 0.3262247383479321 0.3114684627775003 0.11371257475773362 0.08939644789030421
0 0.3262247383479321 0.3114684627775003 0.11371257475773362 0.08939644789030421
0 0.2922050174289257 0.3608306079389361 0.09666718639013112 0.06835620181924558
0 0.2922050174289257 0.3608306079389361 0.09666718639013112 0.06835620181924558
0 0.3159649455211836 0.39093763895618283 0.035686127723940864 0.020351041356328814
0 0.3159649455211836 0.39093763895618283 0.035686127723940864 0.020351041356328814
0 0.2798799800500588 0.402581460296301 0.02620186708027905 0.018351893713693813
0 0.2798799800500588 0.402581460296301 0.02620186708027905 0.018351893713693813
0 0.26931953846414763 0.4303061999572188 0.02453010643661733 0.016716619106587772
0 0.26931953846414763 0.4303061999572188 0.02453010643661733 0.016716619106587772
0 0.2671014746021772 0.43960842535011296 0.03870186708027905 0.01893409057054072
0 0.2671014746021772 0.43960842535011296 0.03870186708027905 0.01893409057054072
0 0.2992045083747478 0.6754581881703945 0.05174817029858776 0.027328787427387445
0 0.2992045083747478 0.6754581881703945 0.05174817029858776 0.027328787427387445
0 0.3047989445127774 0.6851242865988179 0.0436078883676025 0.02227741439185813
0 0.3047989445127774 0.6851242865988179 0.0436078883676025 0.02227741439185813
0 0.3260894364670057 0.7057107684018529 0.035795388367602585 0.021913541356328815
0 0.3260894364670057 0.7057107684018529 0.035795388367602585 0.021913541356328815