0 0.4096272212787264 0.47965496071756225 0.017098968792335613 0.030043508764107864
0 0.4096272212787264 0.47965496071756225 0.017098968792335613 0.030043508764107864
0 0.5159314529613607 0.407631649368807 0.024904824739800803 0.06049841226975108
0 0.5159314529613607 0.407631649368807 0.024904824739800803 0.06049841226975108
0 0.7184732767966503 0.4165725617500208 0.03296298620519007 0.06614516665180492
0 0.7184732767966503 0.4165725617500208 0.03296298620519007 0.06614516665180492
0 0.6998660396869492 0.3315804696377178 0.03608798620519007 0.06652886840462653
0 0.6998660396869492 0.3315804696377178 0.03608798620519007 0.06652886840462653
0 0.5785742158516595 0.31266331168314315 0.024495388964152022 0.05268591226975108
0 0.5785742158516595 0.31266331168314315 0.024495388964152022 0.05268591226975108
0 0.4278272653766896 0.361837522133195 0.03296298620519007 0.066145166651805
0 0.4278272653766896 0.361837522133195 0.03296298620519007 0.066145166651805
0 0.3867828635222388 0.4038321712344917 0.040939260515449584 0.07022942103385894
0 0.3867828635222388 0.4038321712344917 0.040939260515449584 0.07022942103385894
0 0.34166179330499374 0.4730607984032261 0.03880355042954129 0.059100070157448135
0 0.34166179330499374 0.4730607984032261 0.03880355042954129 0.059100070157448135
0 0.364573670849185 0.4301474343806536 0.01043953301668683 0.021463605258464823
0 0.364573670849185 0.4301474343806536 0.01043953301668683 0.021463605258464823
0 0.3613225180902231 0.4431270615716805 0.015454581637205766 0.028289157887697057