0 0.35265198732873076 0.5883116402680216 0.04876938672260831 0.030478901723038375
0 0.35265198732873076 0.5883116402680216 0.04876938672260831 0.030478901723038375
0 0.34263836990215424 0.5569601807274985 0.027746491701630304 0.018729710976388425
0 0.34263836990215424 0.5569601807274985 0.027746491701630304 0.018729710976388425
0 0.4402992329790532 0.29001617785576783 0.040601689212119395 0.024878251435865372
0 0.4402992329790532 0.29001617785576783 0.040601689212119395 0.024878251435865372
0 0.3907262080839439 0.24935059980854474 0.029190592531467274 0.017349841033823043
0 0.3907262080839439 0.24935059980854474 0.029190592531467274 0.017349841033823043
0 0.3878496618182103 0.2566557948946967 0.027391294191141214 0.014042210976388424
0 0.3878496618182103 0.2566557948946967 0.027391294191141214 0.014042210976388424
0 0.2714970757110131 0.5761160333120561 0.026183991701630306 0.018547080918953896
0 0.2714970757110131 0.5761160333120561 0.026183991701630306 0.018547080918953896
0 0.2704314831795459 0.5901785333120562 0.03482528589277143 0.030397731206126898
0 0.2704314831795459 0.5901785333120562 0.03482528589277143 0.030397731206126898