0 0.4023251406365165 0.6915703522033486 0.06512225544788156 0.03931856426490725
0 0.4023251406365165 0.6915703522033486 0.06512225544788156 0.03931856426490725
0 0.3933436245449731 0.6523259957768579 0.07046531930985207 0.0488299565847754
0 0.3933436245449731 0.6523259957768579 0.07046531930985207 0.0488299565847754
0 0.4553530435830531 0.31263902164110535 0.04259169158591121 0.02930706677218975
0 0.4553530435830531 0.31263902164110535 0.04259169158591121 0.02930706677218975
0 0.4895370194457381 0.25515914225336106 0.045607430942249574 0.027835494985435093
0 0.4895370194457381 0.25515914225336106 0.045607430942249574 0.027835494985435093
0 0.25207522427320106 0.2599446159934022 0.04404493094224948 0.027790030878812468
0 0.25207522427320106 0.2599446159934022 0.04404493094224948 0.027790030878812468
0 0.21177727824781437 0.48643290815498563 0.04226390965492603 0.02461956677218975
0 0.21177727824781437 0.48643290815498563 0.04226390965492603 0.02461956677218975
0 0.2528935871661062 0.606137654394062 0.044154191585911204 0.02935253087881229