0 0.4894815520999495 0.7338469810900383 0.03001488221398514 0.01110409997176518
0 0.4894815520999495 0.7338469810900383 0.03001488221398514 0.01110409997176518
0 0.49840268431393453 0.7249725100292335 0.04424107332097762 0.016610647326811723
0 0.49840268431393453 0.7249725100292335 0.04424107332097762 0.016610647326811723
0 0.5199428676163789 0.6909993284309676 0.05372520072563951 0.020281678896842868
0 0.5199428676163789 0.6909993284309676 0.05372520072563951 0.020281678896842868
0 0.5291095364908529 0.6750936073701628 0.04591270072563951 0.01982665258848364
0 0.5291095364908529 0.6750936073701628 0.04591270072563951 0.01982665258848364
0 0.5426189981010834 0.4003211205243423 0.03475694591631608 0.012939615756780754
0 0.5426189981010834 0.4003211205243423 0.03475694591631608 0.012939615756780754
0 0.535161162166234 0.3897098442159831 0.028506945916316084 0.012575594710093263
0 0.535161162166234 0.3897098442159831 0.028506945916316084 0.012575594710093263
0 0.5090723773198438 0.3521797521367257 0.03319444591631608 0.012848610495108836
0 0.5090723773198438 0.3521797521367257 0.03319444591631608 0.012848610495108836
0 0.5015872595338289 0.3423497258283665 0.026889882213984962 0.010922089448421435
0 0.5015872595338289 0.3423497258283665 0.026889882213984962 0.010922089448421435
0 0.5792955972827768 0.3139964836502871 0.02220238221398514 0.010649073663405862
0 0.5792955972827768 0.3139964836502871 0.02220238221398514 0.010649073663405862
0 0.5845733743246188 0.31978375206613857 0.022147818511654194 0.00908657366340595
0 0.5845733743246188 0.31978375206613857 0.022147818511654194 0.00908657366340595
0 0.6174751543616857 0.3639733678229192 0.030069445916316086 0.01266659997176518
0 0.6174751543616857 0.3639733678229192 0.030069445916316086 0.01266659997176518
0 0.6257415221477005 0.3738488967621144 0.04262400961864685 0.014957142065139983
0 0.6257415221477005 0.3738488967621144 0.04262400961864685 0.014957142065139983
0 0.6375495190676577 0.6634042204255203 0.03799107332097762 0.01624662628012441
0 0.6375495190676577 0.6634042204255203 0.03799107332097762 0.01624662628012441
0 0.6048163754209271 0.7264733678229193 0.04903770072563951 0.020008663111827297
0 0.6048163754209271 0.7264733678229193 0.04903770072563951 0.020008663111827297