0 0.6241899035198406 0.20591390278249255 0.029427390871793337 0.020807027811161127
0 0.6241899035198406 0.20591390278249255 0.029427390871793337 0.020807027811161127
0 0.6063852516503851 0.2979464969312774 0.07855197510489073 0.05652707416309646
0 0.6063852516503851 0.2979464969312774 0.07855197510489073 0.05652707416309646
0 0.5636057557995701 0.3111882886480192 0.046709979254075586 0.04469287659513954
0 0.5636057557995701 0.3111882886480192 0.046709979254075586 0.04469287659513954
0 0.5556147344289457 0.36559725084401373 0.05056868506293455 0.034358631230333
0 0.5556147344289457 0.36559725084401373 0.05056868506293455 0.034358631230333
0 0.4505916572448182 0.6081080040342929 0.06257177759440165 0.04982872537911796
0 0.4505916572448182 0.6081080040342929 0.06257177759440165 0.04982872537911796
0 0.4569349003963409 0.6877493250071101 0.1107258576783142 0.09316018685265526
0 0.4569349003963409 0.6877493250071101 0.1107258576783142 0.09316018685265526
0 0.6779032089091366 0.3955036681329875 0.06605197510489073 0.05491839513591366
0 0.6779032089091366 0.3955036681329875 0.06605197510489073 0.05491839513591366