0 0.25941332507778264 0.46225712701714644 0.033085235389503434 0.019847782446354677
0 0.25941332507778264 0.46225712701714644 0.033085235389503434 0.019847782446354677
0 0.2650048060030591 0.468584579942754 0.03313978246740401 0.02297278244635468
0 0.2650048060030591 0.468584579942754 0.03313978246740401 0.02297278244635468
0 0.25452918181548567 0.36187804677394214 0.03777273538950343 0.02045103708154823
0 0.25452918181548567 0.36187804677394214 0.03777273538950343 0.02045103708154823
0 0.2636662228043064 0.5713304996995496 0.02837046185055305 0.017682027811161127
0 0.2636662228043064 0.5713304996995496 0.02837046185055305 0.017682027811161127
0 0.25755831898870263 0.6699921740915389 0.03195911201270887 0.044646697567956826
0 0.25755831898870263 0.6699921740915389 0.03195911201270887 0.044646697567956826
0 0.3433651797835955 0.7411648406580554 0.09149775324641088 0.06166292294707478
0 0.3433651797835955 0.7411648406580554 0.09149775324641088 0.06166292294707478
0 0.4169817321365019 0.8765467286909537 0.022065914772652385 0.013752688297569904
0 0.4169817321365019 0.8765467286909537 0.022065914772652385 0.013752688297569904
0 0.41788571306177846 0.8834774362517546 0.015734094155801338 0.008260848783978503
0 0.41788571306177846 0.8834774362517546 0.015734094155801338 0.008260848783978503
0 0.1581196063273707 0.535584436552205 0.02996023538950343 0.019445612689558977
0 0.1581196063273707 0.535584436552205 0.02996023538950343 0.019445612689558977
0 0.15078261890927241 0.4292569836265975 0.022120461850553053 0.016877688297569728