0 0.5625348812594476 0.3011424814968609 0.06477513154179633 0.04306768198597286
0 0.5625348812594476 0.3011424814968609 0.06477513154179633 0.04306768198597286
0 0.4251104759695409 0.3381790114156505 0.03234206314006229 0.02075259099298643
0 0.4251104759695409 0.3381790114156505 0.03234206314006229 0.02075259099298643
0 0.504061499576477 0.41467285780730767 0.04391659997176518 0.03239099784053181
0 0.504061499576477 0.41467285780730767 0.04391659997176518 0.03239099784053181
0 0.4773925837632266 0.44147518970099553 0.0619231473268119 0.04755492288667416
0 0.4773925837632266 0.44147518970099553 0.0619231473268119 0.04755492288667416
0 0.47282618110415575 0.47078195789959276 0.056689615756780755 0.037879534237726276
0 0.47282618110415575 0.47078195789959276 0.056689615756780755 0.037879534237726276
0 0.4763529995058898 0.4909442635751188 0.043188557878390196 0.01989099784053163
0 0.4763529995058898 0.4909442635751188 0.043188557878390196 0.01989099784053163
0 0.47616328370675676 0.5011505783499435 0.03997255261671846 0.018128238741233104
0 0.47616328370675676 0.5011505783499435 0.03997255261671846 0.018128238741233104
0 0.4875936073701627 0.5223747362772229 0.027199536831702887 0.012639702344038462
0 0.4875936073701627 0.5223747362772229 0.027199536831702887 0.012639702344038462
0 0.499645557313693 0.5811990237541517 0.05145608418674961 0.028204145588778217
0 0.499645557313693 0.5811990237541517 0.05145608418674961 0.028204145588778217
0 0.503885736281123 0.5597548203303789 0.03537605787839038 0.01939035009228505
0 0.503885736281123 0.5597548203303789 0.03537605787839038 0.01939035009228505
0 0.5143751862246533 0.6186792373569571 0.03059755261671846 0.01752746144333699
0 0.5143751862246533 0.6186792373569571 0.03059755261671846 0.01752746144333699
0 0.5017540888837241 0.5904738942045024 0.02903505261671846 0.017427331893687635
0 0.5017540888837241 0.5904738942045024 0.02903505261671846 0.017427331893687635
0 0.5395263756448399 0.6735274236618666 0.0370295631400623 0.0210529796419344
0 0.5395263756448399 0.6735274236618666 0.0370295631400623 0.0210529796419344
0 0.5599368571584012 0.7412260633905486 0.03297909997176518 0.03169009099298634
0 0.5599368571584012 0.7412260633905486 0.03297909997176518 0.03169009099298634
0 0.4073516415004426 0.6122067967331108 0.09757222099021767 0.0716327729789592
0 0.4073516415004426 0.6122067967331108 0.09757222099021767 0.0716327729789592
0 0.3976735336361697 0.5806761944813574 0.0323420631400622 0.02075259099298634
0 0.3976735336361697 0.5806761944813574 0.0323420631400622 0.02075259099298634
0 0.40503871260359975 0.5590317319582863 0.03059755261671846 0.01752746144333699
0 0.40503871260359975 0.5590317319582863 0.03059755261671846 0.01752746144333699
0 0.40380243629524043 0.5512692967331109 0.024165542093374803 0.014001943244739756