0 0.5487196586947107 0.7447966219784788 0.04947978174358649 0.0362850098858317
0 0.5487196586947107 0.7447966219784788 0.04947978174358649 0.0362850098858317
0 0.5300172028858519 0.7346549594309089 0.031463487552445456 0.02464717292769336
0 0.5300172028858519 0.7346549594309089 0.031463487552445456 0.02464717292769336
0 0.49274234583223747 0.7229335508376714 0.0876668659766839 0.06743685079830275
0 0.49274234583223747 0.7229335508376714 0.0876668659766839 0.06743685079830275
0 0.46698532923549807 0.6928295567691705 0.04083848755244546 0.025029174904859806
0 0.46698532923549807 0.6928295567691705 0.04083848755244546 0.025029174904859806
0 0.4045221406480787 0.6229428211036264 0.06522318091374953 0.038484179847775656
0 0.4045221406480787 0.6229428211036264 0.06522318091374953 0.038484179847775656
0 0.4614046383729935 0.33479156368925267 0.029427390871793337 0.018333505931498982
0 0.4614046383729935 0.33479156368925267 0.029427390871793337 0.018333505931498982