0 0.5179947912372647 0.43145561789724407 0.04684214901126431 0.025573826971401557
0 0.5179947912372647 0.43145561789724407 0.04684214901126431 0.025573826971401557
0 0.5305876263865585 0.4449122110795031 0.08866901609154336 0.04607751666989941
0 0.5305876263865585 0.4449122110795031 0.08866901609154336 0.04607751666989941
0 0.5924534778794973 0.5742487668390773 0.03368658514929379 0.015178460910325242
0 0.5924534778794973 0.5742487668390773 0.03368658514929379 0.015178460910325242
0 0.5827774651421486 0.7358081491110111 0.0467328883676025 0.02401132697140156
0 0.5827774651421486 0.7358081491110111 0.0467328883676025 0.02401132697140156
0 0.571009438659045 0.7674727372923003 0.0639203883676025 0.025414330305381407
0 0.571009438659045 0.7674727372923003 0.0639203883676025 0.025414330305381407
0 0.5827392603146857 0.7241531719898283 0.02710880321830871 0.009980777879787083
0 0.5827392603146857 0.7241531719898283 0.02710880321830871 0.009980777879787083
0 0.7118911647738315 0.7937318326005911 0.052873627723940865 0.022959010001939718
0 0.7118911647738315 0.7937318326005911 0.052873627723940865 0.022959010001939718
0 0.7086733296245377 0.7810405139641393 0.035139824505632154 0.013743506667959694
0 0.7086733296245377 0.7810405139641393 0.035139824505632154 0.013743506667959694
0 0.7243094012801782 0.7380398130557537 0.03681158514929379 0.015433552425594322
0 0.7243094012801782 0.7380398130557537 0.03681158514929379 0.015433552425594322
0 0.7219820767745461 0.7269747672981193 0.052764367080279054 0.021396510001939716
0 0.7219820767745461 0.7269747672981193 0.052764367080279054 0.021396510001939716
0 0.7102908239245546 0.6708682885099466 0.0436078883676025 0.02375623545613248
0 0.7102908239245546 0.6708682885099466 0.0436078883676025 0.02375623545613248
0 0.7095588504076581 0.6381833342675811 0.02888982450563198 0.013233323637421534
0 0.7095588504076581 0.6381833342675811 0.02888982450563198 0.013233323637421534
0 0.6735892273752941 0.4348351936606976 0.03368658514929379 0.015178460910325242
0 0.6735892273752941 0.4348351936606976 0.03368658514929379 0.015178460910325242
0 0.6502720596745964 0.39020834881144867 0.05756112772394069 0.023341647274843245
0 0.6502720596745964 0.39020834881144867 0.05756112772394069 0.023341647274843245