0 0.5528696622047699 0.6666546507016864 0.039823917624907425 0.030724622489011467
0 0.5528696622047699 0.6666546507016864 0.039823917624907425 0.030724622489011467
0 0.6473120207816679 0.5687484924458474 0.02480451036759259 0.018226326555632257
0 0.6473120207816679 0.5687484924458474 0.02480451036759259 0.018226326555632257
0 0.4973768286518988 0.27515061338346414 0.034316211404351905 0.020829357177885033
0 0.4973768286518988 0.27515061338346414 0.034316211404351905 0.020829357177885033
0 0.41188767945310234 0.20881999783561725 0.05273402073518518 0.03679949665201523
0 0.41188767945310234 0.20881999783561725 0.05273402073518518 0.03679949665201523
0 0.5246706434493523 0.1754133021389584 0.02154280933083328 0.01631698301488118
0 0.5246706434493523 0.1754133021389584 0.02154280933083328 0.01631698301488118
0 0.5256179887839357 0.18227113036858292 0.022831907257314654 0.013365404785256673
0 0.5256179887839357 0.18227113036858292 0.022831907257314654 0.013365404785256673