0 0.4374046555811962 0.6191152096362409 0.028352320533113408 0.011099841033822954
0 0.4374046555811962 0.6191152096362409 0.028352320533113408 0.011099841033822954
0 0.45116666105797953 0.2569094437460044 0.023664820533113407 0.010551950861519188
0 0.45116666105797953 0.2569094437460044 0.023664820533113407 0.010551950861519188
0 0.5165272366056579 0.21321016630503334 0.034602320533113406 0.011830361263561429
0 0.5165272366056579 0.21321016630503334 0.034602320533113406 0.011830361263561429
0 0.43887359804671355 0.18465903911932938 0.06193771034569906 0.041497572239949945
0 0.43887359804671355 0.18465903911932938 0.06193771034569906 0.041497572239949945
0 0.3548288701500373 0.31363632233566774 0.026926212852981468 0.015604710976388426
0 0.3548288701500373 0.31363632233566774 0.026926212852981468 0.015604710976388426
0 0.34544550996262285 0.34138591770899274 0.023664820533113407 0.010551950861519188
0 0.34544550996262285 0.34138591770899274 0.023664820533113407 0.010551950861519188
0 0.34009042022917957 0.34593137291001386 0.02201139231986806 0.0072443208040846585
0 0.34009042022917957 0.34593137291001386 0.02201139231986806 0.0072443208040846585
0 0.33217994648913846 0.5859476084556426 0.06814224623907635 0.040665592469688504
0 0.33217994648913846 0.5859476084556426 0.06814224623907635 0.040665592469688504
0 0.35686770942126217 0.6261769075941235 0.029914820533113406 0.011282471091257662
0 0.35686770942126217 0.6261769075941235 0.029914820533113406 0.011282471091257662