0 0.34024298784946444 0.5449472831525265 0.03326885698624169 0.06146510114869237
0 0.34024298784946444 0.5449472831525265 0.03326885698624169 0.06146510114869237
0 0.4118848640729998 0.4701705056796495 0.025074411069925695 0.04961445086151919
0 0.4118848640729998 0.4701705056796495 0.025074411069925695 0.04961445086151919
0 0.42972712850097006 0.45342943631143023 0.015208337748947897 0.03445617051691148
0 0.42972712850097006 0.45342943631143023 0.015208337748947897 0.03445617051691148
0 0.46796373848243655 0.436718807689861 0.016989092558271322 0.040888800574346185
0 0.46796373848243655 0.436718807689861 0.016989092558271322 0.040888800574346185
0 0.7328769211519086 0.5555398625398972 0.037847229581580065 0.05888799132099613
0 0.7328769211519086 0.5555398625398972 0.037847229581580065 0.05888799132099613
0 0.5995981735989794 0.3736607874282166 0.031215283665263983 0.04721997109125766
0 0.5995981735989794 0.3736607874282166 0.031215283665263983 0.04721997109125766
0 0.5826562102594682 0.3646206067964358 0.030089293283910835 0.05953734103382304
0 0.5826562102594682 0.3646206067964358 0.030089293283910835 0.05953734103382304
0 0.222212239663563 0.4880073337587786 0.01482639183263199 0.023518670516911477