0 0.5488952548465619 0.7820278437345352 0.06853310087368066 0.06133364767057934
0 0.5488952548465619 0.7820278437345352 0.06853310087368066 0.06133364767057934
0 0.5573987390789924 0.7527497795101838 0.026962543502986235 0.018579581637205855
0 0.5573987390789924 0.7527497795101838 0.026962543502986235 0.018579581637205855
0 0.5893773973233676 0.6558681354576491 0.03481141109416672 0.020551517412854638
0 0.5893773973233676 0.6558681354576491 0.03481141109416672 0.020551517412854638
0 0.5879603676880898 0.6495362483025193 0.03793641109416672 0.02071529172311415
0 0.5879603676880898 0.6495362483025193 0.03793641109416672 0.02071529172311415
0 0.5371291387739927 0.4137758107178483 0.06649782218833344 0.040939260515449584
0 0.5371291387739927 0.4137758107178483 0.06649782218833344 0.040939260515449584
0 0.5342593651226386 0.3690398428300239 0.03804551386770836 0.02540279172311406
0 0.5342593651226386 0.3690398428300239 0.03804551386770836 0.02540279172311406
0 0.6432531586256247 0.3575435001115417 0.020676175911805574 0.016689533016686832
0 0.6432531586256247 0.3575435001115417 0.020676175911805574 0.016689533016686832
0 0.6422355192829511 0.3676588065339768 0.042769381458888846 0.02721095318850324
0 0.6422355192829511 0.3676588065339768 0.042769381458888846 0.02721095318850324
0 0.6675978887739926 0.4206133881711825 0.03626480832062491 0.015945904567984216
0 0.6675978887739926 0.4206133881711825 0.03626480832062491 0.015945904567984216
0 0.7108166394395828 0.6473706399802048 0.06500805737069441 0.04398237336031983
0 0.7108166394395828 0.6473706399802048 0.06500805737069441 0.04398237336031983