0 0.5706805812029778 0.424013947872978 0.07102513154179632 0.042665534825709096
0 0.5706805812029778 0.424013947872978 0.07102513154179632 0.042665534825709096
0 0.6650830285862593 0.4133840643358929 0.06937162628012442 0.041021147670579336
0 0.6650830285862593 0.4133840643358929 0.06937162628012442 0.041021147670579336
0 0.6124123258707188 0.498635489596092 0.04980257892507769 0.025976001809022264
0 0.6124123258707188 0.498635489596092 0.04980257892507769 0.025976001809022264
0 0.6140797836361697 0.6342454409755731 0.06597361049510883 0.03616987336031983
0 0.6140797836361697 0.6342454409755731 0.06597361049510883 0.03616987336031983
0 0.6275878177664496 0.7190708203287868 0.05632559471009326 0.03099105042954129
0 0.6275878177664496 0.7190708203287868 0.05632559471009326 0.03099105042954129
0 0.6203591466915273 0.7420579409755731 0.03913809471009344 0.03009029172311397
0 0.6203591466915273 0.7420579409755731 0.03913809471009344 0.03009029172311397
0 0.6626482733245875 0.41169873360319825 0.06937162628012442 0.041021147670579336
0 0.6626482733245875 0.41169873360319825 0.06937162628012442 0.041021147670579336