0 0.5326188274533343 0.05969179034582641 0.05435330732694634 0.03058881241676641
0 0.5326188274533343 0.05969179034582641 0.05435330732694634 0.03058881241676641
0 0.5616246540021574 0.16278679957372355 0.06372830732694616 0.03185080872560757
0 0.5616246540021574 0.16278679957372355 0.06372830732694616 0.03185080872560757
0 0.5921996246035153 0.23577364336534035 0.03823698439616781 0.01911048523536456
0 0.5921996246035153 0.23577364336534035 0.03823698439616781 0.01911048523536456
0 0.590139157620202 0.25650680880162074 0.028534435775648605 0.011598488926523398
0 0.590139157620202 0.25650680880162074 0.028534435775648605 0.011598488926523398
0 0.5898492305509805 0.2659869751606908 0.025491322930778538 0.01274032349024301
0 0.5898492305509805 0.2659869751606908 0.025491322930778538 0.01274032349024301
0 0.5914460300760107 0.29645572516069085 0.04119821008590811 0.01640615067164495
0 0.5914460300760107 0.29645572516069085 0.04119821008590811 0.01640615067164495
0 0.5950623530067892 0.30541005972441043 0.03807321008590829 0.015985485235364562
0 0.5950623530067892 0.30541005972441043 0.03807321008590829 0.015985485235364562
0 0.5813207575747735 0.3434508869058123 0.02697193577564878 0.011388156208383205
0 0.5813207575747735 0.3434508869058123 0.02697193577564878 0.011388156208383205
0 0.5808670561952926 0.34980605326488245 0.03174132293077854 0.013581654362803786
0 0.5808670561952926 0.34980605326488245 0.03174132293077854 0.013581654362803786
0 0.5088260391211222 0.5514735209672423 0.07465916327441154 0.06280030503444856
0 0.5088260391211222 0.5514735209672423 0.07465916327441154 0.06280030503444856
0 0.6085327900256334 0.5624413097244105 0.07852779172311397 0.04780630318886914
0 0.6085327900256334 0.5624413097244105 0.07852779172311397 0.04780630318886914
0 0.6032886900710619 0.4773902260834806 0.0325601944820761 0.029206654362803876
0 0.6032886900710619 0.4773902260834806 0.0325601944820761 0.029206654362803876
0 0.6442545267966503 0.41837590997555524 0.03387703301668665 0.024729487080943892
0 0.6442545267966503 0.41837590997555524 0.03387703301668665 0.024729487080943892
0 0.6526878245126582 0.39914516366671415 0.03659259724103805 0.017337652517224366
0 0.6526878245126582 0.39914516366671415 0.03659259724103805 0.017337652517224366
0 0.6369345132289831 0.05351716458950384 0.022448210085908294 0.013882158053962645
0 0.6369345132289831 0.05351716458950384 0.022448210085908294 0.013882158053962645
0 0.5941361815917773 0.03561514886407206 0.0909392605154494 0.07123029772814413