0 0.62578125 0.5583356153654468 0.0171875 0.024538925046142523
0 0.62578125 0.5583356153654468 0.0171875 0.024538925046142523
0 0.68203125 0.5680122015780713 0.021875 0.03733931369509058
0 0.68203125 0.5680122015780713 0.021875 0.03733931369509058
0 0.69140625 0.5681926742801754 0.015625 0.02600129549649317
0 0.69140625 0.5681926742801754 0.015625 0.02600129549649317
0 0.55625 0.6573226303248416 0.0125 0.022676036397194465
0 0.55625 0.6573226303248416 0.0125 0.022676036397194465
0 0.55078125 0.6615793337486143 0.015625 0.024438795496493172
0 0.55078125 0.6615793337486143 0.015625 0.024438795496493172
0 0.5234375 0.6625503508674774 0.0125 0.021113536397194467
0 0.5234375 0.6625503508674774 0.0125 0.021113536397194467
0 0.4921875 0.6809591918604638 0.0171875 0.024538925046142523
0 0.4921875 0.6809591918604638 0.0171875 0.024538925046142523
0 0.27890625 0.5360331253875963 0.0734375 0.07970608883351815
0 0.27890625 0.5360331253875963 0.0734375 0.07970608883351815