0 0.40798887468589007 0.286990116480231 0.06010832363742154 0.02913412094116259
0 0.40798887468589007 0.286990116480231 0.06010832363742154 0.02913412094116259
0 0.41554641210857496 0.32820545170757864 0.02614791181871077 0.014498876623205436
0 0.41554641210857496 0.32820545170757864 0.02614791181871077 0.014498876623205436
0 0.4201702681677116 0.3671315840128269 0.03408795757634522 0.016197744317957154
0 0.4201702681677116 0.3671315840128269 0.03408795757634522 0.016197744317957154
0 0.42539990210663525 0.3795224898570256 0.027837957576345395 0.016088650162155816
0 0.42539990210663525 0.3795224898570256 0.027837957576345395 0.016088650162155816
0 0.3739654636160853 0.531766828330784 0.026020366061076317 0.012936376623205348
0 0.3739654636160853 0.531766828330784 0.026020366061076317 0.012936376623205348
0 0.41417652012456563 0.7081560044675221 0.025892820303441866 0.011373876623205348
0 0.41417652012456563 0.7081560044675221 0.025892820303441866 0.011373876623205348
0 0.2808364433223419 0.2868691599046837 0.045408094849248924 0.021076159090609538
0 0.2808364433223419 0.2868691599046837 0.045408094849248924 0.021076159090609538