0 0.4373083166106727 0.48016923959239205 0.014986382573423463 0.03449516174512155
0 0.4373083166106727 0.48016923959239205 0.014986382573423463 0.03449516174512155
0 0.42516351412116177 0.4865394013375135 0.012216580083912553 0.03876199630884116
0 0.42516351412116177 0.4865394013375135 0.012216580083912553 0.03876199630884116
0 0.4569812765687164 0.45857974789749945 0.015933575934727707 0.04699516174512155
0 0.4569812765687164 0.45857974789749945 0.015933575934727707 0.04699516174512155
0 0.5309389948251299 0.4138984447086302 0.014134277594401645 0.04365982902698136
0 0.5309389948251299 0.4138984447086302 0.014134277594401645 0.04365982902698136
0 0.5563533919207004 0.41600187121838716 0.017140878424238615 0.042517994463261745
0 0.5563533919207004 0.41600187121838716 0.017140878424238615 0.042517994463261745
0 0.7790581087272214 0.4491604570378308 0.03908765601864026 0.08722948708094388
0 0.7790581087272214 0.4491604570378308 0.03908765601864026 0.08722948708094388
0 0.46327697552909797 0.3646044197933079 0.013305483403260432 0.032722329026981356
0 0.46327697552909797 0.3646044197933079 0.013305483403260432 0.032722329026981356