0 0.25486105190029884 0.4384801961380573 0.012611315963434677 0.03600113251355737
0 0.25486105190029884 0.4384801961380573 0.012611315963434677 0.03600113251355737
0 0.2697048019002989 0.43839383772680096 0.021006012820281583 0.04854658430895533
0 0.2697048019002989 0.43839383772680096 0.021006012820281583 0.04854658430895533
0 0.3051350337033338 0.46085009982704933 0.010757717535011313 0.029742042154477843
0 0.3051350337033338 0.46085009982704933 0.010757717535011313 0.029742042154477843
0 0.31603614639978084 0.46000521731349214 0.01780823821317572 0.04696590359079629
0 0.31603614639978084 0.46000521731349214 0.01780823821317572 0.04696590359079629
0 0.34656055438149824 0.4778012504909793 0.019297963606069855 0.04541249394987581
0 0.34656055438149824 0.4778012504909793 0.019297963606069855 0.04541249394987581
0 0.35593555438149826 0.47774670833650157 0.010684942927905361 0.028179542154477842
0 0.35593555438149826 0.47774670833650157 0.010684942927905361 0.028179542154477842
0 0.3860597020241333 0.4869489915139889 0.009267992142117088 0.031295451795398145
0 0.3860597020241333 0.4869489915139889 0.009267992142117088 0.031295451795398145
0 0.6385490012383451 0.4886058985226306 0.026494033498445903 0.06576135538619425
0 0.6385490012383451 0.4886058985226306 0.026494033498445903 0.06576135538619425
0 0.7165990725784633 0.4529860402095702 0.005560795285270359 0.018777271077238922
0 0.7165990725784633 0.4529860402095702 0.005560795285270359 0.018777271077238922
0 0.7236667098820162 0.4537263835937118 0.005633569892376044 0.020339771077238923
0 0.7236667098820162 0.4537263835937118 0.005633569892376044 0.020339771077238923
0 0.7561945736119207 0.5480940071302787 0.010757717535011225 0.029742042154477667
0 0.7561945736119207 0.5480940071302787 0.010757717535011225 0.029742042154477667
0 0.6575580204687675 0.5611712449318345 0.009049668320799498 0.026607951795397967
0 0.6575580204687675 0.5611712449318345 0.009049668320799498 0.026607951795397967
0 0.378125231593638 0.568267169207086 0.012320217535011313 0.029751132513557366
0 0.378125231593638 0.568267169207086 0.012320217535011313 0.029751132513557366
0 0.2812309609154735 0.5516387262904825 0.012975188998963993 0.04381363251355737
0 0.2812309609154735 0.5516387262904825 0.012975188998963993 0.04381363251355737
0 0.3988379919327202 0.5767427445390509 0.00868579528527027 0.018795451795398144
0 0.3988379919327202 0.5767427445390509 0.00868579528527027 0.018795451795398144