0 0.3857155198347014 0.32516555553306653 0.08207891848667055 0.056189510238145425
0 0.3857155198347014 0.32516555553306653 0.08207891848667055 0.056189510238145425
0 0.37284898695394453 0.37836202665926255 0.03603309484924892 0.02372338450478395
0 0.37284898695394453 0.37836202665926255 0.03603309484924892 0.02372338450478395
0 0.46856113118467196 0.6772839107901373 0.09779951333591956 0.07789737208101144
0 0.46856113118467196 0.6772839107901373 0.09779951333591956 0.07789737208101144
0 0.3882514910368305 0.5883874323592415 0.07464905575957417 0.06010180921433097
0 0.3882514910368305 0.5883874323592415 0.07464905575957417 0.06010180921433097
0 0.3684331986131758 0.5748554751235407 0.041358323637421715 0.032001005119072626
0 0.3684331986131758 0.5748554751235407 0.041358323637421715 0.032001005119072626
0 0.3645905925540392 0.5364906560449738 0.06269118969849793 0.04651652778099056
0 0.3645905925540392 0.5364906560449738 0.06269118969849793 0.04651652778099056
0 0.3900047939214667 0.43400396379258177 0.045248598183228864 0.04168608552859858