0 0.6579268284565974 0.34575437824657407 0.03804551386770836 0.027599622489011467
0 0.6579268284565974 0.34575437824657407 0.03804551386770836 0.027599622489011467
0 0.6520041367772225 0.3591231911650722 0.052362587005972114 0.040097918422390764
0 0.6520041367772225 0.3591231911650722 0.052362587005972114 0.040097918422390764
0 0.6197371506449307 0.3789188339871871 0.03172277868534721 0.023780935407509494
0 0.6197371506449307 0.3789188339871871 0.03172277868534721 0.023780935407509494
0 0.6168667237831947 0.3895094904464361 0.04916485182361115 0.036626074881639784
0 0.6168667237831947 0.3895094904464361 0.04916485182361115 0.036626074881639784
0 0.5900321200597225 0.40834960946486537 0.04916485182361115 0.036626074881639784
0 0.5900321200597225 0.40834960946486537 0.04916485182361115 0.036626074881639784
0 0.5863258918112155 0.41650980503892665 0.030123911094166546 0.02204501363713405
0 0.5863258918112155 0.41650980503892665 0.030123911094166546 0.02204501363713405
0 0.5681395894745143 0.4386474937944209 0.03168641109416672 0.022218435407509497
0 0.5681395894745143 0.4386474937944209 0.03168641109416672 0.022218435407509497
0 0.4806259781515978 0.66270389845708 0.06980466014423606 0.05294305789652096
0 0.4806259781515978 0.66270389845708 0.06980466014423606 0.05294305789652096
0 0.4857693794621186 0.7497694919978309 0.019004573138263935 0.013018561244505733
0 0.4857693794621186 0.7497694919978309 0.019004573138263935 0.013018561244505733
0 0.4835710998268409 0.7557593593422677 0.0206034407294446 0.014754483014881359
0 0.4835710998268409 0.7557593593422677 0.0206034407294446 0.014754483014881359
0 0.3849517618709381 0.7370212878086126 0.03172277868534721 0.023780935407509675
0 0.3849517618709381 0.7370212878086126 0.03172277868534721 0.023780935407509675
0 0.40691572121774355 0.6428343252494326 0.028525043502986236 0.0203090918667586
0 0.40691572121774355 0.6428343252494326 0.028525043502986236 0.0203090918667586
0 0.49533721589940993 0.39082634235714897 0.03175914627652787 0.025343435407509496
0 0.49533721589940993 0.39082634235714897 0.03175914627652787 0.025343435407509496
0 0.54415461597566 0.31208754989435195 0.04593074905006951 0.031591731340888884
0 0.54415461597566 0.31208754989435195 0.04593074905006951 0.031591731340888884
0 0.4800758918112155 0.4047171246533942 0.020639808320624908 0.01631698301488118
0 0.4800758918112155 0.4047171246533942 0.020639808320624908 0.01631698301488118