0 0.46648171805592076 0.24322854793923004 0.027272895020978183 0.009684082670272608
0 0.46648171805592076 0.24322854793923004 0.027272895020978183 0.009684082670272608
0 0.4481120715850501 0.33101944927595717 0.07388778589277152 0.027398841343090473
0 0.4481120715850501 0.33101944927595717 0.07388778589277152 0.027398841343090473
0 0.485103508722577 0.35482911927118466 0.0397495842330974 0.03012385200509069
0 0.485103508722577 0.35482911927118466 0.0397495842330974 0.03012385200509069
0 0.47176398175287526 0.4058103639401846 0.049384693361304244 0.01306362133990877
0 0.47176398175287526 0.4058103639401846 0.049384693361304244 0.01306362133990877
0 0.4811552502237147 0.6535757019414572 0.058144386722608486 0.025654528007635947
0 0.4811552502237147 0.6535757019414572 0.058144386722608486 0.025654528007635947
0 0.4434552632959692 0.723606938613957 0.09933807178554285 0.05423406134627218
0 0.4434552632959692 0.723606938613957 0.09933807178554285 0.05423406134627218
0 0.3376374354871417 0.40033361795832006 0.060062084233097404 0.03036020934118149
0 0.3376374354871417 0.40033361795832006 0.060062084233097404 0.03036020934118149