0 0.4847497439830203 0.2440137428844852 0.041526165946843815 0.018810881493299902
0 0.4847497439830203 0.2440137428844852 0.041526165946843815 0.018810881493299902
0 0.4838881508305656 0.2551338729419198 0.034775518198597234 0.010267861263561518
0 0.4838881508305656 0.2551338729419198 0.034775518198597234 0.010267861263561518
0 0.4919299907438178 0.306929732769616 0.023376943244739757 0.025994320804084658
0 0.4919299907438178 0.306929732769616 0.023376943244739757 0.025994320804084658
0 0.4735700169619796 0.33977267351626594 0.04222707279438911 0.029748381493299902
0 0.4735700169619796 0.33977267351626594 0.04222707279438911 0.029748381493299902
0 0.4888841363325961 0.3576602529993544 0.07630168414544122 0.02907874275686142
0 0.4888841363325961 0.3576602529993544 0.07630168414544122 0.02907874275686142
0 0.5919530837393892 0.6517957949266026 0.04348918414544123 0.02524351155073461
0 0.5919530837393892 0.6517957949266026 0.04348918414544123 0.02524351155073461
0 0.6370665222037669 0.5819804481174122 0.06752746144333699 0.037357962412253795
0 0.6370665222037669 0.5819804481174122 0.06752746144333699 0.037357962412253795
0 0.49583145048911187 0.5520494582003755 0.028164572794389286 0.028104710976388426
0 0.49583145048911187 0.5520494582003755 0.028164572794389286 0.028104710976388426
0 0.499927467607975 0.5791192631142236 0.04661418414544123 0.02560877166560367
0 0.499927467607975 0.5791192631142236 0.04661418414544123 0.02560877166560367
0 0.5004467041897398 0.6609171532865276 0.047515350092285046 0.03967127166560367
0 0.5004467041897398 0.6609171532865276 0.047515350092285046 0.03967127166560367
0 0.6130492288667421 0.5265421388640622 0.04455103639719447 0.017613641608169316
0 0.6130492288667421 0.5265421388640622 0.04455103639719447 0.017613641608169316
0 0.5938138633536368 0.25094351892149686 0.042988536397194466 0.01743101155073452
0 0.5938138633536368 0.25094351892149686 0.042988536397194466 0.01743101155073452
0 0.5914212461424887 0.18904213886406224 0.046153109191583754 0.04261364160816918