0 0.526611825703715 0.29743904423010054 0.07583645459715278 0.04030575256024882
0 0.526611825703715 0.29743904423010054 0.07583645459715278 0.04030575256024882
0 0.5417458632227776 0.319442846846819 0.05374324905006951 0.02965667889684287
0 0.5417458632227776 0.319442846846819 0.05374324905006951 0.02965667889684287
0 0.5185440993550692 0.3415607705525773 0.05686824905006951 0.029838689420186526
0 0.5185440993550692 0.3415607705525773 0.05686824905006951 0.029838689420186526
0 0.34281021542763834 0.6990107075536894 0.026889808320624996 0.015609589448421345
0 0.34281021542763834 0.6990107075536894 0.026889808320624996 0.015609589448421345
0 0.34482861673815923 0.6122919575536894 0.024019381458888843 0.02636507892507787
0 0.34482861673815923 0.6122919575536894 0.024019381458888843 0.02636507892507787
0 0.31721276301468704 0.5887788628435962 0.03949891109416672 0.021025131541796326