0 0.5745519476498947 0.6785088555705602 0.06553646879233561 0.035990885932842255
0 0.5745519476498947 0.6785088555705602 0.06553646879233561 0.035990885932842255
0 0.5608955613992761 0.6576751888964626 0.05624335594746519 0.036402280674377605
0 0.5608955613992761 0.6576751888964626 0.05624335594746519 0.036402280674377605
0 0.5616734893730089 0.6428314388964627 0.07507524310259513 0.040266991191307076
0 0.5616734893730089 0.6428314388964627 0.07507524310259513 0.040266991191307076
0 0.520301538898039 0.6176385879977593 0.02729948439616763 0.01732396489898349
0 0.520301538898039 0.6176385879977593 0.02729948439616763 0.01732396489898349
0 0.5221130223896956 0.6275070616831432 0.020885710085908293 0.013431561393340275
0 0.5221130223896956 0.6275070616831432 0.020885710085908293 0.013431561393340275
0 0.48258021087887776 0.5524101362226452 0.035193871551297565 0.019845719281037334
0 0.48258021087887776 0.5524101362226452 0.035193871551297565 0.019845719281037334
0 0.49148265660414925 0.27886286429008295 0.057887743102595125 0.03815663155078841
0 0.49148265660414925 0.27886286429008295 0.057887743102595125 0.03815663155078841
0 0.5176633763009959 0.22364135114392117 0.03864642017181659 0.02647942103385894
0 0.5176633763009959 0.22364135114392117 0.03864642017181659 0.02647942103385894
0 0.4270826419048282 0.24873527653754152 0.04308161465389269 0.05186312278668055
0 0.4270826419048282 0.24873527653754152 0.04308161465389269 0.05186312278668055
0 0.4179190038451872 0.27547578091959546 0.02565509724103805 0.015569614022572686
0 0.4179190038451872 0.27547578091959546 0.02565509724103805 0.015569614022572686
0 0.4005776956137298 0.3249546142454979 0.025736984396167804 0.017132114022572687
0 0.4005776956137298 0.3249546142454979 0.025736984396167804 0.017132114022572687
0 0.3828678951841885 0.3814646975714004 0.026064533016686743 0.0233821140225726
0 0.3828678951841885 0.3814646975714004 0.026064533016686743 0.0233821140225726
0 0.3946176226829513 0.3350010923129357 0.02721759724103805 0.0157614648989834
0 0.3946176226829513 0.3350010923129357 0.02721759724103805 0.0157614648989834
0 0.40174629070706125 0.5840695309195955 0.049665807326946344 0.02938487716873439
0 0.40174629070706125 0.5840695309195955 0.049665807326946344 0.02938487716873439
0 0.4496271907524898 0.662798776559834 0.02121325870642714 0.019681561393340274
0 0.4496271907524898 0.662798776559834 0.02121325870642714 0.019681561393340274
0 0.456249004976841 0.6697479476159854 0.027299484396167806 0.01732396489898349
0 0.456249004976841 0.6697479476159854 0.027299484396167806 0.01732396489898349
0 0.48084289122745966 0.6892386581552075 0.022611984396167628 0.0167484122697509