0 0.290926392095556 0.5841494560011203 0.019550087005972293 0.03667721051692947
0 0.290926392095556 0.5841494560011203 0.019550087005972293 0.03667721051692947
0 0.33563817363069487 0.5304340568552386 0.04484102773541672 0.052246824539502155
0 0.33563817363069487 0.5304340568552386 0.04484102773541672 0.052246824539502155
0 0.37139383567479206 0.5270341270126867 0.029434233282500076 0.05970331577539412
0 0.37139383567479206 0.5270341270126867 0.029434233282500076 0.05970331577539412
0 0.5390346241437851 0.5000977716650519 0.013409189779513931 0.04059730701128643
0 0.5390346241437851 0.5000977716650519 0.013409189779513931 0.04059730701128643
0 0.5804954255305559 0.5075255698899378 0.016679660144236053 0.047231008764107865
0 0.5804954255305559 0.5075255698899378 0.016679660144236053 0.047231008764107865
0 0.6803142407850351 0.5454893505420229 0.026563806420763926 0.07025711402257251
0 0.6803142407850351 0.5454893505420229 0.026563806420763926 0.07025711402257251
0 0.7287887615865977 0.5864970522725519 0.009884146276527872 0.023026105258464824
0 0.7287887615865977 0.5864970522725519 0.009884146276527872 0.023026105258464824
0 0.662979310789167 0.4366355172161203 0.009702308320624908 0.015213605258464824
0 0.662979310789167 0.4366355172161203 0.009702308320624908 0.015213605258464824
0 0.6534952080156253 0.4307969119576557 0.008103440729444421 0.013459254382053842
0 0.6534952080156253 0.4307969119576557 0.008103440729444421 0.013459254382053842