0 0.4663835998268409 0.6855701550960152 0.06028418977951393 0.04148184585538672
0 0.4663835998268409 0.6855701550960152 0.06028418977951393 0.04148184585538672
0 0.46671025493708385 0.666007071597918 0.06504442496187508 0.044797846843970035
0 0.46671025493708385 0.666007071597918 0.06504442496187508 0.044797846843970035
0 0.5540037010817711 0.3175921348300602 0.03179551386770836 0.02471083992388783
0 0.5540037010817711 0.3175921348300602 0.03179551386770836 0.02471083992388783
0 0.5752786358272919 0.29091954688333865 0.034956881458888846 0.026400673916276672
0 0.5752786358272919 0.29091954688333865 0.034956881458888846 0.026400673916276672
0 0.351537236985313 0.5557473453239142 0.022311411094166723 0.01964133794672147
0 0.351537236985313 0.5557473453239142 0.022311411094166723 0.01964133794672147
0 0.36160387442812547 0.6186784268448451 0.0872103656913195 0.058189184790691684
0 0.36160387442812547 0.6186784268448451 0.0872103656913195 0.058189184790691684
0 0.39415722881718784 0.3710248354380825 0.05396145459715278 0.0381021778706093