0 0.5559175292680087 0.5562811183449746 0.04325309253146727 0.018000872296127568
0 0.5559175292680087 0.5562811183449746 0.04325309253146727 0.018000872296127568
0 0.6280535610115953 0.5841650973383936 0.06834818091374953 0.042063856905087606
0 0.6280535610115953 0.5841650973383936 0.06834818091374953 0.042063856905087606
0 0.6884564195151022 0.4675907591521115 0.07926237012586874 0.06325155074867155
0 0.6884564195151022 0.4675907591521115 0.07926237012586874 0.06325155074867155
0 0.6892726356969231 0.4368302778709169 0.03508539502097818 0.012584044093141067
0 0.6892726356969231 0.4368302778709169 0.03508539502097818 0.012584044093141067
0 0.576931198135189 0.04448822400227632 0.06486798340326061 0.037084625623892864
0 0.576931198135189 0.04448822400227632 0.06486798340326061 0.037084625623892864
0 0.4837139944009226 0.0602714124381156 0.06991068091374952 0.04220972254568482
0 0.4837139944009226 0.0602714124381156 0.06991068091374952 0.04220972254568482
0 0.5040507278041831 0.08984395757124641 0.04012809253146728 0.01770914101493304
0 0.5040507278041831 0.08984395757124641 0.04012809253146728 0.01770914101493304
0 0.5922908919207005 0.4340822647676522 0.030753092531467276 0.016833947171349097
0 0.5922908919207005 0.4340822647676522 0.030753092531467276 0.016833947171349097
0 0.5835913207598576 0.4750200070721321 0.04457879419114121 0.01502173793672501