0 0.2532458274178676 0.483822385193732 0.06922966378737563 0.058159492478152684
0 0.2532458274178676 0.483822385193732 0.06922966378737563 0.058159492478152684
0 0.2962145774178676 0.4850726481258558 0.038640997840531634 0.043233174452321776
0 0.2962145774178676 0.4850726481258558 0.038640997840531634 0.043233174452321776
0 0.5748705035437442 0.4892817411580044 0.030528109191583754 0.038318353919208195
0 0.5748705035437442 0.4892817411580044 0.030528109191583754 0.038318353919208195
0 0.5961354318290893 0.44389268481065597 0.04951794108527156 0.06694345909205772
0 0.5961354318290893 0.44389268481065597 0.04951794108527156 0.06694345909205772
0 0.6463962476836482 0.42508050032920436 0.03471496144333699 0.030642246239076344
0 0.6463962476836482 0.42508050032920436 0.03471496144333699 0.030642246239076344
0 0.6223975431801414 0.43997807462324146 0.022114831893687813 0.028716033386094963
0 0.6223975431801414 0.43997807462324146 0.022114831893687813 0.028716033386094963
0 0.5365601727297907 0.43904004875899405 0.04957849784053163 0.04355142319868044
0 0.5365601727297907 0.43904004875899405 0.04957849784053163 0.04355142319868044
0 0.5640040522794401 0.44139817062489095 0.02221496144333699 0.030278533386094784
0 0.5640040522794401 0.44139817062489095 0.02221496144333699 0.030278533386094784
0 0.5125614682262839 0.4539376230530312 0.016165220542635694 0.033221676959604096
0 0.5125614682262839 0.4539376230530312 0.016165220542635694 0.033221676959604096
0 0.5718456330933936 0.49075331294475893 0.02201470234403846 0.027153533386094962
0 0.5718456330933936 0.49075331294475893 0.02201470234403846 0.027153533386094962
0 0.5289467342654128 0.5027615679593239 0.03461483189368782 0.029079746239076342
0 0.5289467342654128 0.5027615679593239 0.03461483189368782 0.029079746239076342
0 0.27272581507936644 0.5444332762599589 0.016165220542635694 0.033221676959604096