0 0.4460095358417619 0.7366452431034365 0.07358798620519007 0.06372730925276535
0 0.4460095358417619 0.7366452431034365 0.07358798620519007 0.06372730925276535
0 0.44050648631673167 0.7062446769508123 0.027545145861557076 0.019213650162155815
0 0.44050648631673167 0.7062446769508123 0.027545145861557076 0.019213650162155815
0 0.41569351481086275 0.6058043461876915 0.03543953301668683 0.020912517856907443
0 0.41569351481086275 0.6058043461876915 0.03543953301668683 0.020912517856907443
0 0.4177097161903437 0.599513435879266 0.03864642017181659 0.02252956493480802
0 0.4177097161903437 0.599513435879266 0.03864642017181659 0.02252956493480802
0 0.48638671585165943 0.3731088486233235 0.06783595318850325 0.0433329886359143
0 0.48638671585165943 0.3731088486233235 0.06783595318850325 0.0433329886359143
0 0.49268762550802647 0.3292088441590966 0.03889208163720568 0.0272170649348082
0 0.49268762550802647 0.3292088441590966 0.03889208163720568 0.0272170649348082
0 0.38414146313812597 0.30217083157719493 0.021213258706427318 0.01754205600635439
0 0.38414146313812597 0.30217083157719493 0.021213258706427318 0.01754205600635439
0 0.38545497964646935 0.3123134448077198 0.04366146879233561 0.028861385551659246
0 0.38545497964646935 0.3123134448077198 0.04366146879233561 0.028861385551659246
0 0.3551809814554917 0.3613236891256769 0.03527575870642732 0.017787517856907444
0 0.3551809814554917 0.3613236891256769 0.03527575870642732 0.017787517856907444
0 0.2955104895960921 0.5805333851479174 0.06643722749876275 0.04643071509696384
0 0.2955104895960921 0.5805333851479174 0.06643722749876275 0.04643071509696384