0 0.37464239409608646 0.7334341209386769 0.0252363573360908 0.02206067029858776
0 0.37464239409608646 0.7334341209386769 0.0252363573360908 0.02206067029858776
0 0.3570185420909958 0.6947322538583978 0.05343408267027261 0.030277361884498966
0 0.3570185420909958 0.6947322538583978 0.05343408267027261 0.030277361884498966
0 0.3517043334261321 0.7076310916055817 0.03613749466899989 0.019700494804219915
0 0.3517043334261321 0.7076310916055817 0.03613749466899989 0.019700494804219915
0 0.3527828387173613 0.3978026235365669 0.025145450668363534 0.01424817029858776
0 0.3527828387173613 0.3978026235365669 0.025145450668363534 0.01424817029858776
0 0.3679533053787252 0.3598327299731842 0.07067612667090888 0.03616672896477802
0 0.3679533053787252 0.3598327299731842 0.07067612667090888 0.03616672896477802
0 0.3732766047103616 0.3477151422260003 0.0439863573360908 0.023371798022528624
0 0.3732766047103616 0.3477151422260003 0.0439863573360908 0.023371798022528624
0 0.43888287603436205 0.28360871958162404 0.018986357336090796 0.021623627723940865
0 0.43888287603436205 0.28360871958162404 0.018986357336090796 0.021623627723940865
0 0.462520918045816 0.36956799891471925 0.02674431333545435 0.017482430942249483
0 0.462520918045816 0.36956799891471925 0.02674431333545435 0.017482430942249483
0 0.4919720607097252 0.3513314511442922 0.03295795066836362 0.014794473516896467