0 0.6778525147130454 0.46854705968069565 0.015848140606883377 0.02277616594684382
0 0.6778525147130454 0.46854705968069565 0.015848140606883377 0.02277616594684382
0 0.7346924460765936 0.46985803824289585 0.02012105242559432 0.03703892504614252
0 0.7346924460765936 0.46985803824289585 0.02012105242559432 0.03703892504614252
0 0.7441312189554109 0.4712400655407918 0.014540732122152632 0.025801036397194645
0 0.7441312189554109 0.4712400655407918 0.014540732122152632 0.025801036397194645
0 0.618398153193897 0.3590428493170927 0.011033094849248925 0.020913277297895938
0 0.618398153193897 0.3590428493170927 0.011033094849248925 0.020913277297895938
0 0.6133280159209934 0.3540549606681448 0.012850686364518004 0.024138406847545292
0 0.6133280159209934 0.3540549606681448 0.012850686364518004 0.024138406847545292
0 0.5856016286480898 0.3476151935492816 0.011033094849248925 0.020913277297895938
0 0.5856016286480898 0.3476151935492816 0.011033094849248925 0.020913277297895938
0 0.5564722380412064 0.3239879264304185 0.014413186364518004 0.024238536397194553
0 0.5564722380412064 0.3239879264304185 0.014413186364518004 0.024238536397194553
0 0.3267843512273446 0.42351185533407243 0.07123701333591956 0.07295544108527138
0 0.3267843512273446 0.42351185533407243 0.07123701333591956 0.07295544108527138