0 0.3186162370013693 0.396410334442925 0.04731292069139794 0.07298010357732228
0 0.3186162370013693 0.396410334442925 0.04731292069139794 0.07298010357732228
0 0.37208221780103934 0.40316965266261606 0.03150606426490725 0.0652714471713491
0 0.37208221780103934 0.40316965266261606 0.03150606426490725 0.0652714471713491
0 0.347636147267926 0.39761807009187455 0.030125420691397942 0.07137558153075182
0 0.347636147267926 0.39761807009187455 0.030125420691397942 0.07137558153075182
0 0.6236279974262106 0.4329561501670446 0.03834709765100204 0.08616740973373851
0 0.6236279974262106 0.4329561501670446 0.03834709765100204 0.08616740973373851
0 0.6610143371596539 0.4255491247927089 0.01005696159934022 0.024312693843583942
0 0.6610143371596539 0.4255491247927089 0.01005696159934022 0.024312693843583942
0 0.6843047361434393 0.5259966214649437 0.0395913489046432 0.07537577537433578
0 0.6843047361434393 0.5259966214649437 0.0395913489046432 0.07537577537433578
0 0.5996485913162889 0.5511337988774978 0.021449102665567033 0.04095875332776515
0 0.5996485913162889 0.5511337988774978 0.021449102665567033 0.04095875332776515
0 0.5893786810497322 0.5481756755413804 0.016716138558944316 0.03895865640597318
0 0.5893786810497322 0.5481756755413804 0.016716138558944316 0.03895865640597318
0 0.39487852329045803 0.5404817649754483 0.034858384798020656 0.07337567845254363
0 0.39487852329045803 0.5404817649754483 0.034858384798020656 0.07337567845254363
0 0.3704551848106559 0.5357114324047068 0.04969377461060622 0.10125096921791972
0 0.3704551848106559 0.5357114324047068 0.04969377461060622 0.10125096921791972