0 0.4099550794296777 0.4175880216393031 0.04408996144333699 0.034369887800137985
0 0.4099550794296777 0.4175880216393031 0.04408996144333699 0.034369887800137985
0 0.31288461058508493 0.673480953698828 0.08132914558877821 0.058671088518773826
0 0.31288461058508493 0.673480953698828 0.08132914558877821 0.058671088518773826
0 0.24932515346068448 0.7937866374323452 0.06500323874123311 0.045999370815018994
0 0.24932515346068448 0.7937866374323452 0.06500323874123311 0.045999370815018994
0 0.2465610988648926 0.8127100592027207 0.04398983189368781 0.03280738780013799
0 0.2465610988648926 0.8127100592027207 0.04398983189368781 0.03280738780013799
0 0.14566922733480778 0.8014129351623144 0.03471496144333708 0.03332935717788495
0 0.14566922733480778 0.8014129351623144 0.03471496144333708 0.03332935717788495
0 0.14714089220191748 0.7663433960475021 0.026001295496493215 0.018399748326007527
0 0.14714089220191748 0.7663433960475021 0.026001295496493215 0.018399748326007527
0 0.1557637230158711 0.7165176698511879 0.029326554595791875 0.021871591866758598
0 0.1557637230158711 0.7165176698511879 0.029326554595791875 0.021871591866758598
0 0.18381767428017542 0.6660866715251803 0.029226425046142524 0.0203090918667586
0 0.18381767428017542 0.6660866715251803 0.029226425046142524 0.0203090918667586
0 0.16957350401439486 0.597855232769686 0.05885336829088237 0.0468681837335172
0 0.16957350401439486 0.597855232769686 0.05885336829088237 0.0468681837335172
0 0.30790122609819004 0.4002143193692723 0.021413925046142524 0.019441983014881183
0 0.30790122609819004 0.4002143193692723 0.021413925046142524 0.019441983014881183
0 0.3102042057401245 0.36427681936927236 0.04419009099298643 0.03593238780013781
0 0.3102042057401245 0.36427681936927236 0.04419009099298643 0.03593238780013781
0 0.31853713988556565 0.34318392140258275 0.06852875693983033 0.05259621435577007