0 0.5965264847628593 0.7222861480794796 0.05821248933799979 0.035720600873680654
0 0.5965264847628593 0.7222861480794796 0.05821248933799979 0.035720600873680654
0 0.5827725200906777 0.6813520235544449 0.0299238573360908 0.021003484232430657
0 0.5827725200906777 0.6813520235544449 0.0299238573360908 0.021003484232430657
0 0.5823088960852688 0.641508273554445 0.03455681333545435 0.016425087005972294
0 0.5823088960852688 0.641508273554445 0.03455681333545435 0.016425087005972294
0 0.5689185580839962 0.6318241490294102 0.028306813335454352 0.016279616641249994
0 0.5689185580839962 0.6318241490294102 0.028306813335454352 0.016279616641249994
0 0.6038646280633152 0.4803350374221533 0.02825226933481808 0.011592116641249994
0 0.6038646280633152 0.4803350374221533 0.02825226933481808 0.011592116641249994
0 0.7208088694302683 0.730646121578334 0.03926249466899989 0.01809668977951393
0 0.7208088694302683 0.730646121578334 0.03926249466899989 0.01809668977951393