0 0.2326628742738744 0.48045400415995887 0.012101893713693723 0.026021059484181208
0 0.2326628742738744 0.48045400415995887 0.012101893713693723 0.026021059484181208
0 0.23869455045255678 0.47518304159756963 0.01671661910658786 0.02489615640597318
0 0.23869455045255678 0.47518304159756963 0.01671661910658786 0.02489615640597318
0 0.2816975337033338 0.438213370840546 0.012174668320799586 0.02758355948418121
0 0.2816975337033338 0.438213370840546 0.012174668320799586 0.02758355948418121
0 0.7618152191876412 0.3015887722553763 0.044045406533975394 0.0772300066555303
0 0.7618152191876412 0.3015887722553763 0.044045406533975394 0.0772300066555303
0 0.7359783112059238 0.2859538725049334 0.010466619106587772 0.024312693843583942
0 0.7359783112059238 0.2859538725049334 0.010466619106587772 0.024312693843583942
0 0.6851777905277594 0.27343407300404776 0.012174668320799498 0.02758355948418121
0 0.6851777905277594 0.27343407300404776 0.012174668320799498 0.02758355948418121
0 0.67778266749223 0.2662779683867357 0.010393844499482085 0.022750193843583944
0 0.67778266749223 0.2662779683867357 0.010393844499482085 0.022750193843583944
0 0.6310339460282772 0.25651850478435667 0.015517992142117265 0.03256279076537592
0 0.6310339460282772 0.25651850478435667 0.015517992142117265 0.03256279076537592
0 0.3625022698495949 0.286294894967096 0.01224744292790545 0.029146059484181207
0 0.3625022698495949 0.286294894967096 0.01224744292790545 0.029146059484181207
0 0.356215882546042 0.28609710752948525 0.012101893713693723 0.026021059484181208
0 0.356215882546042 0.28609710752948525 0.012101893713693723 0.026021059484181208
0 0.22458920099067609 0.37449573544115355 0.01046661910658786 0.024312693843583942
0 0.22458920099067609 0.37449573544115355 0.01046661910658786 0.024312693843583942
0 0.22008363750844068 0.3788395823629455 0.010393844499482085 0.022750193843583944
0 0.22008363750844068 0.3788395823629455 0.010393844499482085 0.022750193843583944
0 0.19392139784752294 0.3899130482531 0.02296661910658786 0.025479618968362504