0 0.2322368678972441 0.5142226577985269 0.044036784547746864 0.06573377191026956
0 0.2322368678972441 0.5142226577985269 0.044036784547746864 0.06573377191026956
0 0.2729574627464931 0.5393314297087967 0.0181759151526907 0.03316850876410786
0 0.2729574627464931 0.5393314297087967 0.0181759151526907 0.03316850876410786
0 0.3172016703228384 0.5602323288100933 0.03013378121376702 0.04701146489898349
0 0.3172016703228384 0.5602323288100933 0.03013378121376702 0.04701146489898349
0 0.3060728516863866 0.5565456226752179 0.014413186364518004 0.024972307011286433
0 0.3060728516863866 0.5565456226752179 0.014413186364518004 0.024972307011286433
0 0.3741212210814428 0.5942908594844709 0.015975686364518005 0.025164157887697058
0 0.3741212210814428 0.5942908594844709 0.015975686364518005 0.025164157887697058
0 0.6688600230479951 0.5477243286317531 0.03702151000193972 0.05559136840462653
0 0.6688600230479951 0.5477243286317531 0.03702151000193972 0.05559136840462653
0 0.7338475521357302 0.4721744689466494 0.0250636439408634 0.04174841226975108
0 0.7338475521357302 0.4721744689466494 0.0250636439408634 0.04174841226975108
0 0.7484841369830395 0.44303482858716803 0.0266261439408634 0.04194026314616188
0 0.7484841369830395 0.44303482858716803 0.0266261439408634 0.04194026314616188
0 0.7729735671386397 0.5535470873512759 0.023788186364518182 0.0261234122697509
0 0.7729735671386397 0.5535470873512759 0.023788186364518182 0.0261234122697509
0 0.7621954348667059 0.5731060303399896 0.010778003333979847 0.018338605258464823
0 0.7621954348667059 0.5731060303399896 0.010778003333979847 0.018338605258464823
0 0.7546380263819751 0.5752717759579358 0.019483323637421536 0.030235359640518666
0 0.7546380263819751 0.5752717759579358 0.019483323637421536 0.030235359640518666
0 0.7311844219898284 0.6195706356207469 0.014540732122152632 0.026534807011286254
0 0.7311844219898284 0.6195706356207469 0.014540732122152632 0.026534807011286254
0 0.7270708778991837 0.6260263329915146 0.014540732122152632 0.02653480701128643
0 0.7270708778991837 0.6260263329915146 0.014540732122152632 0.02653480701128643
0 0.7091339498696154 0.6431594470363797 0.017283094849248927 0.022231008764107864
0 0.7091339498696154 0.6431594470363797 0.017283094849248927 0.022231008764107864
0 0.6949119532035952 0.6584284382722718 0.014540732122152632 0.02653480701128643
0 0.6949119532035952 0.6584284382722718 0.014540732122152632 0.02653480701128643
0 0.6876734091129508 0.6645004338902178 0.014540732122152632 0.026534807011286254
0 0.6876734091129508 0.6645004338902178 0.014540732122152632 0.026534807011286254
0 0.6681102082045651 0.6806604470586721 0.010778003333980024 0.018338605258464823
0 0.6681102082045651 0.6806604470586721 0.010778003333980024 0.018338605258464823
0 0.6631196903267178 0.7047971181148236 0.025223140606883375 0.024752763146161882
0 0.6631196903267178 0.7047971181148236 0.025223140606883375 0.024752763146161882
0 0.46748819699467753 0.7148070568106535 0.014413186364518004 0.024972307011286433
0 0.46748819699467753 0.7148070568106535 0.014413186364518004 0.024972307011286433
0 0.3772299877513422 0.679748732293444 0.019483323637421623 0.030235359640518666
0 0.3772299877513422 0.679748732293444 0.019483323637421623 0.030235359640518666
0 0.2887097506282198 0.6186075349672614 0.050159238790112325 0.06493867541591278