0 0.6125110018575176 0.7584698198624167 0.030560795285270358 0.019786710344286362
0 0.6125110018575176 0.7584698198624167 0.030560795285270358 0.019786710344286362
0 0.6066783788219883 0.7504663469042587 0.03212329528527036 0.01984127404661713
0 0.6066783788219883 0.7504663469042587 0.03212329528527036 0.01984127404661713
0 0.42858103411761855 0.3261781311176768 0.02565497146395277 0.014935519237293703
0 0.42858103411761855 0.3261781311176768 0.02565497146395277 0.014935519237293703
0 0.428835745242489 0.3316468811176768 0.027290246071058632 0.016552582939624562
0 0.428835745242489 0.3316468811176768 0.027290246071058632 0.016552582939624562
0 0.45072355376232565 0.2489534322061359 0.06966183664159917 0.055471239200226743
0 0.45072355376232565 0.2489534322061359 0.06966183664159917 0.055471239200226743
0 0.337159821545006 0.37290430897782545 0.028925520678164496 0.018169646641955417
0 0.337159821545006 0.37290430897782545 0.028925520678164496 0.018169646641955417
0 0.33826855727698235 0.3799628408289909 0.030415246071058544 0.016661710344286273
0 0.33826855727698235 0.3799628408289909 0.030415246071058544 0.016661710344286273
0 0.4229176548768363 0.6902307074338794 0.04000856989237604 0.021676592558271323
0 0.4229176548768363 0.6902307074338794 0.04000856989237604 0.021676592558271323
0 0.47241038667987123 0.7145784322061359 0.030560795285270358 0.019786710344286362
0 0.47241038667987123 0.7145784322061359 0.030560795285270358 0.019786710344286362
0 0.5059163995001528 0.7641072062527531 0.030633569892376044 0.021349210344286364
0 0.5059163995001528 0.7641072062527531 0.030633569892376044 0.021349210344286364
0 0.5116762479285762 0.770548179210911 0.03041524607105863 0.016661710344286363
0 0.5116762479285762 0.770548179210911 0.03041524607105863 0.016661710344286363