0 0.591922805361759 0.7368622150936688 0.02560077729789594 0.009811376623205349
0 0.591922805361759 0.7368622150936688 0.02560077729789594 0.009811376623205349
0 0.5998657132890385 0.7268559695578956 0.019551036397194466 0.012827282467404189
0 0.5998657132890385 0.7268559695578956 0.019551036397194466 0.012827282467404189
0 0.6156421051771888 0.6686031387947747 0.046814443244739934 0.024228432629559826
0 0.6156421051771888 0.6686031387947747 0.046814443244739934 0.024228432629559826
0 0.6032119563492081 0.681652563713697 0.035176036397194466 0.013100017856907443
0 0.6032119563492081 0.681652563713697 0.035176036397194466 0.013100017856907443
0 0.6794311883074944 0.31230432020651866 0.027764054595791877 0.019213650162155815
0 0.6794311883074944 0.31230432020651866 0.027764054595791877 0.019213650162155815
0 0.6860712145256561 0.3428548908233696 0.07830427513842757 0.052871629869616396
0 0.6860712145256561 0.3428548908233696 0.07830427513842757 0.052871629869616396
0 0.6949245828165385 0.38358898497917104 0.03693879549649317 0.01625229139585782
0 0.6949245828165385 0.38358898497917104 0.03693879549649317 0.01625229139585782
0 0.6880237407438179 0.37332364082336966 0.03507590684754529 0.011537517856907441
0 0.6880237407438179 0.37332364082336966 0.03507590684754529 0.011537517856907441
0 0.7429753631967533 0.6950174086802772 0.08874112739018099 0.0452500446422686
0 0.7429753631967533 0.6950174086802772 0.08874112739018099 0.0452500446422686