0 0.29805152741086005 0.593175195235404 0.03782726400381797 0.030966580083912554
0 0.29805152741086005 0.593175195235404 0.03782726400381797 0.030966580083912554
0 0.3588072140754056 0.582167762871762 0.037790901336727065 0.027841580083912732
0 0.3588072140754056 0.582167762871762 0.037790901336727065 0.027841580083912732
0 0.3984129647119524 0.36348954046616355 0.04100680800445442 0.03589087842423862
0 0.3984129647119524 0.36348954046616355 0.04100680800445442 0.03589087842423862
0 0.4635203440483614 0.391059356027929 0.05039998933799979 0.0381637734452168
0 0.4635203440483614 0.391059356027929 0.05039998933799979 0.0381637734452168
0 0.47426694004613423 0.37548190021907024 0.06299089600572697 0.04692346680652095
0 0.47426694004613423 0.37548190021907024 0.06299089600572697 0.04692346680652095
0 0.4184527447087708 0.3415912296782829 0.031649989337999784 0.03674298340326043