0 0.4134715371328207 0.2746235423653248 0.05098841515269079 0.03548773213953691
0 0.4134715371328207 0.2746235423653248 0.05098841515269079 0.03548773213953691
0 0.4189083362244352 0.2930317897734267 0.058673369395056164 0.03460873732333329
0 0.4189083362244352 0.2930317897734267 0.058673369395056164 0.03460873732333329
0 0.445056248043146 0.3049070731852786 0.0841516015172088 0.06165925287472209
0 0.445056248043146 0.3049070731852786 0.0841516015172088 0.06165925287472209
0 0.4573170030441158 0.3297997664463434 0.05111596091032524 0.03705023213953691
0 0.4573170030441158 0.3297997664463434 0.05111596091032524 0.03705023213953691
0 0.4678399148628266 0.34304206022578787 0.047480777879787085 0.030526830066018463
0 0.4678399148628266 0.34304206022578787 0.047480777879787085 0.030526830066018463
0 0.4831938478933647 0.34799340037657495 0.04266573212215263 0.028554226955740704
0 0.4831938478933647 0.34799340037657495 0.04266573212215263 0.028554226955740704
0 0.52243156213767 0.3949176270494917 0.040975686364518 0.02685502591898139
0 0.52243156213767 0.3949176270494917 0.040975686364518 0.02685502591898139
0 0.5457095654716498 0.4101913125348621 0.0681759151526908 0.036991443543888815
0 0.5457095654716498 0.4101913125348621 0.0681759151526908 0.036991443543888815
0 0.5715864103208987 0.4283849464650936 0.052040732122152634 0.029374433176296223
0 0.5715864103208987 0.4283849464650936 0.052040732122152634 0.029374433176296223
0 0.6011941619878887 0.4344497272850473 0.02547823212215263 0.0270505155513888
0 0.6011941619878887 0.4344497272850473 0.02547823212215263 0.0270505155513888
0 0.5759549169888585 0.46262324542833433 0.062053460910325244 0.03800713939685174
0 0.5759549169888585 0.46262324542833433 0.062053460910325244 0.03800713939685174
0 0.5981644989612299 0.5322816345423622 0.021460411818710768 0.01583961347787035
0 0.5981644989612299 0.5322816345423622 0.021460411818710768 0.01583961347787035
0 0.5990413438104788 0.5526624850607418 0.06061850666795969 0.03943293836009261
0 0.5990413438104788 0.5526624850607418 0.06061850666795969 0.03943293836009261
0 0.5998225938104789 0.5525941345423622 0.055803460910325245 0.037460335249814666
0 0.5998225938104789 0.5525941345423622 0.055803460910325245 0.037460335249814666
0 0.6000617098715552 0.5651624850607417 0.05892846091032524 0.037733737323333114
0 0.6000617098715552 0.5651624850607417 0.05892846091032524 0.037733737323333114
0 0.5980048733572559 0.58816048765264 0.05398586939505616 0.03419863421305536
0 0.5980048733572559 0.58816048765264 0.05398586939505616 0.03419863421305536
0 0.6209637544212416 0.6766372272850474 0.04279327787978708 0.030116726955740702
0 0.6209637544212416 0.6766372272850474 0.04279327787978708 0.030116726955740702
0 0.7175996383601654 0.6555934124875938 0.026403003333979845 0.01937471658814811
0 0.7175996383601654 0.6555934124875938 0.026403003333979845 0.01937471658814811
0 0.7120990663897337 0.636403915079492 0.026913186364518005 0.025624716588148112
0 0.7120990663897337 0.636403915079492 0.026913186364518005 0.025624716588148112
0 0.7216495385099465 0.6088161573037976 0.039158094849248926 0.02359332488222208
0 0.7216495385099465 0.6088161573037976 0.039158094849248926 0.02359332488222208
0 0.7160692182065048 0.5982887604140753 0.04604582363742171 0.03195262902925915
0 0.7160692182065048 0.5982887604140753 0.04604582363742171 0.03195262902925915
0 0.7142835775996214 0.5764137604140753 0.030548369395056164 0.03214811866166656
0 0.7142835775996214 0.5764137604140753 0.030548369395056164 0.03214811866166656
0 0.7199277997198342 0.5491677552302792 0.03447059484924893 0.023183221771944318
0 0.7199277997198342 0.5491677552302792 0.03447059484924893 0.023183221771944318
0 0.7128487522952097 0.539558309377316 0.032653003333980024 0.01992152073518518
0 0.7128487522952097 0.539558309377316 0.032653003333980024 0.01992152073518518
0 0.7091817472942399 0.5139137604140753 0.031218049091614474 0.02134731969842587
0 0.7091817472942399 0.5139137604140753 0.031218049091614474 0.02134731969842587
0 0.5629294031938971 0.2741369438731954 0.03434304909161447 0.021620721771944316
0 0.5629294031938971 0.2741369438731954 0.03434304909161447 0.021620721771944316
0 0.5560416744057244 0.26687124802023254 0.03434304909161447 0.021620721771944316
0 0.5560416744057244 0.26687124802023254 0.03434304909161447 0.021620721771944316
0 0.5301330075860436 0.22900966305324175 0.04266573212215263 0.028554226955740704
0 0.5301330075860436 0.22900966305324175 0.04266573212215263 0.028554226955740704
0 0.5199927330402365 0.22045486927379726 0.03772314060688355 0.025019123845462943
0 0.5199927330402365 0.22045486927379726 0.03772314060688355 0.025019123845462943
0 0.4961885712215256 0.20837453430680647 0.03003818636451818 0.025898118661666646
0 0.4961885712215256 0.20837453430680647 0.03003818636451818 0.025898118661666646
0 0.4791605678875458 0.19255404467439904 0.031473140606883554 0.024472319698425872