0 0.3655456484244347 0.563658283750082 0.02836134933607006 0.04160714664195542
0 0.3655456484244347 0.563658283750082 0.02836134933607006 0.04160714664195542
0 0.3897280369881163 0.5707540211362103 0.015770445745273864 0.025545637023308566
0 0.3897280369881163 0.5707540211362103 0.015770445745273864 0.025545637023308566
0 0.39756780806535513 0.5663393396478645 0.015752265027114642 0.022420637023308564
0 0.39756780806535513 0.5663393396478645 0.015752265027114642 0.022420637023308564
0 0.551714952580965 0.5303076143274538 0.015788626463433174 0.028670637023308566
0 0.551714952580965 0.5303076143274538 0.015788626463433174 0.028670637023308566
0 0.6309802717646098 0.471344331295162 0.023646578258831142 0.036755955534962935
0 0.6309802717646098 0.471344331295162 0.023646578258831142 0.036755955534962935
0 0.6513427687395478 0.4634599094254632 0.02366475897699054 0.03988095553496294
0 0.6513427687395478 0.4634599094254632 0.02366475897699054 0.03988095553496294
0 0.7017194977605048 0.534764479751216 0.012581813231716588 0.014499009618646853
0 0.7017194977605048 0.534764479751216 0.012581813231716588 0.014499009618646853
0 0.726855853146699 0.5121999989885098 0.01418976502711473 0.02236607332097762
0 0.726855853146699 0.5121999989885098 0.01418976502711473 0.02236607332097762
0 0.660049627347196 0.5786310416394483 0.011037493949875809 0.017569445916316085
0 0.660049627347196 0.5786310416394483 0.011037493949875809 0.017569445916316085
0 0.3507064436039745 0.5623586785779389 0.01894089754067192 0.03346726442797028