0 0.48125 0.31846506993452284 0.028125 0.019078315775394206
0 0.48125 0.31846506993452284 0.028125 0.019078315775394206
0 0.51015625 0.3509205611481224 0.028125 0.017515815775394118
0 0.51015625 0.3509205611481224 0.028125 0.017515815775394118
0 0.5171875 0.359596390091971 0.01875 0.01636471051692947
0 0.5171875 0.359596390091971 0.01875 0.01636471051692947
0 0.53671875 0.40886952604710586 0.0390625 0.028233771910269746
0 0.53671875 0.40886952604710586 0.0390625 0.028233771910269746
0 0.6109375 0.7242324426766183 0.0640625 0.04067838593284243
0 0.6109375 0.7242324426766183 0.0640625 0.04067838593284243
0 0.70546875 0.770995670699471 0.0203125 0.014994061393340275
0 0.70546875 0.770995670699471 0.0203125 0.014994061393340275
0 0.7140625 0.7587696005197303 0.059375 0.03697783330360984
0 0.7140625 0.7587696005197303 0.059375 0.03697783330360984
0 0.70703125 0.7047812715758818 0.03125 0.021024517528215724
0 0.70703125 0.7047812715758818 0.03125 0.021024517528215724
0 0.709375 0.7136627978904979 0.021875 0.0120609122697509
0 0.709375 0.7136627978904979 0.021875 0.0120609122697509
0 0.6578125 0.4120192189689419 0.0390625 0.042296271910269745
0 0.6578125 0.4120192189689419 0.0390625 0.042296271910269745
0 0.6421875 0.39760071020483406 0.034375 0.024533219281037334
0 0.6421875 0.39760071020483406 0.034375 0.024533219281037334
0 0.62421875 0.36101942512610996 0.0578125 0.03991098242719922
0 0.62421875 0.36101942512610996 0.0578125 0.03991098242719922
0 0.5734375 0.31025302164275936 0.0328125 0.02434136840462653