0 0.5854443239272857 0.239529740848116 0.0610011439408634 0.04684481057118699
0 0.5854443239272857 0.239529740848116 0.0610011439408634 0.04684481057118699
0 0.5745227993814785 0.25027190351602724 0.0641261439408634 0.047265476007467375
0 0.5745227993814785 0.25027190351602724 0.0641261439408634 0.047265476007467375
0 0.4889841699844827 0.3421437057821068 0.05736596091032524 0.0401741451349066
0 0.4889841699844827 0.3421437057821068 0.05736596091032524 0.0401741451349066
0 0.4771538496810409 0.35455353480908813 0.06087359818322895 0.04528231057118699
0 0.4771538496810409 0.35455353480908813 0.06087359818322895 0.04528231057118699
0 0.3694375892200593 0.5382672478974995 0.06855855242559432 0.04477147416188796
0 0.3694375892200593 0.5382672478974995 0.06855855242559432 0.04477147416188796
0 0.2735033358860794 0.5681798773449809 0.026530549091614473 0.0221153234902431
0 0.2735033358860794 0.5681798773449809 0.026530549091614473 0.0221153234902431
0 0.2751136333107039 0.5579184609859109 0.027837957576345395 0.019200656208383293
0 0.2751136333107039 0.5579184609859109 0.027837957576345395 0.019200656208383293
0 0.2837710272515673 0.5181197964724202 0.03616064060688355 0.02650231979908426
0 0.2837710272515673 0.5181197964724202 0.03616064060688355 0.02650231979908426
0 0.2791313246761917 0.5086997109859108 0.029400457576345396 0.019410988926523487
0 0.2791313246761917 0.5086997109859108 0.029400457576345396 0.019410988926523487
0 0.27729762876877595 0.46490462549940137 0.027965503333979846 0.020763156208383295
0 0.27729762876877595 0.46490462549940137 0.027965503333979846 0.020763156208383295
0 0.4229761458977174 0.24208342625283583 0.026530549091614473 0.0221153234902431
0 0.4229761458977174 0.24208342625283583 0.026530549091614473 0.0221153234902431
0 0.4983746296868599 0.19870920485931706 0.05031873545613248 0.048497481544205676