0 0.588911725616605 0.6584077785492409 0.04631355787839038 0.02355575657245197
0 0.588911725616605 0.6584077785492409 0.04631355787839038 0.02355575657245197
0 0.4746554496611816 0.29245763674836767 0.03363154735504672 0.018673996138672246
0 0.4746554496611816 0.29245763674836767 0.03363154735504672 0.018673996138672246
0 0.46682056285771356 0.25260121943814634 0.043188557878390196 0.02311656646400717
0 0.46682056285771356 0.25260121943814634 0.043188557878390196 0.02311656646400717
0 0.4846304181617377 0.206777733733254 0.04502407366340577 0.02802366151822966
0 0.4846304181617377 0.206777733733254 0.04502407366340577 0.02802366151822966
0 0.47678012080669097 0.1937034114772552 0.04024556840173403 0.025802376355562196
0 0.47678012080669097 0.1937034114772552 0.04024556840173403 0.025802376355562196
0 0.3768171891378379 0.30305732763727306 0.025637036831702886 0.014451020867559805
0 0.3768171891378379 0.30305732763727306 0.025637036831702886 0.014451020867559805
0 0.37713570755368936 0.308526077637273 0.02233002630835923 0.01088683075911483
0 0.37713570755368936 0.308526077637273 0.02233002630835923 0.01088683075911483
0 0.4099151993788329 0.6008613770950482 0.05401964206513998 0.049434136789342095
0 0.4099151993788329 0.6008613770950482 0.05401964206513998 0.049434136789342095