0 0.3680077158405541 0.6950814834556648 0.09087953005422929 0.04797092721213971
0 0.3680077158405541 0.6950814834556648 0.09087953005422929 0.04797092721213971
0 0.347666903001621 0.4207706881703944 0.04540340359079611 0.017735463606069857
0 0.347666903001621 0.4207706881703944 0.04540340359079611 0.017735463606069857
0 0.37190785801847287 0.2914663318840882 0.07358294574527387 0.028420406533975307
0 0.37190785801847287 0.2914663318840882 0.07358294574527387 0.028420406533975307
0 0.37746296642972926 0.30656479300895867 0.05323408430895551 0.021224336641599173
0 0.37746296642972926 0.30656479300895867 0.05323408430895551 0.021224336641599173
0 0.2650038730455876 0.308356271297337 0.023492042154477664 0.01046661910658786
0 0.2650038730455876 0.308356271297337 0.023492042154477664 0.01046661910658786
0 0.25431635792027707 0.35081559904759596 0.014098861436318444 0.00690497146395277
0 0.25431635792027707 0.35081559904759596 0.014098861436318444 0.00690497146395277
0 0.25950941461089005 0.7064298982618077 0.054823855386194255 0.025984611248705037