0 0.31159621310129537 0.46400970955427623 0.018359020735185094 0.031704641066226814
0 0.31159621310129537 0.46400970955427623 0.018359020735185094 0.031704641066226814
0 0.6839291258252305 0.5479478227111916 0.012988015551388798 0.023755748746358663
0 0.6839291258252305 0.5479478227111916 0.012988015551388798 0.023755748746358663
0 0.729261458200323 0.5199986674591996 0.00945291244111104 0.018977320533113406
0 0.729261458200323 0.5199986674591996 0.00945291244111104 0.018977320533113406
0 0.6923178242700916 0.5453540201247666 0.009863015551388798 0.023664820533113407
0 0.6923178242700916 0.5453540201247666 0.009863015551388798 0.023664820533113407
0 0.7048656338837487 0.6350613778048986 0.05785074769092589 0.07337531551854859
0 0.7048656338837487 0.6350613778048986 0.05785074769092589 0.07337531551854859
0 0.33628243774796185 0.5760778005413607 0.029374433176296223 0.05072742570596276
0 0.33628243774796185 0.5760778005413607 0.029374433176296223 0.05072742570596276