0 0.3754802263886784 0.3511148004687403 0.020530668617910842 0.039158094849248926
0 0.3754802263886784 0.3511148004687403 0.020530668617910842 0.039158094849248926
0 0.38956090710683766 0.3491377122874511 0.03152271077238851 0.0494259151526907
0 0.38956090710683766 0.3491377122874511 0.03152271077238851 0.0494259151526907
0 0.6695387777165382 0.4564071757828502 0.02836134933607006 0.042920823637421536
0 0.6695387777165382 0.4564071757828502 0.02836134933607006 0.042920823637421536
0 0.6788683259211401 0.4649849503286574 0.026798849336070064 0.04279327787978708
0 0.6788683259211401 0.4649849503286574 0.026798849336070064 0.04279327787978708
0 0.6705013140172834 0.5596597215404847 0.020521578258831143 0.037595594849248924
0 0.6705013140172834 0.5596597215404847 0.020521578258831143 0.037595594849248924
0 0.6603768802740622 0.5533619241158603 0.015797716822512697 0.030962957576345217