0 0.31989859490398476 0.44473620698258437 0.02346667490485981 0.03944432954530477
0 0.31989859490398476 0.44473620698258437 0.02346667490485981 0.03944432954530477
0 0.6685748113293378 0.6747553490303606 0.011637836958138336 0.017378414772652385
0 0.6685748113293378 0.6747553490303606 0.011637836958138336 0.017378414772652385
0 0.6037310613293378 0.6758872008967998 0.02834517589344294 0.04421365016215582
0 0.6037310613293378 0.6758872008967998 0.02834517589344294 0.04421365016215582
0 0.3597317105310351 0.5972748258951521 0.026655341901054185 0.041061376623205345
0 0.3597317105310351 0.5972748258951521 0.026655341901054185 0.041061376623205345
0 0.345000707070994 0.5811140377457051 0.020087006920082206 0.03313978246740401
0 0.345000707070994 0.5811140377457051 0.020087006920082206 0.03313978246740401
0 0.3693613785158127 0.60336118466145 0.02840884288963732 0.04577615016215582
0 0.3693613785158127 0.60336118466145 0.02840884288963732 0.04577615016215582
0 0.2958310366147585 0.5639907674531657 0.029716674904859807 0.03955342370110628
0 0.2958310366147585 0.5639907674531657 0.029716674904859807 0.03955342370110628