0 0.3945174474060876 0.531419438613957 0.019095445337363515 0.029905676002545255
0 0.3945174474060876 0.531419438613957 0.019095445337363515 0.029905676002545255
0 0.6537293627466327 0.5815354279121859 0.03204997867599957 0.06911362667090906
0 0.6537293627466327 0.5815354279121859 0.03204997867599957 0.06911362667090906
0 0.6850344540897231 0.6530558919080497 0.014280676002545433 0.018913632001908987
0 0.6850344540897231 0.6530558919080497 0.014280676002545433 0.018913632001908987
0 0.33121911075745036 0.664986463956093 0.017587489337999786 0.034574994668999895
0 0.33121911075745036 0.664986463956093 0.017587489337999786 0.034574994668999895
0 0.30094980808399613 0.6153319092934564 0.06046588001272664 0.09444089067472686
0 0.30094980808399613 0.6153319092934564 0.06046588001272664 0.09444089067472686
0 0.2637310714114964 0.5727904206317744 0.02381930800445433 0.0330852200031817