0 0.31905101931455293 0.4535084809730961 0.04342634783255326 0.07325896602976237
0 0.31905101931455293 0.4535084809730961 0.04342634783255326 0.07325896602976237
0 0.3397946008354838 0.4425735370730271 0.025220175893442942 0.046351326555632254
0 0.3397946008354838 0.4425735370730271 0.025220175893442942 0.046351326555632254
0 0.5470486853221642 0.4250639024982764 0.011956171939110406 0.026213952392628314
0 0.5470486853221642 0.4250639024982764 0.011956171939110406 0.026213952392628314
0 0.7035480361204669 0.49088106900147965 0.01026633794672147 0.02291553062225269
0 0.7035480361204669 0.49088106900147965 0.01026633794672147 0.02291553062225269
0 0.7089531191242726 0.48871159280516546 0.008512836958138337 0.01805460885187742
0 0.7089531191242726 0.48871159280516546 0.008512836958138337 0.01805460885187742
0 0.6631777041052445 0.501640035031242 0.01345500494291585 0.02482487416300394
0 0.6631777041052445 0.501640035031242 0.01345500494291585 0.02482487416300394
0 0.772246297983465 0.5397606437605218 0.016643671939110226 0.026734217703754837
0 0.772246297983465 0.5397606437605218 0.016643671939110226 0.026734217703754837
0 0.7856137782118016 0.44410300428639155 0.0362213428896375 0.04912777894826057
0 0.7856137782118016 0.44410300428639155 0.0362213428896375 0.04912777894826057
0 0.7635331897707884 0.42222544818646046 0.01001166996194378 0.016665530622252865
0 0.7635331897707884 0.42222544818646046 0.01001166996194378 0.016665530622252865
0 0.44206807216657173 0.29466993491711924 0.018779174904859808 0.040970139474130286
0 0.44206807216657173 0.29466993491711924 0.018779174904859808 0.040970139474130286
0 0.31472432216657176 0.3088038092027206 0.016834672927693452 0.03142171770375475
0 0.31472432216657176 0.3088038092027206 0.016834672927693452 0.03142171770375475