0 0.5141912933427266 0.7207092486492377 0.028101689212119398 0.021240082939624472
0 0.5141912933427266 0.7207092486492377 0.028101689212119398 0.021240082939624472
0 0.49419902467139476 0.686344172333035 0.04540758838228243 0.023402783665263983
0 0.49419902467139476 0.686344172333035 0.04540758838228243 0.023402783665263983
0 0.4851326006061224 0.6414681819516819 0.025828794191141213 0.011810519237293704
0 0.4851326006061224 0.6414681819516819 0.025828794191141213 0.011810519237293704
0 0.4892523381585677 0.6179488363981855 0.07064438672260849 0.027400802902557687
0 0.4892523381585677 0.6179488363981855 0.07064438672260849 0.027400802902557687
0 0.4883876551702258 0.6499255226958548 0.028953794191141212 0.011919646641955417
0 0.4883876551702258 0.6499255226958548 0.028953794191141212 0.011919646641955417
0 0.5745208676270691 0.29472710200728225 0.049739890871793334 0.01887897477225655
0 0.5745208676270691 0.29472710200728225 0.049739890871793334 0.01887897477225655
0 0.6440413848485086 0.23074395836055173 0.060772479254075584 0.0410813569862416
0 0.6440413848485086 0.23074395836055173 0.060772479254075584 0.0410813569862416
0 0.39737249147791565 0.6273908129845407 0.045170790041956364 0.020277783665263983
0 0.39737249147791565 0.6273908129845407 0.045170790041956364 0.020277783665263983
0 0.40146707301172074 0.6864657126217211 0.03735829004195619 0.020004965153609788
0 0.40146707301172074 0.6864657126217211 0.03735829004195619 0.020004965153609788