0 0.4273615042231421 0.36116744985435073 0.03974446159934022 0.024574102665567032
0 0.4273615042231421 0.36116744985435073 0.03974446159934022 0.024574102665567032
0 0.4159920952102267 0.37569295110799195 0.031841033386094966 0.021221782132453626
0 0.4159920952102267 0.37569295110799195 0.031841033386094966 0.021221782132453626
0 0.4224550438774431 0.395428789587794 0.04126149749271768 0.02305706677218975
0 0.4224550438774431 0.395428789587794 0.04126149749271768 0.02305706677218975
0 0.42367656307777307 0.4071930036944167 0.038045569279472245 0.019841138558944316
0 0.42367656307777307 0.4071930036944167 0.038045569279472245 0.019841138558944316
0 0.4615162292168245 0.6115909986798517 0.05068196159934022 0.024892351411925872
0 0.4615162292168245 0.6115909986798517 0.05068196159934022 0.024892351411925872
0 0.4450046791376822 0.641605107613625 0.023846676959604095 0.01474446159934022
0 0.4450046791376822 0.641605107613625 0.023846676959604095 0.01474446159934022
0 0.29835831433141424 0.41449337516460216 0.04130696159934022 0.02461956677218975
0 0.29835831433141424 0.41449337516460216 0.04130696159934022 0.02461956677218975
0 0.2861682028903586 0.37660693025830944 0.038136497492717504 0.022966138558944315
0 0.2861682028903586 0.37660693025830944 0.038136497492717504 0.022966138558944315
0 0.2995236607287751 0.32069791105797957 0.02219324874635884 0.011573997492717503
0 0.2995236607287751 0.32069791105797957 0.02219324874635884 0.011573997492717503
0 0.3286177788337484 0.2613372829238765 0.03018760517284953 0.01805131802583091