0 0.37852683699531936 0.395652678454994 0.025347509885831697 0.04796661910658786
0 0.37852683699531936 0.395652678454994 0.025347509885831697 0.04796661910658786
0 0.5281275889724857 0.3980777034763846 0.017089340912470875 0.036665246071058546
0 0.5281275889724857 0.3980777034763846 0.017089340912470875 0.036665246071058546
0 0.5414406724705829 0.39824036931598483 0.016898339923887916 0.03197774607105863
0 0.5414406724705829 0.39824036931598483 0.016898339923887916 0.03197774607105863
0 0.5662324254363325 0.41117486290584404 0.008703837946721471 0.022238873035529315
0 0.5662324254363325 0.41117486290584404 0.008703837946721471 0.022238873035529315
0 0.6442181625847512 0.3464894706398924 0.026464340912470873 0.037101893713693726
0 0.6442181625847512 0.3464894706398924 0.026464340912470873 0.037101893713693726
0 0.4963417366913082 0.30954389640429003 0.015144838935304605 0.02721747146395277
0 0.4963417366913082 0.30954389640429003 0.015144838935304605 0.02721747146395277
0 0.4115847347141418 0.3040987251880064 0.053790844866803765 0.05708906203449331
0 0.4115847347141418 0.3040987251880064 0.053790844866803765 0.05708906203449331
0 0.38645740072175305 0.3021381189017001 0.01527217292769345 0.030342471463952768