0 0.5572782338620487 0.30376414029992754 0.025455026308359406 0.010734580918953896
0 0.5572782338620487 0.30376414029992754 0.025455026308359406 0.010734580918953896
0 0.5562617654320797 0.3133217703573622 0.02223902104668731 0.008806820804084658
0 0.5562617654320797 0.3133217703573622 0.02223902104668731 0.008806820804084658
0 0.5645215864646497 0.3335936850989064 0.033358531570031144 0.0132102312061269
0 0.5645215864646497 0.3335936850989064 0.033358531570031144 0.0132102312061269
0 0.5541987364928845 0.3049106504147968 0.025364021046687314 0.009172080918953806
0 0.5541987364928845 0.3049106504147968 0.025364021046687314 0.009172080918953806
0 0.6265427153050227 0.4396103180599777 0.025455026308359406 0.010734580918953896
0 0.6265427153050227 0.4396103180599777 0.025455026308359406 0.010734580918953896
0 0.7272615940748087 0.6158278397574873 0.052821163111827295 0.05428166183790761
0 0.7272615940748087 0.6158278397574873 0.052821163111827295 0.05428166183790761
0 0.7211943336220522 0.538666719814922 0.030415542093374805 0.01596997109125766
0 0.7211943336220522 0.538666719814922 0.030415542093374805 0.01596997109125766
0 0.7181680441595134 0.527221914901074 0.028762036831702885 0.014224841033822955
0 0.7181680441595134 0.527221914901074 0.028762036831702885 0.014224841033822955
0 0.7278630206231644 0.3695616042118585 0.0413530420933748 0.0172483814932999
0 0.7278630206231644 0.3695616042118585 0.0413530420933748 0.0172483814932999
0 0.7178509837914614 0.35971988455646625 0.046040542093374805 0.017796271665603845
0 0.7178509837914614 0.35971988455646625 0.046040542093374805 0.017796271665603845
0 0.7194589864222973 0.36031850449903163 0.04907453683170289 0.016599031780473082
0 0.7194589864222973 0.36031850449903163 0.04907453683170289 0.016599031780473082
0 0.6984338548805011 0.32344756518824697 0.055688557878390374 0.023579552010211467
0 0.6984338548805011 0.32344756518824697 0.055688557878390374 0.023579552010211467
0 0.716046289109603 0.30172475449903163 0.02858002630835941 0.011099841033823044
0 0.716046289109603 0.30172475449903163 0.02858002630835941 0.011099841033823044
0 0.715197149675299 0.260135874441597 0.034921031570031145 0.013392861263561429
0 0.715197149675299 0.260135874441597 0.034921031570031145 0.013392861263561429
0 0.6771966207361039 0.25592524582002774 0.03059755261671846 0.019094971091257663