0 0.565678538387273 0.40571395280405104 0.06545003737886682 0.05023089513591365
0 0.565678538387273 0.40571395280405104 0.06545003737886682 0.05023089513591365
0 0.6798827860414846 0.5109950594135021 0.0326703883676025 0.02433419756795683
0 0.6798827860414846 0.5109950594135021 0.0326703883676025 0.02433419756795683
0 0.5776536505238736 0.5326786225608467 0.04437271287323483 0.0366792917167416
0 0.5776536505238736 0.5326786225608467 0.04437271287323483 0.0366792917167416
0 0.5933932650062627 0.5695440940272284 0.06265281930985207 0.054516225379117954
0 0.5933932650062627 0.5695440940272284 0.06265281930985207 0.054516225379117954
0 0.5860395869140047 0.5972438347568414 0.05720049480421992 0.0429754707439244
0 0.5860395869140047 0.5972438347568414 0.05720049480421992 0.0429754707439244
0 0.5763039539942838 0.6130237406080564 0.043498627723940864 0.02417929171674178
0 0.5763039539942838 0.6130237406080564 0.043498627723940864 0.02417929171674178
0 0.5722173875344233 0.6210142359728629 0.03870186708027905 0.022013537081548053
0 0.5722173875344233 0.6210142359728629 0.03870186708027905 0.022013537081548053
0 0.553669483327379 0.6325631749928899 0.027436585149293792 0.015918442932763455
0 0.553669483327379 0.6325631749928899 0.027436585149293792 0.015918442932763455
0 0.5203378132808927 0.6762751803505406 0.05185743094224939 0.032997216108730854
0 0.5203378132808927 0.6762751803505406 0.05185743094224939 0.032997216108730854
0 0.5243315445914594 0.655885227424933 0.035686127723940864 0.02317386732475235
0 0.5243315445914594 0.655885227424933 0.035686127723940864 0.02317386732475235
0 0.4925623745449731 0.6997983176609817 0.03088936708027905 0.02100811268955898
0 0.4925623745449731 0.6997983176609817 0.03088936708027905 0.02100811268955898
0 0.5153607361773705 0.6826026332761481 0.029217606436617416 0.01924452781116113
0 0.5153607361773705 0.6826026332761481 0.029217606436617416 0.01924452781116113
0 0.44914551031468564 0.7321475637482453 0.037357888367602496 0.024937452203150377
0 0.44914551031468564 0.7321475637482453 0.037357888367602496 0.024937452203150377
0 0.4051494918773537 0.7783582249571112 0.03499771287323465 0.03547278244635468
0 0.4051494918773537 0.7783582249571112 0.03499771287323465 0.03547278244635468
0 0.5953485209583473 0.7525114998784435 0.1001199683211162 0.08101617758226834
0 0.5953485209583473 0.7525114998784435 0.1001199683211162 0.08101617758226834
0 0.6163112309815905 0.7312084806152122 0.0326703883676025 0.02433419756795683
0 0.6163112309815905 0.7312084806152122 0.0326703883676025 0.02433419756795683
0 0.6170160713266644 0.7080726079328089 0.03088936708027905 0.02100811268955898
0 0.6170160713266644 0.7080726079328089 0.03088936708027905 0.02100811268955898
0 0.6205399090738484 0.7031065701288035 0.024420845792955604 0.017078773175967753