0 0.41829141495191724 0.6346747767318822 0.008267141066226813 0.01608002630835923
0 0.41829141495191724 0.6346747767318822 0.008267141066226813 0.01608002630835923
0 0.43224025468536054 0.6377619793768357 0.013181961599340219 0.024165542093374803
0 0.43224025468536054 0.6377619793768357 0.013181961599340219 0.024165542093374803
0 0.44154705852542653 0.6395596978068046 0.008358069279472247 0.01920502630835923
0 0.44154705852542653 0.6395596978068046 0.008358069279472247 0.01920502630835923
0 0.4913424700456245 0.6436787794333053 0.011528533386094964 0.020949536831702885
0 0.4913424700456245 0.6436787794333053 0.011528533386094964 0.020949536831702885
0 0.4991549700456244 0.6432237531249461 0.008267141066226813 0.01608002630835923
0 0.4991549700456244 0.6432237531249461 0.008267141066226813 0.01608002630835923
0 0.5832882776466141 0.6734202163638303 0.00973871285298138 0.013046031570031147
0 0.5832882776466141 0.6734202163638303 0.00973871285298138 0.013046031570031147
0 0.5982456879131708 0.6686494163779477 0.012772784639736124 0.010103042093374804
0 0.5982456879131708 0.6686494163779477 0.012772784639736124 0.010103042093374804
0 0.6122172596999255 0.6709553690229011 0.008085284639736123 0.00983002630835923
0 0.6122172596999255 0.6709553690229011 0.008085284639736123 0.00983002630835923
0 0.6303451340731048 0.6644400585136749 0.021039925705962758 0.026183068401734032
0 0.6303451340731048 0.6644400585136749 0.021039925705962758 0.026183068401734032
0 0.6090073431651626 0.6204471348079167 0.011483069279472246 0.019387036831702887
0 0.6090073431651626 0.6204471348079167 0.011483069279472246 0.019387036831702887
0 0.6456040727111915 0.5956977637894643 0.009829641066226812 0.016171031570031146
0 0.6456040727111915 0.5956977637894643 0.009829641066226812 0.016171031570031146
0 0.6824137509244368 0.5904341401401757 0.017596676959604096 0.015063557878390376
0 0.6824137509244368 0.5904341401401757 0.017596676959604096 0.015063557878390376
0 0.6406832404995956 0.6575985243128079 0.01286371285298138 0.013228042093374803