0 0.5058215074515549 0.4361504167329516 0.030451503954332538 0.019095445337363515
0 0.5058215074515549 0.4361504167329516 0.030451503954332538 0.019095445337363515
0 0.43789386121560714 0.532189075389861 0.032014003954332716 0.019113626670909056
0 0.43789386121560714 0.532189075389861 0.032014003954332716 0.019113626670909056
0 0.3626431463103098 0.6976408053787251 0.04170733893530461 0.027035214672181597
0 0.3626431463103098 0.6976408053787251 0.04170733893530461 0.027035214672181597
0 0.4127506452845456 0.2984135120544066 0.06747134288963749 0.046076116008908666
0 0.4127506452845456 0.2984135120544066 0.06747134288963749 0.046076116008908666
0 0.43913939034162974 0.27529418539145184 0.032268671939110226 0.025363626670908877
0 0.43913939034162974 0.27529418539145184 0.032268671939110226 0.025363626670908877
0 0.4779790558549493 0.27027996873008797 0.0455963428896375 0.0458215773392725
0 0.4779790558549493 0.27027996873008797 0.0455963428896375 0.0458215773392725