0 0.6984559017903041 0.695111702709374 0.025163641233702093 0.010248019237293704
0 0.6984559017903041 0.695111702709374 0.025163641233702093 0.010248019237293704
0 0.69423205195246 0.6683855116023814 0.022038641233702094 0.010138891832631992
0 0.69423205195246 0.6683855116023814 0.022038641233702094 0.010138891832631992
0 0.6976161505724882 0.6536508890070432 0.033248876623205345 0.0261458377489479
0 0.6976161505724882 0.6536508890070432 0.033248876623205345 0.0261458377489479
0 0.6704360418061903 0.643321024216253 0.02680796185055314 0.014990082939624472
0 0.6704360418061903 0.643321024216253 0.02680796185055314 0.014990082939624472
0 0.6726276075517773 0.4729812423650877 0.023628414772652383 0.011755955534962937
0 0.6726276075517773 0.4729812423650877 0.023628414772652383 0.011755955534962937
0 0.6668139841749827 0.44776298755576427 0.022038641233702094 0.010138891832631992
0 0.6668139841749827 0.44776298755576427 0.022038641233702094 0.010138891832631992
0 0.7725888770335378 0.6578324467189243 0.045667056006354304 0.02189484736759475
0 0.7725888770335378 0.6578324467189243 0.045667056006354304 0.02189484736759475
0 0.7645718254914102 0.66927837820727 0.03459318831160267 0.013700401451278843
0 0.7645718254914102 0.66927837820727 0.03459318831160267 0.013700401451278843