0 0.6378659807969902 0.7382692743632353 0.07384867688202626 0.0530434592838688
0 0.6378659807969902 0.7382692743632353 0.07384867688202626 0.0530434592838688
0 0.5306013315581118 0.4197114366094513 0.046076503954332715 0.021653756939830338
0 0.5306013315581118 0.4197114366094513 0.046076503954332715 0.021653756939830338
0 0.5379999960828483 0.4100558343576979 0.036765170950527094 0.0226154796419344
0 0.5379999960828483 0.4100558343576979 0.036765170950527094 0.0226154796419344
0 0.6074238167293643 0.35450554364156667 0.054143671939110405 0.028404404688076923
0 0.6074238167293643 0.35450554364156667 0.054143671939110405 0.028404404688076923
0 0.6241629891627661 0.3828505891380599 0.04301517095052709 0.023015997840531634
0 0.6241629891627661 0.3828505891380599 0.04301517095052709 0.023015997840531634
0 0.6130663216722801 0.37824343229051466 0.03501166996194396 0.017827850092285047
0 0.6130663216722801 0.37824343229051466 0.03501166996194396 0.017827850092285047
0 0.6915427846375921 0.6022304472499094 0.03513900395433271 0.020952850092285046
0 0.6915427846375921 0.6022304472499094 0.03513900395433271 0.020952850092285046
0 0.6873327871090501 0.6136488086009615 0.03026050296574958 0.01596496144333699
0 0.6873327871090501 0.6136488086009615 0.03026050296574958 0.01596496144333699