0 0.4357165480609183 0.7615587569604909 0.06045165258848364 0.049355143815484226
0 0.4357165480609183 0.7615587569604909 0.06045165258848364 0.049355143815484226
0 0.45296423221943305 0.7078546027534465 0.07662268415851478 0.05982275025210164
0 0.45296423221943305 0.7078546027534465 0.07662268415851478 0.05982275025210164
0 0.44738136113039334 0.6690270495351378 0.0724966262801244 0.042416728964778015
0 0.44738136113039334 0.6690270495351378 0.0724966262801244 0.042416728964778015
0 0.4806844977220999 0.4070022969372478 0.02903505261671846 0.017591691585911208
0 0.4806844977220999 0.4070022969372478 0.02903505261671846 0.017591691585911208
0 0.4922205081748564 0.3301502198337256 0.06441111049510884 0.0371829257464694
0 0.4922205081748564 0.3301502198337256 0.06441111049510884 0.0371829257464694
0 0.6232129029414194 0.37068737454497314 0.05796368942018652 0.06007412252816078
0 0.6232129029414194 0.37068737454497314 0.05796368942018652 0.06007412252816078
0 0.6341889293203659 0.43813160065975953 0.052730157850155376 0.05037134059717552
0 0.6341889293203659 0.43813160065975953 0.052730157850155376 0.05037134059717552
0 0.629835358287796 0.4590068293724361 0.03841005261671846 0.01824725544788173
0 0.629835358287796 0.4590068293724361 0.03841005261671846 0.01824725544788173
0 0.6021374795885971 0.7190702442231423 0.07892863680346807 0.04597877153942491
0 0.6021374795885971 0.7190702442231423 0.07892863680346807 0.04597877153942491
0 0.6174663479762137 0.684842709694267 0.03050654735504672 0.016138452229573018
0 0.6174663479762137 0.684842709694267 0.03050654735504672 0.016138452229573018
0 0.6340847005788148 0.6554119358090535 0.0366655420933748 0.015012994804219915
0 0.6340847005788148 0.6554119358090535 0.0366655420933748 0.015012994804219915
0 0.490135821456093 0.46022013208654167 0.03483002630835923 0.010216234160558103