0 0.6524576365260172 0.2142339286733356 0.0965579257464693 0.06894637797604233
0 0.6524576365260172 0.2142339286733356 0.0965579257464693 0.06894637797604233
0 0.6173231658591123 0.23945780379938633 0.04727919158591121 0.031293558666190255
0 0.6173231658591123 0.23945780379938633 0.04727919158591121 0.031293558666190255
0 0.5751028148703765 0.26439210182191497 0.05040419158591121 0.031512079953513794
0 0.5751028148703765 0.26439210182191497 0.05040419158591121 0.031512079953513794
0 0.5474530622724865 0.2843821737296571 0.0678866225281606 0.05916718639013112
0 0.5474530622724865 0.2843821737296571 0.0678866225281606 0.05916718639013112
0 0.524272288387273 0.3009194637064139 0.04884169158591121 0.03140281930985207
0 0.524272288387273 0.3009194637064139 0.04884169158591121 0.03140281930985207
0 0.5057243841802286 0.3163477217521856 0.037357888367602496 0.022825494804219915
0 0.5057243841802286 0.3163477217521856 0.037357888367602496 0.022825494804219915
0 0.483624781097806 0.5055248362345747 0.04684214901126431 0.025043558666190437
0 0.483624781097806 0.5055248362345747 0.04684214901126431 0.025043558666190437
0 0.5178515876703094 0.714315328188803 0.09455838317182241 0.06258711733238051
0 0.5178515876703094 0.714315328188803 0.09455838317182241 0.06258711733238051
0 0.3704906325907448 0.63904716644019 0.04113845222957302 0.032419016091543365
0 0.3704906325907448 0.63904716644019 0.04113845222957302 0.032419016091543365
0 0.40632957962453764 0.7024869535669553 0.045825952229573017 0.032746798022528625
0 0.40632957962453764 0.7024869535669553 0.045825952229573017 0.032746798022528625
0 0.35800170424638533 0.5951714803021604 0.052294473516896464 0.03630884059717552
0 0.35800170424638533 0.5951714803021604 0.052294473516896464 0.03630884059717552
0 0.32779539817808506 0.533693030922579 0.05720049480421992 0.0397616225281606
0 0.32779539817808506 0.533693030922579 0.05720049480421992 0.0397616225281606
0 0.3262657491668207 0.511818030922579 0.03412362772394086 0.021044473516896468
0 0.3262657491668207 0.511818030922579 0.03412362772394086 0.021044473516896468
0 0.3515174854210659 0.37894554676202086 0.06043475544788164 0.041542643815484226
0 0.3515174854210659 0.37894554676202086 0.06043475544788164 0.041542643815484226
0 0.3401922193295225 0.34048398030216037 0.04215464901126431 0.024715776735205176
0 0.3401922193295225 0.34048398030216037 0.04215464901126431 0.024715776735205176
0 0.3410991554675521 0.33099971965849867 0.043498627723940864 0.02170003737886681
0 0.3410991554675521 0.33099971965849867 0.043498627723940864 0.02170003737886681
0 0.32935862613445693 0.30905366384229993 0.02463936708027905 0.018826409654926036
0 0.32935862613445693 0.30905366384229993 0.02463936708027905 0.018826409654926036
0 0.37836992650277407 0.2577371822796318 0.09041718639013112 0.07007183540139543
0 0.37836992650277407 0.2577371822796318 0.09041718639013112 0.07007183540139543
0 0.4066370381351715 0.23534873005005882 0.04091993094224957 0.029294016091543362
0 0.4066370381351715 0.23534873005005882 0.04091993094224957 0.029294016091543362
0 0.4470763678365837 0.20739869267119201 0.060106973516896464 0.03685514381548423
0 0.4470763678365837 0.20739869267119201 0.060106973516896464 0.03685514381548423
0 0.4697490433309516 0.19482228301626597 0.08630884059717552 0.05579081411407198