0 0.5128057986155479 0.3161119509891429 0.044022720003181706 0.02855114160816923
0 0.5128057986155479 0.3161119509891429 0.044022720003181706 0.02855114160816923
0 0.5517313912715028 0.3903611345245603 0.04087953866963616 0.026623381493299993
0 0.5517313912715028 0.3903611345245603 0.04087953866963616 0.026623381493299993
0 0.558526283935412 0.4098517992661046 0.05819430800445442 0.039569812125080615
0 0.558526283935412 0.4098517992661046 0.05819430800445442 0.039569812125080615
0 0.5586530059277761 0.4660104842373872 0.03299431333545435 0.019460231206126898
0 0.5586530059277761 0.4660104842373872 0.03299431333545435 0.019460231206126898
0 0.6521297385821402 0.5455863657625931 0.02200226933481808 0.01349432080408448
0 0.6521297385821402 0.5455863657625931 0.02200226933481808 0.01349432080408448
0 0.6554087325748224 0.5990360406190065 0.023564769334818082 0.013676950861519188
0 0.6554087325748224 0.5990360406190065 0.023564769334818082 0.013676950861519188
0 0.6545280325827767 0.5406249206764413 0.018840906667727354 0.010004060689215421
0 0.6545280325827767 0.5406249206764413 0.018840906667727354 0.010004060689215421
0 0.6570348672422315 0.593384660561572 0.015715906667727354 0.009638800574346008
0 0.6570348672422315 0.593384660561572 0.015715906667727354 0.009638800574346008
0 0.583536469287093 0.27195609840458534 0.03619203866963616 0.026075491320996135