0 0.4830139961200294 0.7639929472433518 0.08596667490485962 0.04053527110331832
0 0.4830139961200294 0.7639929472433518 0.08596667490485962 0.04053527110331832
0 0.5090207391999473 0.7307031603117208 0.042824169961943784 0.016361385551659245
0 0.5090207391999473 0.7307031603117208 0.042824169961943784 0.016361385551659245
0 0.5419632317855734 0.6949468924548133 0.04751166996194396 0.016443206168510117
0 0.5419632317855734 0.6949468924548133 0.04751166996194396 0.016443206168510117
0 0.5619746428502687 0.6680161996789837 0.05634284190105419 0.04157957386326192
0 0.5619746428502687 0.6680161996789837 0.05634284190105419 0.04157957386326192
0 0.5790520549035472 0.6458275539810548 0.04438666996194396 0.016388659090609537
0 0.5790520549035472 0.6458275539810548 0.04438666996194396 0.016388659090609537
0 0.5923187174511174 0.6260508421305018 0.03475700197716627 0.009975017856907442
0 0.5923187174511174 0.6260508421305018 0.03475700197716627 0.009975017856907442
0 0.5573030944096932 0.43824687906213267 0.04569450197716627 0.010165932629559827
0 0.5573030944096932 0.43824687906213267 0.04569450197716627 0.010165932629559827
0 0.462753303877783 0.24757306047387662 0.08571200692008211 0.03428527110331832
0 0.462753303877783 0.24757306047387662 0.08571200692008211 0.03428527110331832
0 0.6250914777940596 0.27913888596199155 0.03520267095052709 0.020912517856907443
0 0.6250914777940596 0.27913888596199155 0.03520267095052709 0.020912517856907443
0 0.5722092169196447 0.22846277597787762 0.04138900395433272 0.01945911201270878
0 0.5722092169196447 0.22846277597787762 0.04138900395433272 0.01945911201270878
0 0.6501206526989194 0.3177922828777365 0.04620383794672147 0.022665932629559828
0 0.6501206526989194 0.3177922828777365 0.04620383794672147 0.022665932629559828
0 0.6975341635733343 0.3685638502481766 0.05245383794672147 0.022775026785361252
0 0.6975341635733343 0.3685638502481766 0.05245383794672147 0.022775026785361252
0 0.7054249180219585 0.38953486932290005 0.03163200197716627 0.009920470779006773
0 0.7054249180219585 0.38953486932290005 0.03163200197716627 0.009920470779006773
0 0.7210565296946763 0.5237325913197228 0.05408000494291585 0.024364800324311632
0 0.7210565296946763 0.5237325913197228 0.05408000494291585 0.024364800324311632
0 0.7435191201128557 0.5569581485438932 0.039508168973360826 0.011619338473758489
0 0.7435191201128557 0.5569581485438932 0.039508168973360826 0.011619338473758489
0 0.745463622090022 0.566305875004943 0.04244216798477751 0.006986385551659069
0 0.745463622090022 0.566305875004943 0.04244216798477751 0.006986385551659069
0 0.7626338760443547 0.5847695028459643 0.022320668973360824 0.011319329545304768
0 0.7626338760443547 0.5847695028459643 0.022320668973360824 0.011319329545304768
0 0.731523138895936 0.6462933839333967 0.07834517589344295 0.04508640340856651
0 0.731523138895936 0.6462933839333967 0.07834517589344295 0.04508640340856651
0 0.7108578118236295 0.6763627134787015 0.03657416996194378 0.01625229139585791
0 0.7108578118236295 0.6763627134787015 0.03657416996194378 0.01625229139585791
0 0.6803545697322948 0.7144218210271834 0.055451503954332716 0.01970457386326192
0 0.6803545697322948 0.7144218210271834 0.055451503954332716 0.01970457386326192
0 0.6623367401885304 0.7327178534945875 0.07927100593149916 0.02948867694751698