0 0.5377085834701834 0.4430117759977237 0.0831312354561323 0.04962664767046334
0 0.5377085834701834 0.4430117759977237 0.0831312354561323 0.04962664767046334
0 0.5551991013480309 0.4698350965051902 0.04397314060688355 0.025813372296127745
0 0.5551991013480309 0.4698350965051902 0.04397314060688355 0.025813372296127745
0 0.5342653637658665 0.6394912011225022 0.03890300333398002 0.020688275374335773
0 0.5342653637658665 0.6394912011225022 0.03890300333398002 0.020688275374335773
0 0.47768065285554134 0.6672713365218946 0.0832587812137671 0.05118914767046334
0 0.47768065285554134 0.6672713365218946 0.0832587812137671 0.05118914767046334
0 0.46969280967328225 0.6783336911392068 0.07480855242559432 0.042647319467476665
0 0.46969280967328225 0.6783336911392068 0.07480855242559432 0.042647319467476665
0 0.4617053533048849 0.8051149896001026 0.04566318636451801 0.027521737936725188
0 0.4617053533048849 0.8051149896001026 0.04566318636451801 0.027521737936725188
0 0.5025375184575755 0.7774386977947371 0.024457866061076316 0.01468798460895986
0 0.5025375184575755 0.7774386977947371 0.024457866061076316 0.01468798460895986
0 0.5068901786092965 0.7723346118962304 0.021205320303441865 0.012833753327765152
0 0.5068901786092965 0.7723346118962304 0.021205320303441865 0.012833753327765152
0 0.5458887767925253 0.7381895216299688 0.03290809484924893 0.02322981281194636
0 0.5458887767925253 0.7381895216299688 0.03290809484924893 0.02322981281194636
0 0.5574002327018807 0.73217933111415 0.022895366061076318 0.014542118968362416
0 0.5574002327018807 0.73217933111415 0.022895366061076318 0.014542118968362416
0 0.6355718696849202 0.3820865987929657 0.04655600666795969 0.03845923793672501
0 0.6355718696849202 0.3820865987929657 0.04655600666795969 0.03845923793672501