0 0.24800492886927877 0.4807223700063773 0.0721704065339753 0.08147322252712286
0 0.24800492886927877 0.4807223700063773 0.0721704065339753 0.08147322252712286
0 0.26757472022560763 0.4442471243458792 0.021622442927905362 0.030499190746649953
0 0.26757472022560763 0.4442471243458792 0.021622442927905362 0.030499190746649953
0 0.5541030332935583 0.26468134406508337 0.031506865177646406 0.04253247109125766
0 0.5541030332935583 0.26468134406508337 0.031506865177646406 0.04253247109125766
0 0.591440367453958 0.24710828771536994 0.08954199710451576 0.12079952310146913
0 0.591440367453958 0.24710828771536994 0.08954199710451576 0.12079952310146913
0 0.638822635650923 0.2641030059348969 0.041391287427387444 0.054565751435865374
0 0.638822635650923 0.2641030059348969 0.041391287427387444 0.054565751435865374
0 0.6040066799027362 0.3443181070835892 0.020132717535011224 0.03187906068921542
0 0.6040066799027362 0.3443181070835892 0.020132717535011224 0.03187906068921542