0 0.43687493214285633 0.347615489790769 0.04475129549649317 0.019966125733361383
0 0.43687493214285633 0.347615489790769 0.04475129549649317 0.019966125733361383
0 0.2697947470745645 0.6974142909525816 0.020913277297895938 0.011390522661917757
0 0.2697947470745645 0.6974142909525816 0.020913277297895938 0.011390522661917757
0 0.27342039482281116 0.6899118713621073 0.016225777297895937 0.010925402047628907
0 0.27342039482281116 0.6899118713621073 0.016225777297895937 0.010925402047628907
0 0.2757932256367647 0.6406156012597259 0.020913277297895938 0.011390522661917757
0 0.2757932256367647 0.6406156012597259 0.020913277297895938 0.011390522661917757
0 0.27906841996123877 0.6385819316692517 0.024038277297895937 0.011700603071443539
0 0.27906841996123877 0.6385819316692517 0.024038277297895937 0.011700603071443539
0 0.2744903439276471 0.5996030007478186 0.014563147748246585 0.009207861842866195
0 0.2744903439276471 0.5996030007478186 0.014563147748246585 0.009207861842866195
0 0.3374361366463631 0.3534729568907059 0.02912629549649317 0.01841572368573239
0 0.3374361366463631 0.3534729568907059 0.02912629549649317 0.01841572368573239
0 0.33428085826873305 0.34136660637879856 0.022676036397194555 0.014670562866680647
0 0.33428085826873305 0.34136660637879856 0.022676036397194555 0.014670562866680647
0 0.3530599390826867 0.29369825842642766 0.02560077729789594 0.011855643276206519
0 0.3530599390826867 0.29369825842642766 0.02560077729789594 0.011855643276206519
0 0.3548727629568099 0.28994704863119053 0.02726340684754529 0.013573183480969498
0 0.3548727629568099 0.28994704863119053 0.02726340684754529 0.013573183480969498