0 0.6172148398553968 0.8019378397255814 0.05513778589277152 0.03277192195277685
0 0.6172148398553968 0.8019378397255814 0.05513778589277152 0.03277192195277685
0 0.5652244421351262 0.7087052963624679 0.06451278589277135 0.03386770229738456
0 0.5652244421351262 0.7087052963624679 0.06451278589277135 0.03386770229738456
0 0.5177681790628718 0.6441050579132025 0.040246491701630305 0.02019075143586537
0 0.5177681790628718 0.6441050579132025 0.040246491701630305 0.02019075143586537
0 0.5146664898507524 0.6239751879706372 0.028835395020978184 0.012662341033822955
0 0.5146664898507524 0.6239751879706372 0.028835395020978184 0.012662341033822955
0 0.5131748448297742 0.6146915029993545 0.027391294191141214 0.014042210976388424
0 0.5131748448297742 0.6146915029993545 0.027391294191141214 0.014042210976388424
0 0.5046160610115953 0.5849532732290929 0.04169059253146727 0.018810881493299902
0 0.5046160610115953 0.5849532732290929 0.04169059253146727 0.018810881493299902
0 0.49927736557569863 0.5769074134013967 0.03844719336130424 0.016883121378430666
0 0.49927736557569863 0.5769074134013967 0.03844719336130424 0.016883121378430666
0 0.5034670354917861 0.538585578142941 0.027272895020978183 0.012479710976388425
0 0.5034670354917861 0.538585578142941 0.027272895020978183 0.012479710976388425
0 0.5029342392260524 0.5315543281429409 0.033759693361304244 0.0163352312061269
0 0.5029342392260524 0.5315543281429409 0.033759693361304244 0.0163352312061269
0 0.5281673471048594 0.323680946649641 0.07938076929603195 0.06657874275686142
0 0.5281673471048594 0.323680946649641 0.07938076929603195 0.06657874275686142
0 0.42636804876453327 0.3324269003828909 0.08132177759440165 0.051319002871730746
0 0.42636804876453327 0.3324269003828909 0.08132177759440165 0.051319002871730746
0 0.45067115436825506 0.41392040472239283 0.03482528589277152 0.030397731206126898
0 0.45067115436825506 0.41392040472239283 0.03482528589277152 0.030397731206126898
0 0.42403872200461307 0.4785105058710851 0.03458848755244546 0.027272731206126898
0 0.42403872200461307 0.4785105058710851 0.03458848755244546 0.027272731206126898
0 0.41999076204656927 0.49789971107210623 0.038565592531467276 0.018445621378430664
0 0.41999076204656927 0.49789971107210623 0.038565592531467276 0.018445621378430664
0 0.5151554323868639 0.828053923516266 0.024384693361304242 0.015239450861519543
0 0.5151554323868639 0.828053923516266 0.024384693361304242 0.015239450861519543
0 0.5626107728437388 0.8406350868219448 0.09595296265733602 0.0809050433312077