0 0.42517867799909786 0.8296646533050105 0.06806032218833344 0.04574958768566404
0 0.42517867799909786 0.8296646533050105 0.06806032218833344 0.04574958768566404
0 0.4364428331093409 0.8115722848780912 0.04109777868534721 0.02530062278668055
0 0.4364428331093409 0.8115722848780912 0.04109777868534721 0.02530062278668055
0 0.41976186654434083 0.6973456269903942 0.03321254350298606 0.021216368404626706
0 0.41976186654434083 0.6973456269903942 0.03321254350298606 0.021216368404626706
0 0.4199800720914242 0.7067206269903942 0.026926175911805572 0.01888646489898349
0 0.4199800720914242 0.7067206269903942 0.026926175911805572 0.01888646489898349
0 0.4598770670574311 0.6469609252152801 0.03481141109416654 0.022970719281037333
0 0.4598770670574311 0.6469609252152801 0.03481141109416654 0.022970719281037333
0 0.43026034260864626 0.5459472848780913 0.022129573138263935 0.013623412269751079
0 0.43026034260864626 0.5459472848780913 0.022129573138263935 0.013623412269751079
0 0.42804387917777814 0.5511282585634751 0.02688980832062491 0.01732396489898349
0 0.42804387917777814 0.5511282585634751 0.02688980832062491 0.01732396489898349
0 0.49268564779513924 0.45000284624913894 0.028488675911805574 0.019078315775394115
0 0.49268564779513924 0.45000284624913894 0.028488675911805574 0.019078315775394115
0 0.5010975598392364 0.4432455260693984 0.022202308320625086 0.01674841226975108
0 0.5010975598392364 0.4432455260693984 0.022202308320625086 0.01674841226975108
0 0.5997688363403821 0.3314970830360996 0.06348192496187507 0.04986153505643154
0 0.5997688363403821 0.3314970830360996 0.06348192496187507 0.04986153505643154
0 0.48479714656086825 0.27842946905811206 0.055705792553055564 0.05046478067437761
0 0.48479714656086825 0.27842946905811206 0.055705792553055564 0.05046478067437761
0 0.4014586229095142 0.31260077173192946 0.028488675911805574 0.019078315775394206
0 0.4014586229095142 0.31260077173192946 0.028488675911805574 0.019078315775394206
0 0.3793667237831947 0.3675355085857676 0.020567073138263937 0.013431561393340275