0 0.5159208413695815 0.40655263498279065 0.023883168973360826 0.013125484608959858
0 0.5159208413695815 0.40655263498279065 0.023883168973360826 0.013125484608959858
0 0.5133569154761386 0.45022970216249203 0.06345500494291585 0.0292721256238929
0 0.5133569154761386 0.45022970216249203 0.06345500494291585 0.0292721256238929
0 0.5107107820545911 0.68838609754518 0.038200336958138334 0.020688275374335773
0 0.5107107820545911 0.68838609754518 0.038200336958138334 0.020688275374335773
0 0.5190843561611482 0.7330842242090625 0.03332183596955503 0.015563178452543625
0 0.5190843561611482 0.7330842242090625 0.03332183596955503 0.015563178452543625
0 0.424188350229649 0.7524572857732232 0.023755834980972067 0.010000484608959682
0 0.424188350229649 0.7524572857732232 0.023755834980972067 0.010000484608959682
0 0.4265864273391367 0.38566536064844464 0.04920150395433272 0.02327183485851698
0 0.4265864273391367 0.38566536064844464 0.04920150395433272 0.02327183485851698
0 0.4229693374152488 0.41669656218754875 0.033194501977166266 0.012438178452543625