0 0.3747980408414352 0.40999747105924145 0.047585705331134064 0.07970734736759474
0 0.3747980408414352 0.40999747105924145 0.047585705331134064 0.07970734736759474
0 0.4260422920950765 0.3972593688823232 0.021312710345699058 0.035084328130301046
0 0.4260422920950765 0.3972593688823232 0.021312710345699058 0.035084328130301046
0 0.7454719051854848 0.4901164691603249 0.06830738229073816 0.09447917549789597
0 0.7454719051854848 0.4901164691603249 0.06830738229073816 0.09447917549789597
0 0.6414998075344827 0.41085060981183047 0.05200042069139812 0.07049603847458741
0 0.6414998075344827 0.41085060981183047 0.05200042069139812 0.07049603847458741
0 0.6237440062016992 0.3919195605374699 0.029216138558944317 0.038482146641955414
0 0.6237440062016992 0.3919195605374699 0.029216138558944317 0.038482146641955414
0 0.5845223818285198 0.3878149030957413 0.03922763605166182 0.060684528855940556
0 0.5845223818285198 0.3878149030957413 0.03922763605166182 0.060684528855940556
0 0.4851816113745486 0.41396323004491614 0.03711956677218975 0.04187996515360961