0 0.4952627538451873 0.39183333746273863 0.03058825870642714 0.02083266665180501
0 0.4952627538451873 0.39183333746273863 0.03058825870642714 0.02083266665180501
0 0.46808610018171404 0.40029062256375514 0.058133404567984215 0.04284413155078841
0 0.46808610018171404 0.40029062256375514 0.058133404567984215 0.04284413155078841
0 0.4564935029406761 0.41144766642887964 0.03223264586155707 0.022587017528215726
0 0.4564935029406761 0.41144766642887964 0.03223264586155707 0.022587017528215726
0 0.4283375254419132 0.4535946269681016 0.035357645861557076 0.022970719281037333
0 0.4283375254419132 0.4535946269681016 0.035357645861557076 0.022970719281037333
0 0.39893555122251084 0.6245380655747614 0.06759029172311397 0.045557736809253055
0 0.39893555122251084 0.6245380655747614 0.06759029172311397 0.045557736809253055
0 0.3968507507929695 0.6793214910129668 0.025736984396167718 0.01713211402257251
0 0.3968507507929695 0.6793214910129668 0.025736984396167718 0.01713211402257251
0 0.3949607021724505 0.6853796401365561 0.027299484396167806 0.01732396489898349
0 0.3949607021724505 0.6853796401365561 0.027299484396167806 0.01732396489898349
0 0.31362217096478606 0.6470865436867843 0.027299484396167806 0.01732396489898349
0 0.31362217096478606 0.6470865436867843 0.027299484396167806 0.01732396489898349
0 0.3110294374731294 0.6365465919339627 0.03848264586155699 0.02335442103385894
0 0.3110294374731294 0.6365465919339627 0.03848264586155699 0.02335442103385894
0 0.4046277877663851 0.3358869603162967 0.03716580732694617 0.027850070157448135
0 0.4046277877663851 0.3358869603162967 0.03716580732694617 0.027850070157448135