0 0.5273890976035007 0.7510937678801817 0.04684304909161448 0.020068459092057723
0 0.5273890976035007 0.7510937678801817 0.04684304909161448 0.020068459092057723
0 0.5316314768313186 0.3638581923325034 0.0340879575763454 0.01657974623907634
0 0.5316314768313186 0.3638581923325034 0.0340879575763454 0.01657974623907634
0 0.5361277871328207 0.3234605128656167 0.043718049091614475 0.019977530878812377
0 0.5361277871328207 0.3234605128656167 0.043718049091614475 0.019977530878812377
0 0.5669793033436783 0.2908442411580044 0.04566318636451818 0.024710494985435094
0 0.5669793033436783 0.2908442411580044 0.04566318636451818 0.024710494985435094
0 0.5641413457673329 0.2751737770513817 0.040848140606883555 0.02301160266556703
0 0.5641413457673329 0.2751737770513817 0.040848140606883555 0.02301160266556703
0 0.4373554472845417 0.32604229209507646 0.026020366061076317 0.013227425705962937
0 0.4373554472845417 0.32604229209507646 0.026020366061076317 0.013227425705962937
0 0.4362393574362625 0.3314655779884538 0.022640274545807238 0.010011497492717503
0 0.4362393574362625 0.3314655779884538 0.022640274545807238 0.010011497492717503
0 0.37813891244693065 0.6126951944440744 0.05669628121376693 0.045295779625171305
0 0.37813891244693065 0.6126951944440744 0.05669628121376693 0.045295779625171305