0 0.30965740337386516 0.48439484662811205 0.054949579953513704 0.054768578921555996
0 0.30965740337386516 0.48439484662811205 0.054949579953513704 0.054768578921555996
0 0.3288990762703429 0.48912388611118257 0.0170453883676025 0.022231008764107864
0 0.3288990762703429 0.48912388611118257 0.0170453883676025 0.022231008764107864
0 0.36880281043090113 0.5188944650773236 0.03888753737886681 0.04660007015744814
0 0.36880281043090113 0.5188944650773236 0.03888753737886681 0.04660007015744814
0 0.39958291686751846 0.5308742984255186 0.013811127723940863 0.020284807011286432
0 0.39958291686751846 0.5308742984255186 0.013811127723940863 0.020284807011286432
0 0.4204963504076581 0.5369739870321784 0.008795845792955604 0.015021754382053842
0 0.4204963504076581 0.5369739870321784 0.008795845792955604 0.015021754382053842
0 0.29549099656893074 0.5184405308304253 0.05349634059717552 0.05613922804514519
0 0.29549099656893074 0.5184405308304253 0.05349634059717552 0.05613922804514519
0 0.3347773716949815 0.5506507852347717 0.05974634059717552 0.056906631550788414
0 0.3347773716949815 0.5506507852347717 0.05974634059717552 0.056906631550788414
0 0.35327599941892235 0.5672904255942531 0.015810670298587758 0.02672665788769706
0 0.35327599941892235 0.5672904255942531 0.015810670298587758 0.02672665788769706
0 0.39018041971751005 0.5879737808750104 0.0170453883676025 0.022231008764107864
0 0.39018041971751005 0.5879737808750104 0.0170453883676025 0.022231008764107864
0 0.3987741697175101 0.586918601054751 0.01704538836760259 0.022231008764107864
0 0.3987741697175101 0.586918601054751 0.01704538836760259 0.022231008764107864
0 0.4945019329590618 0.5586175967172821 0.01402964901126431 0.02340980701128643
0 0.4945019329590618 0.5586175967172821 0.01402964901126431 0.02340980701128643
0 0.4992440632808927 0.5588232940880499 0.01213936708027905 0.018530456134875452
0 0.4992440632808927 0.5588232940880499 0.01213936708027905 0.018530456134875452
0 0.5234463877865249 0.566883030941888 0.012467149011264311 0.02321795613487545
0 0.5234463877865249 0.566883030941888 0.012467149011264311 0.02321795613487545
0 0.5320401377865249 0.5658278511216286 0.0139203883676025 0.021847307011286433
0 0.5320401377865249 0.5658278511216286 0.0139203883676025 0.021847307011286433
0 0.5578213877865249 0.5626623116608507 0.010576867080279051 0.018338605258464823
0 0.5578213877865249 0.5626623116608507 0.010576867080279051 0.018338605258464823
0 0.5633993984301866 0.5635533335934129 0.01402964901126431 0.02340980701128643
0 0.5633993984301866 0.5635533335934129 0.01402964901126431 0.02340980701128643
0 0.5807507893956793 0.5637867239528942 0.007342606436617416 0.016392403505643215
0 0.5807507893956793 0.5637867239528942 0.007342606436617416 0.016392403505643215
0 0.6248667761541273 0.5749170748515975 0.03430929802252862 0.04758701752821572
0 0.6248667761541273 0.5749170748515975 0.03430929802252862 0.04758701752821572
0 0.6551170048668039 0.5680509827615872 0.0274037341605581 0.03744461402257251
0 0.6551170048668039 0.5680509827615872 0.0274037341605581 0.03744461402257251
0 0.7013910713266645 0.5537017064692634 0.010467606436617417 0.016776105258464825
0 0.7013910713266645 0.5537017064692634 0.010467606436617417 0.016776105258464825
0 0.7094220926139879 0.5558674520872096 0.012248627723940687 0.02009295613487545
0 0.7094220926139879 0.5558674520872096 0.012248627723940687 0.02009295613487545
0 0.7435785713266645 0.5485217328061722 0.01003056386197052 0.010526105258464823
0 0.7435785713266645 0.5485217328061722 0.01003056386197052 0.010526105258464823
0 0.7270901938548251 0.6057032941995125 0.030091691585911205 0.03157831577539412
0 0.7270901938548251 0.6057032941995125 0.030091691585911205 0.03157831577539412
0 0.6834330290041191 0.6236710441772199 0.0139203883676025 0.021847307011286253
0 0.6834330290041191 0.6236710441772199 0.0139203883676025 0.021847307011286253
0 0.653363116751303 0.6218474608290249 0.02518567029858776 0.02787776314616188
0 0.653363116751303 0.6218474608290249 0.02518567029858776 0.02787776314616188
0 0.6370661273949647 0.6254243950313382 0.010576867080279051 0.018338605258464646