0 0.44564288093392523 0.4810984262955563 0.030488536397194465 0.01509731969842587
0 0.44564288093392523 0.4810984262955563 0.030488536397194465 0.01509731969842587
0 0.5412638664359558 0.5756502172002788 0.033913925046142525 0.02005822177194432
0 0.5412638664359558 0.5756502172002788 0.033913925046142525 0.02005822177194432
0 0.558971800581397 0.5945273563143065 0.027363536397194466 0.014823917624907423
0 0.558971800581397 0.5945273563143065 0.027363536397194466 0.014823917624907423
0 0.5610850131044682 0.6029844052775473 0.035476425046142526 0.02019492280870363
0 0.5610850131044682 0.6029844052775473 0.035476425046142526 0.02019492280870363
0 0.4445972223883371 0.6854537356263897 0.03763970234403846 0.029706623845462944
0 0.4445972223883371 0.6854537356263897 0.03763970234403846 0.029706623845462944
0 0.403190972388337 0.68907631310051 0.04505168414544123 0.024140129029259327
0 0.403190972388337 0.68907631310051 0.04505168414544123 0.024140129029259327
0 0.39155256554079176 0.6790957203578247 0.032551684145441226 0.023046520735185184
0 0.39155256554079176 0.6790957203578247 0.032551684145441226 0.023046520735185184
0 0.39872471544850674 0.6439005141372692 0.030788925046142522 0.01978481969842587
0 0.39872471544850674 0.6439005141372692 0.030788925046142522 0.01978481969842587
0 0.4065477074289422 0.6188615579167137 0.07251535009228505 0.04052654665416657
0 0.4065477074289422 0.6188615579167137 0.07251535009228505 0.04052654665416657
0 0.3722635425618325 0.5865076791702785 0.05003957279438911 0.02923773213953691
0 0.3722635425618325 0.5865076791702785 0.05003957279438911 0.02923773213953691
0 0.36125619138981324 0.5741149859092136 0.05336483189368781 0.032636134213055355
0 0.36125619138981324 0.5741149859092136 0.05336483189368781 0.032636134213055355
0 0.32332898750461536 0.39909515353412095 0.04388970234403846 0.03025342799249984
0 0.32332898750461536 0.39909515353412095 0.04388970234403846 0.03025342799249984
0 0.32105508867663457 0.4126498056076395 0.04535207279438911 0.02882762902925915
0 0.32105508867663457 0.4126498056076395 0.04535207279438911 0.02882762902925915
0 0.2869723804725 0.32214167426930607 0.08459384793281668 0.08353425287472209