0 0.5957287643746897 0.42967611961368063 0.017793277879787083 0.028573348783978502
0 0.5957287643746897 0.42967611961368063 0.017793277879787083 0.028573348783978502
0 0.5864813101323242 0.42932012888406773 0.015975686364518005 0.02524726390558065
0 0.5864813101323242 0.42932012888406773 0.015975686364518005 0.02524726390558065
0 0.570441721951035 0.4174695625464439 0.02311850666795969 0.036989103419172054
0 0.570441721951035 0.4174695625464439 0.02311850666795969 0.036989103419172054
0 0.5939111728594206 0.4330022044920785 0.016103232122152634 0.026809763905580652
0 0.5939111728594206 0.4330022044920785 0.016103232122152634 0.026809763905580652
0 0.4911206258938381 0.33800477329752415 0.017793277879787083 0.028573348783978415
0 0.4911206258938381 0.33800477329752415 0.017793277879787083 0.028573348783978415
0 0.3586424499903017 0.2089488745493245 0.06772937606301595 0.07210589513591366
0 0.3586424499903017 0.2089488745493245 0.06772937606301595 0.07210589513591366
0 0.4282853992316973 0.2270427201430238 0.02455346091032524 0.035627688297569814
0 0.4282853992316973 0.2270427201430238 0.02455346091032524 0.035627688297569814
0 0.43793146620115914 0.23198566843343782 0.022735869395056164 0.032301603419171876
0 0.43793146620115914 0.23198566843343782 0.022735869395056164 0.032301603419171876
0 0.5881229137755648 0.24821685035044938 0.028443735456132303 0.04540485805436543
0 0.5881229137755648 0.24821685035044938 0.028443735456132303 0.04540485805436543
0 0.5941337977144886 0.2598119683976591 0.03038887272903601 0.05029344293276328
0 0.5941337977144886 0.2598119683976591 0.03038887272903601 0.05029344293276328
0 0.5934800934721232 0.258350010836858 0.03064396424430509 0.05341844293276328
0 0.5934800934721232 0.258350010836858 0.03064396424430509 0.05341844293276328
0 0.6214617011982497 0.2848976057081001 0.039094193032477874 0.06223636732475253
0 0.6214617011982497 0.2848976057081001 0.039094193032477874 0.06223636732475253
0 0.6473545215016914 0.27074274765373463 0.019610869395056164 0.03189943366237626
0 0.6473545215016914 0.27074274765373463 0.019610869395056164 0.03189943366237626
0 0.6853328825617979 0.27899687569378856 0.02324605242559432 0.038551603419171875
0 0.6853328825617979 0.27899687569378856 0.02324605242559432 0.038551603419171875
0 0.677584284378569 0.3171001303289821 0.02767846091032524 0.03602985805436543