0 0.2620714993717802 0.5836487025183575 0.03765923879011233 0.05994774431795715
0 0.2620714993717802 0.5836487025183575 0.03765923879011233 0.05994774431795715
0 0.2786530925540392 0.5716572171288542 0.041166876063015945 0.06468979139585791
0 0.2786530925540392 0.5716572171288542 0.041166876063015945 0.06468979139585791
0 0.6183847564987819 0.42374227394928277 0.02442591515269079 0.03163182954530477
0 0.6183847564987819 0.42374227394928277 0.02442591515269079 0.03163182954530477
0 0.6519147336199647 0.42393714286185047 0.02311850666795969 0.0347295560063543
0 0.6519147336199647 0.42393714286185047 0.02311850666795969 0.0347295560063543
0 0.3096315098327618 0.41196857143092525 0.018973140606883553 0.02217500892845372
0 0.3096315098327618 0.41196857143092525 0.018973140606883553 0.02217500892845372
0 0.26283638710372575 0.45959359375205955 0.05389001666989941 0.08675570616851011
0 0.26283638710372575 0.45959359375205955 0.05389001666989941 0.08675570616851011
0 0.4879475705933059 0.33006223214638786 0.034024055759574165 0.053643197240056395