0 0.5044121645217301 0.722618556788361 0.007342606436617416 0.016392403505643215
0 0.5044121645217301 0.722618556788361 0.007342606436617416 0.016392403505643215
0 0.5186385554872226 0.7266889646760581 0.010904649011264311 0.023026105258464647
0 0.5186385554872226 0.7266889646760581 0.010904649011264311 0.023026105258464647
0 0.5281228161308843 0.7294025699345228 0.007561127723940864 0.019517403505643217
0 0.5281228161308843 0.7294025699345228 0.007561127723940864 0.019517403505643217
0 0.5789586964527151 0.7364189734178735 0.010686127723940685 0.019901105258464825
0 0.5789586964527151 0.7364189734178735 0.010686127723940685 0.019901105258464825
0 0.5866619358090535 0.7358157277999273 0.007342606436617416 0.016392403505643215
0 0.5866619358090535 0.7358157277999273 0.007342606436617416 0.016392403505643215
0 0.6774726061076413 0.7717512277553423 0.008577324505631978 0.011896754382053842
0 0.6774726061076413 0.7717512277553423 0.008577324505631978 0.011896754382053842
0 0.6910980635329943 0.7672278856430393 0.011483803218308709 0.00915545613487545
0 0.6910980635329943 0.7672278856430393 0.011483803218308709 0.00915545613487545
0 0.705269824176656 0.7705170435307366 0.006905563861970343 0.010142403505643216
0 0.705269824176656 0.7705170435307366 0.006905563861970343 0.010142403505643216
0 0.7219656512801782 0.7655961531712552 0.018826409654925946 0.025547859640518665
0 0.7219656512801782 0.7655961531712552 0.018826409654925946 0.025547859640518665
0 0.6908906139013113 0.7199553373958609 0.010576867080279228 0.018338605258464823
0 0.6908906139013113 0.7199553373958609 0.010576867080279228 0.018338605258464823
0 0.721791052637231 0.6966404558004875 0.008795845792955604 0.015021754382053842
0 0.721791052637231 0.6966404558004875 0.008795845792955604 0.015021754382053842
0 0.7579634994189224 0.6933364513961411 0.01649908514929379 0.014418508764107862
0 0.7579634994189224 0.6933364513961411 0.01649908514929379 0.014418508764107862
0 0.7307943480618695 0.7589347584297199 0.011702324505632156 0.01228045613487545