0 0.3852181385464072 0.4207787157576138 0.0443321968568469 0.015815176764564676
0 0.3852181385464072 0.4207787157576138 0.0443321968568469 0.015815176764564676
0 0.38479645347638464 0.4799761170023692 0.03644692224974096 0.013660680913749524
0 0.38479645347638464 0.4799761170023692 0.03644692224974096 0.013660680913749524
0 0.41209519996172794 0.6125867848438642 0.030269696856846905 0.014749584233097579
0 0.41209519996172794 0.6125867848438642 0.030269696856846905 0.014749584233097579
0 0.4100425483901514 0.6065143835991087 0.02074914764263518 0.010914189212119396
0 0.4100425483901514 0.6065143835991087 0.02074914764263518 0.010914189212119396
0 0.35465938151709386 0.6924528062144886 0.05643409057054054 0.04164397095570571
0 0.35465938151709386 0.6924528062144886 0.05643409057054054 0.04164397095570571
0 0.3138203658013282 0.6332679829790532 0.016134422249741043 0.012121491701630304
0 0.3138203658013282 0.6332679829790532 0.016134422249741043 0.012121491701630304
0 0.3031204603008102 0.6122809767552759 0.04640411910658786 0.026871075934727706
0 0.3031204603008102 0.6122809767552759 0.04640411910658786 0.026871075934727706
0 0.39556924938082744 0.21525076617253225 0.01627997146395277 0.015246491701630217