0 0.3599568470816374 0.5781144613297583 0.022680483403260433 0.03219606989237622
0 0.3599568470816374 0.5781144613297583 0.022680483403260433 0.03219606989237622
0 0.2819619016457408 0.5831058682780184 0.008759693361304244 0.012863873035529317
0 0.2819619016457408 0.5831058682780184 0.008759693361304244 0.012863873035529317
0 0.3073404099441105 0.5999680365988179 0.010440592531467275 0.01449914764263518
0 0.3073404099441105 0.5999680365988179 0.010440592531467275 0.01449914764263518
0 0.3408866157529694 0.6125065779551468 0.008878092531467274 0.014426373035529317
0 0.3408866157529694 0.6125065779551468 0.008878092531467274 0.014426373035529317
0 0.3475043912727786 0.5665583771693585 0.01822978174358649 0.035102746071058635
0 0.3475043912727786 0.5665583771693585 0.01822978174358649 0.035102746071058635
0 0.34785866616788785 0.6136153136871231 0.009351689212119308 0.02067637303552914
0 0.34785866616788785 0.6136153136871231 0.009351689212119308 0.02067637303552914
0 0.6181711661678879 0.6262053207164364 0.010322193361304244 0.01293664764263518
0 0.6181711661678879 0.6262053207164364 0.010322193361304244 0.01293664764263518
0 0.6118619665828063 0.626695472288013 0.007315592531467274 0.014353598428423453
0 0.6118619665828063 0.626695472288013 0.007315592531467274 0.014353598428423453