0 0.5158121127333286 0.6715501732204613 0.04382524310259513 0.03272321996293322
0 0.5158121127333286 0.6715501732204613 0.04382524310259513 0.03272321996293322
0 0.5429854443705343 0.6458879743089204 0.0372476944820761 0.02625496515360979
0 0.5429854443705343 0.6458879743089204 0.0372476944820761 0.02625496515360979
0 0.5482837760077401 0.6194618835647475 0.034040807326946164 0.024583337748947897
0 0.5482837760077401 0.6194618835647475 0.034040807326946164 0.024583337748947897
0 0.6913930461341282 0.5172322393698628 0.07252345318850324 0.044642866604888455
0 0.6913930461341282 0.5172322393698628 0.07252345318850324 0.044642866604888455
0 0.4840928804848675 0.4105928258528664 0.07227779172311415 0.03995536660488845
0 0.4840928804848675 0.4105928258528664 0.07227779172311415 0.03995536660488845
0 0.37119889133900125 0.11549360226173626 0.07778416327441154 0.05574405771188107
0 0.37119889133900125 0.11549360226173626 0.07778416327441154 0.05574405771188107
0 0.4067302775896199 0.13943209926651137 0.07737472749876276 0.04793155771188107
0 0.4067302775896199 0.13943209926651137 0.07737472749876276 0.04793155771188107
0 0.5028107394845505 0.08330363955519729 0.050484678878243726 0.04075397477225655
0 0.5028107394845505 0.08330363955519729 0.050484678878243726 0.04075397477225655
0 0.5552463427184822 0.12818211913677724 0.02269387155129756 0.01638889183263199
0 0.5552463427184822 0.12818211913677724 0.02269387155129756 0.01638889183263199
0 0.555454382632574 0.13914690098794266 0.03223264586155707 0.01984127404661713
0 0.555454382632574 0.13914690098794266 0.03223264586155707 0.01984127404661713