0 0.5092512383907308 0.3166208497274289 0.07694429508134384 0.06963747060135787
0 0.5092512383907308 0.3166208497274289 0.07694429508134384 0.06963747060135787
0 0.5750984313073344 0.4161948038204433 0.048673849336070066 0.043163501809022266
0 0.5750984313073344 0.4161948038204433 0.048673849336070066 0.043163501809022266
0 0.570869473560008 0.47145883593261895 0.026726126463433177 0.029517081637205678
0 0.570869473560008 0.47145883593261895 0.026726126463433177 0.029517081637205678
0 0.6221956242239379 0.5147861120519007 0.04707498789975162 0.03683161465389269
0 0.6221956242239379 0.5147861120519007 0.04707498789975162 0.03683161465389269
0 0.6478041574014253 0.5458247501115416 0.03293067466803503 0.022032130257724703
0 0.6478041574014253 0.5458247501115416 0.03293067466803503 0.022032130257724703
0 0.6311251966290368 0.5918399349826793 0.09727497579950324 0.07382700361804453
0 0.6311251966290368 0.5918399349826793 0.09727497579950324 0.07382700361804453
0 0.6822468142136753 0.6703234611019611 0.037727258976990544 0.041027791723114146
0 0.6822468142136753 0.6703234611019611 0.037727258976990544 0.041027791723114146
0 0.5140053534412866 0.7083955919255127 0.0784886143631848 0.06659435775648763
0 0.5140053534412866 0.7083955919255127 0.0784886143631848 0.06659435775648763
0 0.4596405611886131 0.6500607914959714 0.04713862041330898 0.047769114653892684
0 0.4596405611886131 0.6500607914959714 0.04713862041330898 0.047769114653892684
0 0.48449511544333923 0.6763709859780475 0.05337953005422928 0.04653416327441153
0 0.48449511544333923 0.6763709859780475 0.05337953005422928 0.04653416327441153
0 0.40116096155795544 0.49304282960104084 0.05177157825883114 0.03863977611928178
0 0.40116096155795544 0.49304282960104084 0.05177157825883114 0.03863977611928178
0 0.39735470550783125 0.47565061171321654 0.04083407825883114 0.03806656603337366
0 0.39735470550783125 0.47565061171321654 0.04083407825883114 0.03806656603337366
0 0.4232814012531051 0.4520017497728574 0.05800339754067192 0.0358423247398008
0 0.4232814012531051 0.4520017497728574 0.05800339754067192 0.0358423247398008
0 0.37463988905466084 0.35020355438627015 0.0941954275949013 0.0814757293077852