0 0.3583626519335031 0.5302510224974862 0.039735209341181486 0.062148044259386914
0 0.3583626519335031 0.5302510224974862 0.039735209341181486 0.062148044259386914
0 0.3843348059357302 0.5167062317086816 0.03181362133990877 0.0519059354075095
0 0.3843348059357302 0.5167062317086816 0.03181362133990877 0.0519059354075095
0 0.45203992659932124 0.5469063287200149 0.033703385343726744 0.08020435717788495
0 0.45203992659932124 0.5469063287200149 0.033703385343726744 0.08020435717788495
0 0.5010859539306395 0.5672128644868424 0.012918170671545326 0.03732487416300394
0 0.5010859539306395 0.5672128644868424 0.012918170671545326 0.03732487416300394
0 0.6071899559198218 0.6587797557575626 0.03661020934118149 0.06180120071863584
0 0.6071899559198218 0.6587797557575626 0.03661020934118149 0.06180120071863584
0 0.287522345918231 0.6350337537157775 0.04920111600890866 0.07100107488163979
0 0.287522345918231 0.6350337537157775 0.04920111600890866 0.07100107488163979
0 0.25274790392268537 0.5983192638823293 0.019077264003817974 0.030206061244505734