0 0.22928932671776484 0.40490139540496806 0.027548147326811812 0.045498170298587756
0 0.22928932671776484 0.40490139540496806 0.027548147326811812 0.045498170298587756
0 0.23247523990017932 0.4303548634739828 0.032690673635171044 0.053638452229573017
0 0.23247523990017932 0.4303548634739828 0.032690673635171044 0.053638452229573017
0 0.2517789767459997 0.4328953554282112 0.024332142065139895 0.04371714901126431
0 0.2517789767459997 0.4328953554282112 0.024332142065139895 0.04371714901126431
0 0.2960302347090947 0.5013832754746974 0.015700594710093264 0.029108345792955605
0 0.2960302347090947 0.5013832754746974 0.015700594710093264 0.029108345792955605
0 0.6001794084148528 0.5026790696388282 0.019735647326811722 0.04495186708027923
0 0.6001794084148528 0.5026790696388282 0.019735647326811722 0.04495186708027923
0 0.671105829419188 0.44714498163954275 0.04252069994353036 0.06210651609154354
0 0.671105829419188 0.44714498163954275 0.04252069994353036 0.06210651609154354
0 0.6927533162650084 0.44952158262827846 0.026986705205202098 0.06257640965492613
0 0.6927533162650084 0.44952158262827846 0.026986705205202098 0.06257640965492613
0 0.619438371653737 0.5861417796620713 0.032872684158514784 0.05676345222957302
0 0.619438371653737 0.5861417796620713 0.032872684158514784 0.05676345222957302
0 0.6013408190370185 0.6029686467423504 0.02616765785015538 0.04851390965492612
0 0.6013408190370185 0.6029686467423504 0.02616765785015538 0.04851390965492612
0 0.2853741847937992 0.5908281877275134 0.044356215728545756 0.06690327673520499
0 0.2853741847937992 0.5908281877275134 0.044356215728545756 0.06690327673520499