0 0.41778838338436647 0.18747676475416106 0.05433467292769336 0.03340236188449901
0 0.41778838338436647 0.18747676475416106 0.05433467292769336 0.03340236188449901
0 0.417678295437645 0.2094063950759919 0.060521005931498985 0.03227690445914586
0 0.417678295437645 0.2094063950759919 0.060521005931498985 0.03227690445914586
0 0.45588136060977236 0.6946990388914761 0.015943334980972067 0.008905106436617415
0 0.45588136060977236 0.6946990388914761 0.015943334980972067 0.008905106436617415
0 0.6002335384803817 0.651516757464694 0.06839717292769336 0.03438570767745475
0 0.6002335384803817 0.651516757464694 0.06839717292769336 0.03438570767745475
0 0.5942355478719219 0.6064392042463853 0.08067167984777565 0.06796303218308672
0 0.5942355478719219 0.6064392042463853 0.08067167984777565 0.06796303218308672
0 0.6087238122063778 0.5392899090738483 0.05082767095052709 0.02380884059717552
0 0.6087238122063778 0.5392899090738483 0.05082767095052709 0.02380884059717552
0 0.5104043063120599 0.16418101240837255 0.03188666996194378 0.0178102128732347
0 0.5104043063120599 0.16418101240837255 0.03188666996194378 0.0178102128732347
0 0.5108818087835179 0.15246226240837255 0.041261669961943956 0.018465776735205087
0 0.5108818087835179 0.15246226240837255 0.041261669961943956 0.018465776735205087
0 0.48962623269979444 0.1165029830752774 0.043651840912471054 0.038887537378866854