0 0.5237852718664808 0.31134183685099615 0.06150342799249984 0.04488016046291676
0 0.5237852718664808 0.31134183685099615 0.06150342799249984 0.04488016046291676
0 0.6710381465604155 0.5688375055860805 0.02466780933083328 0.01515411910658777
0 0.6710381465604155 0.5688375055860805 0.02466780933083328 0.01515411910658777
0 0.6732158012258321 0.5757959809789746 0.02283190725731483 0.011956344499482085
0 0.6732158012258321 0.5757959809789746 0.02283190725731483 0.011956344499482085
0 0.67234636833236 0.6017227801931864 0.03261701036759259 0.017080492142117088
0 0.67234636833236 0.6017227801931864 0.03261701036759259 0.017080492142117088
0 0.6708228245529154 0.6112069421038451 0.03601541244111104 0.020351041356328814
0 0.6708228245529154 0.6112069421038451 0.03601541244111104 0.020351041356328814
0 0.6654121546189339 0.6569560897464802 0.04083961347787035 0.022131865177646405
0 0.6654121546189339 0.6569560897464802 0.04083961347787035 0.022131865177646405
0 0.6677265103211097 0.6654770651393743 0.0301755155513888 0.02474744292790554
0 0.6677265103211097 0.6654770651393743 0.0301755155513888 0.02474744292790554
0 0.7401879792183321 0.6150361093911874 0.019706907257314832 0.011810795285270358
0 0.7401879792183321 0.6150361093911874 0.019706907257314832 0.011810795285270358
0 0.734172425071295 0.6090408205160578 0.024531108294074143 0.01359161910658777
0 0.734172425071295 0.6090408205160578 0.024531108294074143 0.01359161910658777