0 0.3835847416758937 0.5878222840808427 0.033313147748246584 0.009915220542635694
0 0.3835847416758937 0.5878222840808427 0.033313147748246584 0.009915220542635694
0 0.38252288942414037 0.5799096545311934 0.04475129549649317 0.018428627390180984
0 0.38252288942414037 0.5799096545311934 0.04475129549649317 0.018428627390180984
0 0.3499502213178281 0.5495818044389084 0.04621366594684391 0.016966256939830338
0 0.3499502213178281 0.5495818044389084 0.04621366594684391 0.016966256939830338
0 0.36851855105204756 0.4801704703857522 0.04641392504614252 0.020091256939830337
0 0.36851855105204756 0.4801704703857522 0.04641392504614252 0.020091256939830337
0 0.2675802074381675 0.6353004565060916 0.040264054595791875 0.021253238741233103
0 0.2675802074381675 0.6353004565060916 0.040264054595791875 0.021253238741233103
0 0.311641088067551 0.6577354634459219 0.027463665946843907 0.015764702344038463
0 0.311641088067551 0.6577354634459219 0.027463665946843907 0.015764702344038463
0 0.3211174151808768 0.7179615646179411 0.06852875693983033 0.04951794108527156
0 0.3211174151808768 0.7179615646179411 0.06852875693983033 0.04951794108527156