0 0.5608247692549733 0.38340686626398524 0.0656886439408634 0.0448971256238929
0 0.5608247692549733 0.38340686626398524 0.0656886439408634 0.0448971256238929
0 0.6803397859248728 0.4798466923869924 0.03278054909161447 0.02166731281194636
0 0.6803397859248728 0.4798466923869924 0.03278054909161447 0.02166731281194636
0 0.5813122256233706 0.5109174929278678 0.04461086939505634 0.03362587229612757
0 0.5813122256233706 0.5109174929278678 0.04461086939505634 0.03362587229612757
0 0.5982445051701477 0.5473865336932437 0.06294628121376693 0.04929289434269819
0 0.5982445051701477 0.5473865336932437 0.06294628121376693 0.04929289434269819
0 0.5935090788075694 0.5748551383105559 0.057493506667959694 0.0394802974209064
0 0.5935090788075694 0.5748551383105559 0.057493506667959694 0.0394802974209064
0 0.5840383550203665 0.5918028288263746 0.043590503333979846 0.021125872296127744
0 0.5840383550203665 0.5918028288263746 0.043590503333979846 0.021125872296127744
0 0.5816786295661738 0.60088609754518 0.040337957576345215 0.01927164101493304
0 0.5816786295661738 0.60088609754518 0.040337957576345215 0.01927164101493304
0 0.5641403142637017 0.613979459858012 0.027455320303441867 0.013417215890154566
0 0.5641403142637017 0.613979459858012 0.027455320303441867 0.013417215890154566
0 0.533846778508007 0.660770415764871 0.052040732122152634 0.029667700499114248
0 0.533846778508007 0.660770415764871 0.052040732122152634 0.029667700499114248
0 0.5360311607799406 0.6400413298663643 0.03577800333398003 0.020396544093141067
0 0.5360311607799406 0.6400413298663643 0.03577800333398003 0.020396544093141067
0 0.5080813750242459 0.6870510842341192 0.030962957576345394 0.018396447171349094
0 0.5080813750242459 0.6870510842341192 0.030962957576345394 0.018396447171349094
0 0.5290157572961796 0.6680723860227804 0.029400457576345396 0.01825058153075183
0 0.5290157572961796 0.6680723860227804 0.029400457576345396 0.01825058153075183
0 0.46771133760156103 0.7243730962973942 0.037468049091614476 0.02210490973373851
0 0.46771133760156103 0.7243730962973942 0.037468049091614476 0.02210490973373851
0 0.4260179162399525 0.7739763098997733 0.03367336939505616 0.03260481281194636
0 0.4260179162399525 0.7739763098997733 0.03367336939505616 0.03260481281194636
0 0.6124498816922056 0.7309073508729451 0.09910692182065048 0.07437693843583926
0 0.6124498816922056 0.7309073508729451 0.09910692182065048 0.07437693843583926
0 0.631502899570053 0.707876537021009 0.03278054909161447 0.02166731281194636
0 0.631502899570053 0.707876537021009 0.03278054909161447 0.02166731281194636
0 0.6311522132055349 0.6845849026616062 0.030962957576345217 0.018396447171349094
0 0.6311522132055349 0.6845849026616062 0.030962957576345217 0.018396447171349094
0 0.6345482801749969 0.6786995667630996 0.024457866061076316 0.01468798460895986