0 0.40878465672393843 0.5164922753978228 0.06687996515360961 0.040526447033792934
0 0.40878465672393843 0.5164922753978228 0.06687996515360961 0.040526447033792934
0 0.3916690785936373 0.5356575386393746 0.04166171034428619 0.032528276735205176
0 0.3916690785936373 0.5356575386393746 0.04166171034428619 0.032528276735205176
0 0.4054488363981855 0.567164264754161 0.041334328130301044 0.023153276735204998
0 0.4054488363981855 0.567164264754161 0.041334328130301044 0.023153276735204998
0 0.4726735088160387 0.7950650256499243 0.05783234736759475 0.04924588317182259
0 0.4726735088160387 0.7950650256499243 0.05783234736759475 0.04924588317182259
0 0.3853297654394606 0.7396184189612054 0.027108137023308564 0.017482430942249393
0 0.3853297654394606 0.7396184189612054 0.027108137023308564 0.017482430942249393
0 0.37721965427686766 0.6803144747774041 0.054161710344286275 0.033402361884498966
0 0.37721965427686766 0.6803144747774041 0.054161710344286275 0.033402361884498966