0 0.29205153774570514 0.31243283768837926 0.02527273538950343 0.016352425705962938
0 0.29205153774570514 0.31243283768837926 0.02527273538950343 0.016352425705962938
0 0.3354201136408572 0.6461569683297649 0.05199887662320544 0.02650031551854859
0 0.3354201136408572 0.6461569683297649 0.05199887662320544 0.02650031551854859
0 0.3336900182672399 0.6110689144896988 0.018940914772652383 0.011483069279472246
0 0.3336900182672399 0.6110689144896988 0.018940914772652383 0.011483069279472246
0 0.396238836855496 0.6959236361181689 0.0253272824674041 0.019477425705962937
0 0.396238836855496 0.6959236361181689 0.0253272824674041 0.019477425705962937
0 0.41785651258519696 0.5758240847853854 0.03319432954530477 0.022829746239076344
0 0.41785651258519696 0.5758240847853854 0.03319432954530477 0.022829746239076344
0 0.3827644922926575 0.5284322592377071 0.06312729139585774 0.037756064264907255
0 0.3827644922926575 0.5284322592377071 0.06312729139585774 0.037756064264907255
0 0.3428719237044014 0.4429183080632081 0.03313978246740401 0.019704746239076344
0 0.3428719237044014 0.4429183080632081 0.03313978246740401 0.019704746239076344
0 0.3387298944834082 0.41180470038307615 0.03160455600635439 0.021221782132453626