0 0.431288941415738 0.7727708682262863 0.027654563140062115 0.02201146489898349
0 0.431288941415738 0.7727708682262863 0.027654563140062115 0.02201146489898349
0 0.45763933881313684 0.7457554340016805 0.0448420631400623 0.02412182453950216
0 0.45763933881313684 0.7457554340016805 0.0448420631400623 0.02412182453950216
0 0.4754491941171611 0.7052807453950207 0.025546031570031148 0.012444614022572686
0 0.4754491941171611 0.7052807453950207 0.025546031570031148 0.012444614022572686
0 0.4756466151920833 0.6820350962714316 0.06993306840173404 0.028753938562074664
0 0.4756466151920833 0.6820350962714316 0.06993306840173404 0.028753938562074664
0 0.4704354704255203 0.712421767327583 0.028671031570031147 0.012828315775394117
0 0.4704354704255203 0.712421767327583 0.028671031570031147 0.012828315775394117
0 0.45267476287183095 0.35421171908040455 0.04769404735504672 0.019818026292323588
0 0.45267476287183095 0.35421171908040455 0.04769404735504672 0.019818026292323588
0 0.39540902346576184 0.2765950392824378 0.058343121018452494 0.04284413155078841
0 0.39540902346576184 0.2765950392824378 0.058343121018452494 0.04284413155078841
0 0.5659831888554893 0.7148455962268464 0.04309755261671846 0.020804973663091177
0 0.5659831888554893 0.7148455962268464 0.04309755261671846 0.020804973663091177
0 0.5505548809065117 0.769574635709917 0.03528505261671846 0.019845719281037334
0 0.5505548809065117 0.769574635709917 0.03528505261671846 0.019845719281037334