0 0.4585284733052285 0.18824948612265452 0.08021475867281787 0.04855951680591399
0 0.4585284733052285 0.18824948612265452 0.08021475867281787 0.04855951680591399
0 0.5556034679742284 0.16711463235860222 0.05537839067472703 0.061603344866803675
0 0.5556034679742284 0.16711463235860222 0.05537839067472703 0.061603344866803675
0 0.5831739373010925 0.2136248764271032 0.030014764003817973 0.02933467292769345
0 0.5831739373010925 0.2136248764271032 0.030014764003817973 0.02933467292769345
0 0.5275773706238202 0.29397822129390694 0.026726132001908987 0.015144838935304605
0 0.5275773706238202 0.29397822129390694 0.026726132001908987 0.015144838935304605
0 0.6243432826225475 0.2994058675298546 0.02676249466899989 0.018269838935304605
0 0.6243432826225475 0.2994058675298546 0.02676249466899989 0.018269838935304605
0 0.6223876945815039 0.6016859505336603 0.058230670671545325 0.03829317885919252
0 0.6223876945815039 0.6016859505336603 0.058230670671545325 0.03829317885919252
0 0.7075530352482766 0.5974348492410659 0.018913632001908987 0.014826503954332715
0 0.7075530352482766 0.5974348492410659 0.018913632001908987 0.014826503954332715
0 0.6187814365850037 0.5760638680241461 0.034574994668999895 0.018588173916276672
0 0.6187814365850037 0.5760638680241461 0.034574994668999895 0.018588173916276672
0 0.69930473058564 0.5680975177201351 0.014153406667727353 0.00838550296574958
0 0.69930473058564 0.5680975177201351 0.014153406667727353 0.00838550296574958
0 0.7056269085773678 0.6287485162372602 0.018895450668363623 0.013264003954332715