0 0.5011294051934476 0.3373335608281081 0.08492037427505376 0.059374801343289804
0 0.5011294051934476 0.3373335608281081 0.08492037427505376 0.059374801343289804
0 0.5740000653612729 0.4213778677081363 0.08288427759440165 0.05291446862514952
0 0.5740000653612729 0.4213778677081363 0.08288427759440165 0.05291446862514952
0 0.5920405929556745 0.46556352853046795 0.029072193361304243 0.016285988926523488
0 0.5920405929556745 0.46556352853046795 0.029072193361304243 0.016285988926523488
0 0.6046948809230382 0.4896921075574493 0.027272895020978183 0.012950656208383293
0 0.6046948809230382 0.4896921075574493 0.027272895020978183 0.012950656208383293
0 0.5636797172307283 0.5096892078085942 0.03458848755244546 0.027854487080944068
0 0.5636797172307283 0.5096892078085942 0.03458848755244546 0.027854487080944068
0 0.6468366819626568 0.5866120937156036 0.03508539502097818 0.014002319799084261
0 0.6468366819626568 0.5866120937156036 0.03508539502097818 0.014002319799084261
0 0.6458661778134719 0.5942142609974634 0.046378092531467276 0.02016214882606544
0 0.6458661778134719 0.5942142609974634 0.046378092531467276 0.02016214882606544
0 0.6535845120465693 0.6246379255109541 0.036647895020978184 0.014212652517224278
0 0.6535845120465693 0.6246379255109541 0.036647895020978184 0.014212652517224278
0 0.6544133062377104 0.635575425510954 0.03676629419114121 0.015775152517224278
0 0.6544133062377104 0.635575425510954 0.03676629419114121 0.015775152517224278
0 0.6450033400558894 0.6644666801249027 0.027272895020978183 0.012950656208383293
0 0.6450033400558894 0.6644666801249027 0.027272895020978183 0.012950656208383293
0 0.6526265859067045 0.6732256773565336 0.04000969336130424 0.017758317953504844
0 0.6526265859067045 0.6732256773565336 0.04000969336130424 0.017758317953504844
0 0.6488154242889869 0.6943645128430429 0.033404495850815154 0.012229487080944068
0 0.6488154242889869 0.6943645128430429 0.033404495850815154 0.012229487080944068
0 0.6598256244987682 0.7886403446383933 0.0640391892121194 0.028725808725607573
0 0.6598256244987682 0.7886403446383933 0.0640391892121194 0.028725808725607573
0 0.6292277425500448 0.844064108480239 0.02715449585081515 0.011388156208383293
0 0.6292277425500448 0.844064108480239 0.02715449585081515 0.011388156208383293
0 0.6280320954544741 0.8384901921211689 0.017779495850815154 0.010126159899542131
0 0.6280320954544741 0.8384901921211689 0.017779495850815154 0.010126159899542131
0 0.7248721292726531 0.8816840715686503 0.03951278589277152 0.03161048523536465
0 0.7248721292726531 0.8816840715686503 0.03951278589277152 0.03161048523536465
0 0.7686804062423549 0.8373179694719262 0.035322193361304245 0.017127319799084263
0 0.7686804062423549 0.8373179694719262 0.035322193361304245 0.017127319799084263
0 0.7586891769882793 0.7973089722402953 0.05213118506293437 0.034855646980486196
0 0.7586891769882793 0.7973089722402953 0.05213118506293437 0.034855646980486196
0 0.766880185286649 0.7829459685491365 0.030397895020978182 0.01337132164466368
0 0.766880185286649 0.7829459685491365 0.030397895020978182 0.01337132164466368
0 0.7694956998087961 0.756233216703557 0.027272895020978183 0.012950656208383293
0 0.7694956998087961 0.756233216703557 0.027272895020978183 0.012950656208383293
0 0.7048365908810821 0.4846137342365616 0.027509693361304245 0.016075656208383117
0 0.7048365908810821 0.4846137342365616 0.027509693361304245 0.016075656208383117
0 0.7047298471048593 0.4730001505956317 0.030989890871793335 0.0211838216446635
0 0.7047298471048593 0.4730001505956317 0.030989890871793335 0.0211838216446635
0 0.6373871365221158 0.3904732582290943 0.07938076929603177 0.06790847047072912
0 0.6373871365221158 0.3904732582290943 0.07938076929603177 0.06790847047072912
0 0.575123012247062 0.33414828129883717 0.08250576929603178 0.06832913590700951