0 0.5171699023767221 0.31184978279972125 0.027199536831702887 0.013261417624907335
0 0.5171699023767221 0.31184978279972125 0.027199536831702887 0.013261417624907335
0 0.5270454313159172 0.3212637390202768 0.02113154735504672 0.01583961347787035
0 0.5270454313159172 0.3212637390202768 0.02113154735504672 0.01583961347787035
0 0.5606083602127601 0.37705440923708233 0.04851309471009344 0.032226031102777684
0 0.5606083602127601 0.37705440923708233 0.04851309471009344 0.032226031102777684
0 0.5443918260118931 0.36553114886948973 0.03684755261671846 0.01876912384546294
0 0.5443918260118931 0.36553114886948973 0.03684755261671846 0.01876912384546294
0 0.7340352388413718 0.725675711357869 0.027745568401734033 0.022636417624907423
0 0.7340352388413718 0.725675711357869 0.027745568401734033 0.022636417624907423
0 0.7306981362387708 0.6950702603211097 0.08149219468185827 0.06464755183796278
0 0.7306981362387708 0.6950702603211097 0.08149219468185827 0.06464755183796278
0 0.7267239968044666 0.6535273092843505 0.03859206314006229 0.022030824882222078
0 0.7267239968044666 0.6535273092843505 0.03859206314006229 0.022030824882222078
0 0.7235002862670056 0.6649043066924524 0.03675654735504672 0.017206623845462943
0 0.7235002862670056 0.6649043066924524 0.03675654735504672 0.017206623845462943
0 0.6766282023626047 0.34056868803078577 0.09197466837349921 0.05779195909527761
0 0.6766282023626047 0.34056868803078577 0.09197466837349921 0.05779195909527761