0 0.5042020913695815 0.3116465057959269 0.06307300296574958 0.019530541470370276
0 0.5042020913695815 0.3116465057959269 0.06307300296574958 0.019530541470370276
0 0.5144087850203405 0.576988541799677 0.06058467292769336 0.03488213939685174
0 0.5144087850203405 0.576988541799677 0.06058467292769336 0.03488213939685174
0 0.5261447810660079 0.5946449335056029 0.05851283695813834 0.022245438360092608
0 0.5261447810660079 0.5946449335056029 0.05851283695813834 0.022245438360092608
0 0.3759511214841873 0.5743111840712507 0.011574169961943959 0.016581907257314833
0 0.3759511214841873 0.5743111840712507 0.011574169961943959 0.016581907257314833
0 0.3941453645641051 0.6054149211117601 0.02063083498097189 0.009589613477870351
0 0.3941453645641051 0.6054149211117601 0.02063083498097189 0.009589613477870351
0 0.3912750325488827 0.5994383231852786 0.02063083498097189 0.009589613477870351
0 0.3912750325488827 0.5994383231852786 0.02063083498097189 0.009589613477870351
0 0.3655706728905124 0.3323382975491211 0.026146005931498982 0.03031221658814811
0 0.3655706728905124 0.3323382975491211 0.026146005931498982 0.03031221658814811