0 0.20201058634512137 0.46101934384833454 0.02857128121376702 0.04696735805436543
0 0.20201058634512137 0.46101934384833454 0.02857128121376702 0.04696735805436543
0 0.21629622695200484 0.4375356648211518 0.03389651000193972 0.05538311268955898
0 0.21629622695200484 0.4375356648211518 0.03389651000193972 0.05538311268955898
0 0.23641740831555308 0.43726531140197994 0.02531873545613248 0.045002688297569905
0 0.23641740831555308 0.43726531140197994 0.02531873545613248 0.045002688297569905
0 0.31015766831749275 0.376754534313276 0.016358323637421623 0.029934763905580652
0 0.31015766831749275 0.376754534313276 0.016358323637421623 0.029934763905580652
0 0.5991566533145832 0.41609324229608385 0.022321281213767107 0.0461630185407742
0 0.5991566533145832 0.41609324229608385 0.022321281213767107 0.0461630185407742
0 0.6410733442210291 0.4802726535049498 0.04547173879011233 0.06460320683834375
0 0.6410733442210291 0.4802726535049498 0.04547173879011233 0.06460320683834375
0 0.6634745027057601 0.480481922768181 0.028411784547746777 0.06395377317596758
0 0.6634745027057601 0.480481922768181 0.028411784547746777 0.06395377317596758
0 0.6558687810445891 0.336901733748154 0.03571410151720862 0.058709197567956825
0 0.6558687810445891 0.336901733748154 0.03571410151720862 0.058709197567956825
0 0.6458081258938381 0.3180973703361379 0.028826372729036008 0.050092358054365425
0 0.6458081258938381 0.3180973703361379 0.028826372729036008 0.050092358054365425
0 0.3398927078662094 0.2871200535765072 0.04585437606301594 0.06929070683834393