0 0.501868445204217 0.386308855994283 0.030269696856846905 0.015795013637134047
0 0.501868445204217 0.386308855994283 0.030269696856846905 0.015795013637134047
0 0.5261043118296055 0.4054898543202906 0.0543621683207995 0.032458840192766306
0 0.5261043118296055 0.4054898543202906 0.0543621683207995 0.032458840192766306
0 0.5340430903656528 0.4205061740573558 0.03190497146395277 0.017530935407509496
0 0.5340430903656528 0.4205061740573558 0.03190497146395277 0.017530935407509496
0 0.5481569402418183 0.47154585264629834 0.03495719685684691 0.01631527894826057
0 0.5481569402418183 0.47154585264629834 0.03495719685684691 0.01631527894826057
0 0.5298863215495151 0.6446373611388576 0.0652996683207995 0.033672792585394615
0 0.5298863215495151 0.6446373611388576 0.0652996683207995 0.033672792585394615
0 0.5179642103008102 0.6982843305166048 0.023946922249741043 0.013538826555632256
0 0.5179642103008102 0.6982843305166048 0.023946922249741043 0.013538826555632256
0 0.5176731118723867 0.7045343305166047 0.02699914764263518 0.012323170096383151
0 0.5176731118723867 0.7045343305166047 0.02699914764263518 0.012323170096383151
0 0.6042655833363394 0.7000100278872561 0.025509422249740864 0.013712248326007526
0 0.6042655833363394 0.7000100278872561 0.025509422249740864 0.013712248326007526
0 0.6101709809789746 0.6912420040835703 0.038082196856846905 0.016662122489011465
0 0.6101709809789746 0.6912420040835703 0.038082196856846905 0.016662122489011465
0 0.6023607508285694 0.36997738841312583 0.03524829528527036 0.02256527894826057
0 0.6023607508285694 0.36997738841312583 0.03524829528527036 0.02256527894826057