0 0.2809934866106147 0.522221317276569 0.06855117694751697 0.08164614767057934
0 0.2809934866106147 0.522221317276569 0.06855117694751697 0.08164614767057934
0 0.3743383376662749 0.5951442401619189 0.041497753246410876 0.052129066033373486
0 0.3743383376662749 0.5951442401619189 0.041497753246410876 0.052129066033373486
0 0.43062924797470037 0.59574842774659 0.030151150162155815 0.02811835594746519
0 0.43062924797470037 0.59574842774659 0.030151150162155815 0.02811835594746519
0 0.468778084419864 0.6501393566248338 0.03519320616851011 0.04867651741285446
0 0.468778084419864 0.6501393566248338 0.03519320616851011 0.04867651741285446
0 0.49722068425770827 0.6782167689947343 0.02088524431795715 0.03387703301668683
0 0.49722068425770827 0.6782167689947343 0.02088524431795715 0.03387703301668683
0 0.5451633064166869 0.6643080772261917 0.07200345941492117 0.10055992198083885
0 0.5451633064166869 0.6643080772261917 0.07200345941492117 0.10055992198083885
0 0.6192360060923752 0.7213636606724197 0.03974433847375849 0.041109678878243724
0 0.6192360060923752 0.7213636606724197 0.03974433847375849 0.041109678878243724
0 0.6721542747600615 0.5567965496365719 0.06389095048646745 0.08296298620519008
0 0.6721542747600615 0.5567965496365719 0.06389095048646745 0.08296298620519008
0 0.6184349853927987 0.49846174920703046 0.046130706168510116 0.04924972749876275
0 0.6184349853927987 0.49846174920703046 0.046130706168510116 0.04924972749876275
0 0.6429849720001182 0.5255531936891066 0.04623980032431163 0.05549972749876275
0 0.6429849720001182 0.5255531936891066 0.04623980032431163 0.05549972749876275
0 0.46640092695081226 0.4279368080043149 0.03683752678536116 0.05344590456798422
0 0.46640092695081226 0.4279368080043149 0.03683752678536116 0.05344590456798422
0 0.4500628607981881 0.42317074287545237 0.036646612012708954 0.042508404567984215
0 0.4500628607981881 0.42317074287545237 0.036646612012708954 0.042508404567984215
0 0.4238452341749827 0.44681960481581146 0.03538412094116268 0.05961401741285464
0 0.4238452341749827 0.44681960481581146 0.03538412094116268 0.05961401741285464
0 0.32629412419086873 0.3908794640426371 0.07976141233702042 0.09784435775648755
0 0.32629412419086873 0.3908794640426371 0.07976141233702042 0.09784435775648755