0 0.6573004358164558 0.5193474592929388 0.016707338935304607 0.02738137155129756
0 0.6573004358164558 0.5193474592929388 0.016707338935304607 0.02738137155129756
0 0.6479891028126501 0.5204186363621602 0.015017504942915849 0.02417448439616763
0 0.6479891028126501 0.5204186363621602 0.015017504942915849 0.02417448439616763
0 0.6313746057783997 0.533580377655733 0.021713173916276675 0.03543953301668683
0 0.6313746057783997 0.533580377655733 0.021713173916276675 0.03543953301668683
0 0.6556106018240669 0.516140572137809 0.015081171939110405 0.025736984396167804
0 0.6556106018240669 0.516140572137809 0.015081171939110405 0.025736984396167804
0 0.5499747085538689 0.6213050277011615 0.016707338935304607 0.02738137155129756
0 0.5499747085538689 0.6213050277011615 0.016707338935304607 0.02738137155129756
0 0.41393107368662757 0.764634546584354 0.06511034684397003 0.06733798620519008
0 0.41393107368662757 0.764634546584354 0.06511034684397003 0.06733798620519008
0 0.4846282342570313 0.7394951057203226 0.023212006920082295 0.033958920171816585
0 0.4846282342570313 0.7394951057203226 0.023212006920082295 0.033958920171816585
0 0.4945298162722537 0.7337773722286661 0.021522172927693362 0.030752033016686654
0 0.4945298162722537 0.7337773722286661 0.021522172927693362 0.030752033016686654
0 0.6445324748654911 0.703439176276252 0.028281508897248564 0.043579581637205676
0 0.6445324748654911 0.703439176276252 0.028281508897248564 0.043579581637205676
0 0.6510225553978388 0.6905264184743359 0.030035009885831698 0.04834896879233561
0 0.6510225553978388 0.6905264184743359 0.030035009885831698 0.04834896879233561
0 0.6511180558921303 0.6928701684743359 0.030098676882026255 0.049911468792335614
0 0.6511180558921303 0.6928701684743359 0.030098676882026255 0.049911468792335614
0 0.6795003824701453 0.6623947744218011 0.03829317885919252 0.059695904567984216
0 0.6795003824701453 0.6623947744218011 0.03829317885919252 0.059695904567984216
0 0.7049460514435062 0.6746424689038772 0.018397172927693363 0.03058825870642732
0 0.7049460514435062 0.6746424689038772 0.018397172927693363 0.03058825870642732
0 0.7434673819758538 0.6634083977821209 0.021776840912470875 0.037002033016686656
0 0.7434673819758538 0.6634083977821209 0.021776840912470875 0.037002033016686656
0 0.7364387905690911 0.6248405427391669 0.026337006920082118 0.034122694482076096