0 0.5499404618089215 0.7197998766149887 0.07746307178554286 0.05783108883351815
0 0.5499404618089215 0.7197998766149887 0.07746307178554286 0.05783108883351815
0 0.5350384348392199 0.6678170720191968 0.06690408008391273 0.04160531153562204
0 0.5350384348392199 0.6678170720191968 0.06690408008391273 0.04160531153562204
0 0.5434778968718559 0.6911241640919175 0.07315408008391273 0.042005829734219444
0 0.5434778968718559 0.6911241640919175 0.07315408008391273 0.042005829734219444
0 0.4657719070443255 0.42158481723883484 0.08792697510489074 0.052281995681063266
0 0.4657719070443255 0.42158481723883484 0.08792697510489074 0.052281995681063266
0 0.46705098712823806 0.3839846876891855 0.025947193361304244 0.014102072794389109
0 0.46705098712823806 0.3839846876891855 0.025947193361304244 0.014102072794389109
0 0.36277788422380863 0.37180725786268093 0.07855197510489073 0.051681218383167415
0 0.36277788422380863 0.37180725786268093 0.07855197510489073 0.051681218383167415
0 0.35157842986484233 0.45744436921373294 0.04251938672260831 0.027603368290882457
0 0.35157842986484233 0.45744436921373294 0.04251938672260831 0.027603368290882457
0 0.3554963352587827 0.46790100786268096 0.03903918921211939 0.022715609191583754
0 0.3554963352587827 0.46790100786268096 0.03903918921211939 0.022715609191583754
0 0.39357298525413836 0.6595365977759332 0.07507177759440165 0.0467934592838688
0 0.39357298525413836 0.6595365977759332 0.07507177759440165 0.0467934592838688
0 0.4027344977016929 0.6836750046234785 0.10449916846619481 0.06578329117755644
0 0.4027344977016929 0.6836750046234785 0.10449916846619481 0.06578329117755644