0 0.5208680588490235 0.23060982192873056 0.05358865016215582 0.02718066534054513
0 0.5208680588490235 0.23060982192873056 0.05358865016215582 0.02718066534054513
0 0.5297754545469524 0.21254107459423058 0.02217500892845372 0.017442038669636162
0 0.5297754545469524 0.21254107459423058 0.02217500892845372 0.017442038669636162
0 0.5435964468363146 0.2709621019255489 0.02680796185055314 0.014371582670272609
0 0.5435964468363146 0.2709621019255489 0.02680796185055314 0.014371582670272609
0 0.5645986935899038 0.32070756325591265 0.025190914772652385 0.011228401336727156
0 0.5645986935899038 0.32070756325591265 0.025190914772652385 0.011228401336727156
0 0.5644759626646272 0.32773881325591264 0.025190914772652385 0.011228401336727156
0 0.5644759626646272 0.32773881325591264 0.025190914772652385 0.011228401336727156
0 0.5707575957839497 0.6838433625875491 0.02217500892845372 0.017442038669636162
0 0.5707575957839497 0.6838433625875491 0.02217500892845372 0.017442038669636162
0 0.5763899870176518 0.67440472792014 0.022120461850553143 0.014317038669636161
0 0.5763899870176518 0.67440472792014 0.022120461850553143 0.014317038669636161
0 0.5900667033324317 0.6515939365850038 0.017569329545304768 0.02207499466899989
0 0.5900667033324317 0.6515939365850038 0.017569329545304768 0.02207499466899989
0 0.6681776611224997 0.33824850457514055 0.05723184740221221 0.056904528007636034
0 0.6681776611224997 0.33824850457514055 0.05723184740221221 0.056904528007636034
0 0.6499731319015065 0.30721668057768586 0.028425008928453722 0.017514764003817972