0 0.44064071906200797 0.5245659133473604 0.06422612646343318 0.030362111795565028
0 0.44064071906200797 0.5245659133473604 0.06422612646343318 0.030362111795565028
0 0.445255496189371 0.5119022222403679 0.045430674668035034 0.02189484736759475
0 0.445255496189371 0.5119022222403679 0.045430674668035034 0.02189484736759475
0 0.46852430366555087 0.34777523485423956 0.042278403590796286 0.017098219962933037
0 0.46852430366555087 0.34777523485423956 0.042278403590796286 0.017098219962933037
0 0.49756236387220537 0.3694220563611187 0.037636355386194253 0.024747028855940555
0 0.49756236387220537 0.3694220563611187 0.037636355386194253 0.024747028855940555
0 0.3673021712501895 0.27551334365457975 0.021947722872636976 0.013263891832631991
0 0.3673021712501895 0.27551334365457975 0.021947722872636976 0.013263891832631991
0 0.36926464704969264 0.3442087799522489 0.04073408430895542 0.02016865626060227
0 0.36926464704969264 0.3442087799522489 0.04073408430895542 0.02016865626060227