0 0.43800402668857696 0.6634683762113316 0.06678876291777787 0.05458894703379293
0 0.43800402668857696 0.6634683762113316 0.06678876291777787 0.05458894703379293
0 0.42797441004732695 0.6359989400733019 0.02688980832062491 0.015919930942249395
0 0.42797441004732695 0.6359989400733019 0.02688980832062491 0.015919930942249395
0 0.42237772026781306 0.5972642220042872 0.028525043502986236 0.019154191585911206
0 0.42237772026781306 0.5972642220042872 0.028525043502986236 0.019154191585911206
0 0.4586918542921531 0.3419704346254203 0.05537848423243048 0.03351162252816078
0 0.4586918542921531 0.3419704346254203 0.05537848423243048 0.03351162252816078
0 0.46694011217593784 0.32652575108528076 0.04106141109416654 0.021590776735205087
0 0.46694011217593784 0.32652575108528076 0.04106141109416654 0.021590776735205087
0 0.4688838186729517 0.30917436011978816 0.055305749050069505 0.030386622528160778
0 0.4688838186729517 0.30917436011978816 0.055305749050069505 0.030386622528160778
0 0.40227689371107667 0.27157580715358104 0.030087543502986237 0.01926345222957302
0 0.40227689371107667 0.27157580715358104 0.030087543502986237 0.01926345222957302
0 0.39008601823611133 0.2857311423028749 0.06002961664124999 0.03227690445914586
0 0.39008601823611133 0.2857311423028749 0.06002961664124999 0.03227690445914586
0 0.37457077422003504 0.3251596290613231 0.030087543502986057 0.01926345222957302
0 0.37457077422003504 0.3251596290613231 0.030087543502986057 0.01926345222957302
0 0.37090091356270866 0.3355890306704775 0.02685344072944442 0.014357430942249571
0 0.37090091356270866 0.3355890306704775 0.02685344072944442 0.014357430942249571
0 0.33633111749427136 0.5985860574056826 0.01584320554708336 0.010467606436617417
0 0.33633111749427136 0.5985860574056826 0.01584320554708336 0.010467606436617417
0 0.338130006836945 0.6086330467620209 0.026817073138263935 0.012794930942249571
0 0.338130006836945 0.6086330467620209 0.026817073138263935 0.012794930942249571
0 0.342236278588438 0.6169536451528665 0.022093205547083362 0.010904649011264311
0 0.342236278588438 0.6169536451528665 0.022093205547083362 0.010904649011264311
0 0.3449443577106256 0.6660631345092047 0.03481141109416672 0.021153734160558102
0 0.3449443577106256 0.6660631345092047 0.03481141109416672 0.021153734160558102
0 0.35506489332982694 0.6974388206472344 0.03989895459715278 0.038669016091543364
0 0.35506489332982694 0.6974388206472344 0.03989895459715278 0.038669016091543364
0 0.3514307470532992 0.6757823419345579 0.03790004350298606 0.019809755447881727