0 0.5081354460327866 0.6774939066451842 0.0606121683207995 0.03175713939685174
0 0.5081354460327866 0.6774939066451842 0.0606121683207995 0.03175713939685174
0 0.5376881670824545 0.5145639711598138 0.042915246071058635 0.019315927992499836
0 0.5376881670824545 0.5145639711598138 0.042915246071058635 0.019315927992499836
0 0.5940153655919312 0.16414359759717478 0.06351884449948209 0.027343041470370276
0 0.5940153655919312 0.16414359759717478 0.06351884449948209 0.027343041470370276
0 0.5854237696447072 0.1296612908582396 0.08299659057054072 0.04460845391148131
0 0.5854237696447072 0.1296612908582396 0.08299659057054072 0.04460845391148131
0 0.7043364354843074 0.1534001701703227 0.07732878742738744 0.05656164976444433
0 0.7043364354843074 0.1534001701703227 0.07732878742738744 0.05656164976444433
0 0.7066416441279785 0.18811692276222086 0.023801373035529316 0.009863015551388844
0 0.7066416441279785 0.18811692276222086 0.023801373035529316 0.009863015551388844
0 0.6609437305646899 0.529269603063795 0.03168664764263518 0.012109020735185183
0 0.6609437305646899 0.529269603063795 0.03168664764263518 0.012109020735185183