0 0.4116956425843674 0.6379809776036904 0.0738738520050907 0.04306476099766208
0 0.4116956425843674 0.6379809776036904 0.0738738520050907 0.04306476099766208
0 0.31706439524986746 0.6394115778088274 0.06130112667090888 0.03586756763635783
0 0.31706439524986746 0.6394115778088274 0.06130112667090888 0.03586756763635783
0 0.3789745965945488 0.5604353954451854 0.05181703866963616 0.02578217261537983
0 0.3789745965945488 0.5604353954451854 0.05181703866963616 0.02578217261537983
0 0.4024404632797752 0.42537423382746775 0.06911362667090888 0.03645956348717298
0 0.4024404632797752 0.42537423382746775 0.06911362667090888 0.03645956348717298
0 0.40653816462445647 0.3420172821677938 0.05655908267027261 0.03082487012586892
0 0.40653816462445647 0.3420172821677938 0.05655908267027261 0.03082487012586892
0 0.4146415659611836 0.31760927801860894 0.042532945337363515 0.03288427759440164
0 0.4146415659611836 0.31760927801860894 0.042532945337363515 0.03288427759440164