0 0.20569632218652814 0.4968297254798813 0.04571616431701005 0.06979086829088246
0 0.20569632218652814 0.4968297254798813 0.04571616431701005 0.06979086829088246
0 0.22873108048489793 0.5109027174603168 0.020502676764564676 0.04485142504614252
0 0.22873108048489793 0.5109027174603168 0.020502676764564676 0.04485142504614252
0 0.27374758255949033 0.5119052105204864 0.020147479254075583 0.04016392504614252
0 0.27374758255949033 0.5119052105204864 0.020147479254075583 0.04016392504614252
0 0.3361291833893273 0.5094625285345137 0.04176237012586883 0.05865310919158375
0 0.3361291833893273 0.5094625285345137 0.04176237012586883 0.05865310919158375
0 0.35910474210261556 0.5243167705149491 0.024479781743586494 0.03577681369509058
0 0.35910474210261556 0.5243167705149491 0.024479781743586494 0.03577681369509058
0 0.5901654879534306 0.5017351619416743 0.017022479254075584 0.03996366594684382
0 0.5901654879534306 0.5017351619416743 0.017022479254075584 0.03996366594684382
0 0.6507487130583215 0.45120543337947405 0.050120244400922685 0.10739099784053163
0 0.6507487130583215 0.45120543337947405 0.050120244400922685 0.10739099784053163
0 0.7088455555897886 0.4334882048172739 0.01631208423309758 0.03058866594684382
0 0.7088455555897886 0.4334882048172739 0.01631208423309758 0.03058866594684382