0 0.725200275902026 0.5925922607540457 0.012904191585911207 0.028443248746358663
0 0.725200275902026 0.5925922607540457 0.012904191585911207 0.028443248746358663
0 0.7591053823386431 0.6091720069931219 0.016684755447881727 0.03790917695960409
0 0.7591053823386431 0.6091720069931219 0.016684755447881727 0.03790917695960409
0 0.7691359462006137 0.618819791632858 0.02671531930985207 0.04755696159934022
0 0.7691359462006137 0.618819791632858 0.02671531930985207 0.04755696159934022
0 0.7501677888914762 0.5036577928864994 0.026278276735205174 0.04130696159934022
0 0.7501677888914762 0.5036577928864994 0.026278276735205174 0.04130696159934022
0 0.6308825573288079 0.44794969899642095 0.02805929802252862 0.04447742570596276
0 0.6308825573288079 0.44794969899642095 0.02805929802252862 0.04447742570596276
0 0.32039280758090954 0.5122034494586393 0.021372255447881638 0.038045569279472245
0 0.32039280758090954 0.5122034494586393 0.021372255447881638 0.038045569279472245
0 0.3110560124083726 0.5236266827655919 0.017810212873234654 0.031704641066226814