0 0.2726268953993727 0.5502119148189032 0.028397710772388507 0.04769335391920819
0 0.2726268953993727 0.5502119148189032 0.028397710772388507 0.04769335391920819
0 0.41606327801112586 0.6083008626281898 0.03310339149054773 0.050954746239076344
0 0.41606327801112586 0.6083008626281898 0.03310339149054773 0.050954746239076344
0 0.581116106269957 0.5771598258768827 0.020530668617910842 0.038091033386094965
0 0.581116106269957 0.5771598258768827 0.020530668617910842 0.038091033386094965
0 0.6134109766832659 0.5327793400626477 0.040979524004105095 0.06211956677218957
0 0.6134109766832659 0.5327793400626477 0.040979524004105095 0.06211956677218957
0 0.6252660820694602 0.5096828208623178 0.040997704722264314 0.06524456677218957
0 0.6252660820694602 0.5096828208623178 0.040997704722264314 0.06524456677218957
0 0.7502978983262389 0.5078511993921323 0.033076120413308985 0.04626724623907634
0 0.7502978983262389 0.5078511993921323 0.033076120413308985 0.04626724623907634
0 0.7219547297083281 0.5445328454729241 0.0220658975406721 0.03344899749271768
0 0.7219547297083281 0.5445328454729241 0.0220658975406721 0.03344899749271768
0 0.7172263230924697 0.5514277031530559 0.01893180718159222 0.03179556927947225
0 0.7172263230924697 0.5514277031530559 0.01893180718159222 0.03179556927947225
0 0.6841911092950191 0.5887542069139797 0.028343168617910842 0.038318353919208195
0 0.6841911092950191 0.5887542069139797 0.028343168617910842 0.038318353919208195
0 0.6778683864223822 0.601072350487489 0.022056807181592218 0.031886497492717505
0 0.6778683864223822 0.601072350487489 0.022056807181592218 0.031886497492717505
0 0.32419341969806537 0.6853287123907631 0.03934430113146821 0.049574102665567034