0 0.24134220740081685 0.4115128468595793 0.03343323821317572 0.04778428213245363
0 0.24134220740081685 0.4115128468595793 0.03343323821317572 0.04778428213245363
0 0.2612908343652876 0.4031093134734844 0.02318494292790536 0.02876149749271768
0 0.2612908343652876 0.4031093134734844 0.02318494292790536 0.02876149749271768
0 0.2946106025622527 0.3794528531277854 0.0647945541766104 0.08458560015828454
0 0.2946106025622527 0.3794528531277854 0.0647945541766104 0.08458560015828454
0 0.33587130334804094 0.37512305430228443 0.02220463978475227 0.04121603338609479
0 0.33587130334804094 0.37512305430228443 0.02220463978475227 0.04121603338609479
0 0.43547104300895867 0.36361960147843286 0.03572348428423435 0.06345474623907635
0 0.43547104300895867 0.36361960147843286 0.03572348428423435 0.06345474623907635
0 0.6489107665398259 0.5623740355641729 0.01693494292790554 0.02857964106622681
0 0.6489107665398259 0.5623740355641729 0.01693494292790554 0.02857964106622681