0 0.5113865599140949 0.5874277557959269 0.08472044533736352 0.03706935598499985
0 0.5113865599140949 0.5874277557959269 0.08472044533736352 0.03706935598499985
0 0.6064257925684591 0.6696456420352327 0.029778406667727176 0.01040981969842587
0 0.6064257925684591 0.6696456420352327 0.029778406667727176 0.01040981969842587
0 0.6265752079090042 0.614811879075742 0.02981476933481808 0.013534819698425871
0 0.6265752079090042 0.614811879075742 0.02981476933481808 0.013534819698425871
0 0.6434450819144131 0.5735327681897697 0.02514545066836362 0.014687216588147933
0 0.6434450819144131 0.5735327681897697 0.02514545066836362 0.014687216588147933
0 0.6327070292409588 0.624421324928705 0.022020450668363622 0.014413814514629664
0 0.6327070292409588 0.624421324928705 0.022020450668363622 0.014413814514629664
0 0.623934749960229 0.2380832837411586 0.08323067067154533 0.04318265494824054