0 0.32593508365741475 0.49223779181102606 0.013482146641955416 0.028853042093374626
0 0.32593508365741475 0.49223779181102606 0.013482146641955416 0.028853042093374626
0 0.3639707969969259 0.4874361707219864 0.013809528855940556 0.038228042093374805
0 0.3639707969969259 0.4874361707219864 0.013809528855940556 0.038228042093374805
0 0.7482713859270003 0.46303947035493315 0.015590283665263983 0.04456904735504672
0 0.7482713859270003 0.46303947035493315 0.015590283665263983 0.04456904735504672
0 0.40631700970346485 0.3604788285721419 0.02529266587924912 0.05449007892507769
0 0.40631700970346485 0.3604788285721419 0.02529266587924912 0.05449007892507769
0 0.33342514672677337 0.371826581273565 0.02841766587924912 0.05467208944842135
0 0.33342514672677337 0.371826581273565 0.02841766587924912 0.05467208944842135
0 0.27546880298737564 0.4089933813300347 0.018169646641955417 0.029126057878390378
0 0.27546880298737564 0.4089933813300347 0.018169646641955417 0.029126057878390378
0 0.29515382041057087 0.3922076997317688 0.012083337748947898 0.03344953683170289
0 0.29515382041057087 0.3922076997317688 0.012083337748947898 0.03344953683170289
0 0.3538641322988031 0.35430515230613496 0.022440484390903313 0.062120568401734036