0 0.6136699593014106 0.25309184006264773 0.05192612667090888 0.0327503155185485
0 0.6136699593014106 0.25309184006264773 0.05192612667090888 0.0327503155185485
0 0.5444921506206385 0.3550204014245611 0.023601132001908987 0.01474446159934022
0 0.5444921506206385 0.3550204014245611 0.023601132001908987 0.01474446159934022
0 0.5374694439449571 0.4212447949980703 0.06288180800445442 0.03463106426490725
0 0.5374694439449571 0.4212447949980703 0.06288180800445442 0.03463106426490725
0 0.4873774425923216 0.5620229076927672 0.042460220003181705 0.024665030878812465
0 0.4873774425923216 0.5620229076927672 0.042460220003181705 0.024665030878812465
0 0.5158927939210946 0.5964577436652869 0.05210794000636341 0.04837531551854859
0 0.5158927939210946 0.5964577436652869 0.05210794000636341 0.04837531551854859
0 0.48289848058564006 0.6111279974262105 0.06300907733927233 0.045568564264907255
0 0.48289848058564006 0.6111279974262105 0.06300907733927233 0.045568564264907255
0 0.4653013532384135 0.7129943743066723 0.04091590133672707 0.02618206677218975
0 0.4653013532384135 0.7129943743066723 0.04091590133672707 0.02618206677218975
0 0.4323888559039135 0.720633378067596 0.06135567067154533 0.037710600158284535
0 0.4323888559039135 0.720633378067596 0.06135567067154533 0.037710600158284535
0 0.32335021057450425 0.6885446406040083 0.034611357336090796 0.021312710345699058
0 0.32335021057450425 0.6885446406040083 0.034611357336090796 0.021312710345699058
0 0.36002460192554886 0.5590988330030188 0.03144999466899989 0.018096782132453627
0 0.36002460192554886 0.5590988330030188 0.03144999466899989 0.018096782132453627
0 0.3655751679265034 0.5522267073761981 0.05187158267027261 0.02806281551854859
0 0.3655751679265034 0.5522267073761981 0.05187158267027261 0.02806281551854859
0 0.4192194306174568 0.3748207728947466 0.0377363573360908 0.021403638558944317
0 0.4192194306174568 0.3748207728947466 0.0377363573360908 0.021403638558944317
0 0.42601487062382015 0.3281276293212373 0.02988749466899989 0.01805131802583091
0 0.42601487062382015 0.3281276293212373 0.02988749466899989 0.01805131802583091
0 0.4793767753023651 0.24215067689309713 0.04885567067154532 0.03734688730530315