0 0.4305758736547018 0.3102754184615707 0.08579625889134021 0.0752101340614301
0 0.4305758736547018 0.3102754184615707 0.08579625889134021 0.0752101340614301
0 0.4336495237785363 0.35959933482064077 0.05865156203449331 0.0591344778530468
0 0.4336495237785363 0.35959933482064077 0.05865156203449331 0.0591344778530468
0 0.48090766749223 0.3908041500057763 0.055162688998963996 0.05090131241676641
0 0.48090766749223 0.3908041500057763 0.055162688998963996 0.05090131241676641
0 0.45489743920385173 0.4990974956429725 0.06795378742738745 0.05883397416188796
0 0.45489743920385173 0.4990974956429725 0.06795378742738745 0.05883397416188796
0 0.4667275051672865 0.5364021583108838 0.06282963978475227 0.048827976007467376
0 0.4667275051672865 0.5364021583108838 0.06282963978475227 0.048827976007467376
0 0.5691312212545558 0.6348093695537157 0.0465496683207995 0.03266214882606562
0 0.5691312212545558 0.6348093695537157 0.0465496683207995 0.03266214882606562
0 0.546877385646414 0.6737367124225427 0.05948631596343468 0.04371981057118699
0 0.546877385646414 0.6737367124225427 0.05948631596343468 0.04371981057118699
0 0.5457344166636606 0.6992024633453324 0.059413541356328994 0.04215731057118699
0 0.5457344166636606 0.6992024633453324 0.059413541356328994 0.04215731057118699
0 0.42805891914485983 0.722955760407608 0.04364299214211727 0.03692898338978523
0 0.42805891914485983 0.722955760407608 0.04364299214211727 0.03692898338978523
0 0.45778065239563687 0.6943499147704119 0.02096747146395277 0.016796825335822517
0 0.45778065239563687 0.6943499147704119 0.02096747146395277 0.016796825335822517
0 0.4442981951997078 0.6715735030252903 0.02260274607105863 0.018569658053962712
0 0.4442981951997078 0.6715735030252903 0.02260274607105863 0.018569658053962712
0 0.36830496773989907 0.47346669614526216 0.02252997146395268 0.01700715805396271
0 0.36830496773989907 0.47346669614526216 0.02252997146395268 0.01700715805396271
0 0.3593837320079227 0.46527861619549105 0.020894696856846907 0.015234325335822519
0 0.3593837320079227 0.46527861619549105 0.020894696856846907 0.015234325335822519