0 0.3782634600164946 0.602045250037181 0.015380959092057722 0.04588550296574958
0 0.3782634600164946 0.602045250037181 0.015380959092057722 0.04588550296574958
0 0.35071042451882867 0.446833826615196 0.03619356426490725 0.06390067391627667
0 0.35071042451882867 0.446833826615196 0.03619356426490725 0.06390067391627667
0 0.451295446226441 0.4845659313678315 0.017307171945039102 0.05844916996194396
0 0.451295446226441 0.4845659313678315 0.017307171945039102 0.05844916996194396
0 0.554503014252272 0.459048619618564 0.01735263605166182 0.06001166996194378
0 0.554503014252272 0.459048619618564 0.01735263605166182 0.06001166996194378
0 0.7015060463847256 0.43375148376273975 0.033568669437756785 0.08096083992388774
0 0.7015060463847256 0.43375148376273975 0.033568669437756785 0.08096083992388774
0 0.7168151461472988 0.5258899042189753 0.04446070533113407 0.07984400889724856
0 0.7168151461472988 0.5258899042189753 0.04446070533113407 0.07984400889724856
0 0.6612949203621936 0.5791621428502687 0.06026756175762475 0.08673067885919253
0 0.6612949203621936 0.5791621428502687 0.06026756175762475 0.08673067885919253
0 0.5900647780423255 0.5809527945234239 0.010420674452321598 0.03631950197716627