0 0.3666760741786651 0.5580260204650722 0.023116127390180985 0.044814533016686656
0 0.3666760741786651 0.5580260204650722 0.023116127390180985 0.044814533016686656
0 0.3528941764304185 0.5495174796464694 0.011577850092285047 0.034866322930778536
0 0.3528941764304185 0.5495174796464694 0.011577850092285047 0.034866322930778536
0 0.4146524992248076 0.5776701351189648 0.021553627390180984 0.04473264586155708
0 0.4146524992248076 0.5776701351189648 0.021553627390180984 0.04473264586155708
0 0.6823208605758596 0.5870262822237173 0.014702850092285048 0.03503009724103805
0 0.6823208605758596 0.5870262822237173 0.014702850092285048 0.03503009724103805
0 0.7310191764304185 0.5693341711878693 0.00881379549649317 0.01603443577564878
0 0.7310191764304185 0.5693341711878693 0.00881379549649317 0.01603443577564878
0 0.6902835549003337 0.5897794679993661 0.005688795496493171 0.01587066146538909
0 0.6902835549003337 0.5897794679993661 0.005688795496493171 0.01587066146538909
0 0.7594655490402376 0.5272219142904644 0.03475453423772627 0.056325243102595124
0 0.7594655490402376 0.5272219142904644 0.03475453423772627 0.056325243102595124
0 0.7598136073366571 0.6541562285148157 0.05500647748246603 0.0807453889641522
0 0.7598136073366571 0.6541562285148157 0.05500647748246603 0.0807453889641522
0 0.724146217607975 0.6686381303692664 0.009014054595791876 0.01915943577564878
0 0.724146217607975 0.6686381303692664 0.009014054595791876 0.01915943577564878
0 0.720540356256923 0.6731209124814421 0.007151165946843818 0.014390048620519024
0 0.720540356256923 0.6731209124814421 0.007151165946843818 0.014390048620519024
0 0.700678439230345 0.6790876294647553 0.015364184145441228 0.021049484396167627
0 0.700678439230345 0.6790876294647553 0.015364184145441228 0.021049484396167627
0 0.6760987438261369 0.6964864914051144 0.017126943244739935 0.024256371551297562
0 0.6760987438261369 0.6964864914051144 0.017126943244739935 0.024256371551297562
0 0.4229236790513122 0.6824395222740945 0.019991127390180986 0.04465075870642732
0 0.4229236790513122 0.6824395222740945 0.019991127390180986 0.04465075870642732
0 0.38733663247508476 0.6860248677061103 0.04901729333702489 0.06018722749876275
0 0.38733663247508476 0.6860248677061103 0.04901729333702489 0.06018722749876275
0 0.3674351426541176 0.6670734718445532 0.014202202344038461 0.02721759724103805
0 0.3674351426541176 0.6670734718445532 0.014202202344038461 0.02721759724103805
0 0.5848846560723528 0.5974923914505429 0.012239184145441229 0.020885710085908293
0 0.5848846560723528 0.5974923914505429 0.012239184145441229 0.020885710085908293