0 0.509262412273199 0.21073901969701722 0.025054542154477843 0.01126938672260831
0 0.509262412273199 0.21073901969701722 0.025054542154477843 0.01126938672260831
0 0.49316679712444744 0.6684098097389735 0.03759999394987581 0.020029080083912555
0 0.49316679712444744 0.6684098097389735 0.03759999394987581 0.020029080083912555
0 0.506507134458465 0.6775596667925878 0.048573855386194256 0.027107874275053588
0 0.506507134458465 0.6775596667925878 0.048573855386194256 0.027107874275053588
0 0.39870372481754457 0.6872917095338364 0.018813632513557367 0.012358290041956366
0 0.39870372481754457 0.6872917095338364 0.018813632513557367 0.012358290041956366
0 0.39006906820168624 0.680911654969733 0.023492042154477664 0.011150987552445457
0 0.39006906820168624 0.680911654969733 0.023492042154477664 0.011150987552445457
0 0.31043104429577706 0.5611095630629658 0.04698408430895542 0.02230197510489056
0 0.31043104429577706 0.5611095630629658 0.04698408430895542 0.02230197510489056
0 0.4419431020665446 0.19317393401402722 0.06739657825883114 0.04102866431701004