0 0.7065184423661103 0.440625 0.07087842799249984 0.0421875
0 0.7065184423661103 0.440625 0.07087842799249984 0.0421875
0 0.7004242672483324 0.478125 0.042538814514629666 0.021875
0 0.7004242672483324 0.478125 0.042538814514629666 0.021875
0 0.662677425354119 0.71640625 0.031327912441111036 0.01875
0 0.662677425354119 0.71640625 0.031327912441111036 0.01875
0 0.6379016007547207 0.7546875 0.054569922808703805 0.034375
0 0.6379016007547207 0.7546875 0.054569922808703805 0.034375
0 0.6615250284643968 0.72109375 0.01814440725731483 0.0109375
0 0.6615250284643968 0.72109375 0.01814440725731483 0.0109375
0 0.567081961357869 0.6953125 0.06435502591898157 0.0390625
0 0.567081961357869 0.6953125 0.06435502591898157 0.0390625
0 0.5661052217254616 0.7109375 0.02820291244111104 0.01875