0 0.6752809906759449 0.4845678383159761 0.008499584233097402 0.029723861436318444
0 0.6752809906759449 0.4845678383159761 0.008499584233097402 0.029723861436318444
0 0.7142609803029828 0.5038809196980653 0.014275987552445458 0.023510222872636887
0 0.7142609803029828 0.5038809196980653 0.014275987552445458 0.023510222872636887
0 0.683330289016271 0.48764738652057804 0.010062084233097401 0.029732951795398144
0 0.683330289016271 0.48764738652057804 0.010062084233097401 0.029732951795398144
0 0.6958526771887719 0.4156678473911624 0.014039189212119395 0.020385222872636888
0 0.6958526771887719 0.4156678473911624 0.014039189212119395 0.020385222872636888
0 0.6877441792633643 0.4118070491865605 0.012713487552445456 0.023501132513557364
0 0.6877441792633643 0.4118070491865605 0.012713487552445456 0.023501132513557364
0 0.3416271184754837 0.43414215408177553 0.014749584233097402 0.02976022287263689
0 0.3416271184754837 0.43414215408177553 0.014749584233097402 0.02976022287263689
0 0.2944444651561358 0.4406694100337038 0.014134277594401645 0.04225113251355737
0 0.2944444651561358 0.4406694100337038 0.014134277594401645 0.04225113251355737