0 0.5337397637658023 0.7381105166205908 0.019195668973360825 0.011373911094166722
0 0.5337397637658023 0.7381105166205908 0.019195668973360825 0.011373911094166722
0 0.5237081891649538 0.6964315096867366 0.0255093359695552 0.013081881458888844
0 0.5237081891649538 0.6964315096867366 0.0255093359695552 0.013081881458888844
0 0.5138702741459257 0.688382620344063 0.027262836958138338 0.017805749050069507
0 0.5138702741459257 0.688382620344063 0.027262836958138338 0.017805749050069507
0 0.4414155898867068 0.37468183662472254 0.04301517095052709 0.02129442496187508
0 0.4414155898867068 0.37468183662472254 0.04301517095052709 0.02129442496187508
0 0.41703501380298336 0.3397067713702434 0.04626750494291585 0.024492160144236143
0 0.41703501380298336 0.3397067713702434 0.04626750494291585 0.024492160144236143
0 0.4251313566926207 0.29453974173496567 0.05608817391627667 0.0356478656913195
0 0.4251313566926207 0.29453974173496567 0.05608817391627667 0.0356478656913195
0 0.360525028631731 0.26801230290538225 0.027262836958138338 0.017805749050069507
0 0.360525028631731 0.26801230290538225 0.027262836958138338 0.017805749050069507
0 0.3465090192030098 0.7079469718833337 0.04138900395433272 0.019695557370694415
0 0.3465090192030098 0.7079469718833337 0.04138900395433272 0.019695557370694415
0 0.3388729327391631 0.7226270677230211 0.038327670950527096 0.021185322188333446
0 0.3388729327391631 0.7226270677230211 0.038327670950527096 0.021185322188333446
0 0.5029579959713052 0.8218490837749309 0.059595175893442945 0.045095600873680655