0 0.42604638399829325 0.7033542098820161 0.03034247146395259 0.015445217535011223
0 0.42604638399829325 0.7033542098820161 0.03034247146395259 0.015445217535011223
0 0.38557135711487583 0.3452291867226524 0.025582196856846907 0.013664393713693723
0 0.38557135711487583 0.3452291867226524 0.025582196856846907 0.013664393713693723
0 0.44415014454226326 0.2978490725784633 0.03666524607105863 0.017298815963434678
0 0.44415014454226326 0.2978490725784633 0.03666524607105863 0.017298815963434678
0 0.3622473271310865 0.27446076840185285 0.06937073821317571 0.05000430810555194
0 0.3622473271310865 0.27446076840185285 0.06937073821317571 0.05000430810555194
0 0.2973221863128769 0.40766922063538324 0.02899829528527027 0.02005994292790536
0 0.2973221863128769 0.40766922063538324 0.02899829528527027 0.02005994292790536
0 0.29210599338497145 0.43561228411761854 0.025582196856846907 0.013664393713693813
0 0.29210599338497145 0.43561228411761854 0.025582196856846907 0.013664393713693813
0 0.28720016956365385 0.44008146029630096 0.022311647642635178 0.010393844499482085
0 0.28720016956365385 0.44008146029630096 0.022311647642635178 0.010393844499482085
0 0.3152737038906694 0.6778383254739474 0.07562073821317572 0.05029540653397539
0 0.3152737038906694 0.6778383254739474 0.07562073821317572 0.05029540653397539
0 0.3464123879272346 0.7153040922231704 0.03190497146395277 0.015517992142117087
0 0.3464123879272346 0.7153040922231704 0.03190497146395277 0.015517992142117087