0 0.29921875 0.4005749874129865 0.015625 0.03565045757634522
0 0.29921875 0.4005749874129865 0.015625 0.03565045757634522
0 0.2640625 0.36281976695976353 0.0140625 0.03239791181871077
0 0.2640625 0.36281976695976353 0.0140625 0.03239791181871077
0 0.3796875 0.4447876308948079 0.025 0.045790732122152636
0 0.3796875 0.4447876308948079 0.025 0.045790732122152636
0 0.5765625 0.4701231154328564 0.01875 0.051530549091614475
0 0.5765625 0.4701231154328564 0.01875 0.051530549091614475
0 0.6296875 0.44625530967328225 0.028125 0.030420823637421535
0 0.6296875 0.44625530967328225 0.028125 0.030420823637421535
0 0.76015625 0.4434177389107985 0.0515625 0.06045901000193972
0 0.76015625 0.4434177389107985 0.0515625 0.06045901000193972
0 0.61015625 0.5494121316437139 0.0140625 0.04802291181871077
0 0.61015625 0.5494121316437139 0.0140625 0.04802291181871077
0 0.39453125 0.5849821961972799 0.025 0.06297823212215263
0 0.39453125 0.5849821961972799 0.025 0.06297823212215263
0 0.3859375 0.5497461978642698 0.0328125 0.08236596091032525
0 0.3859375 0.5497461978642698 0.0328125 0.08236596091032525
0 0.34765625 0.5138085689263159 0.01875 0.04215554909161447
0 0.34765625 0.5138085689263159 0.01875 0.04215554909161447
0 0.2859375 0.49228412635288005 0.0203125 0.039158094849248926
0 0.2859375 0.49228412635288005 0.0203125 0.039158094849248926