0 0.43564281307678165 0.2222076055165918 0.08032785009228505 0.03573867694751698
0 0.43564281307678165 0.2222076055165918 0.08032785009228505 0.03573867694751698
0 0.3410009415466968 0.24318653287114592 0.051942034237726274 0.055532979707460586
0 0.3410009415466968 0.24318653287114592 0.051942034237726274 0.055532979707460586
0 0.3374241610095984 0.29697005194586934 0.02972707279438911 0.025490923701106106
0 0.3374241610095984 0.29697005194586934 0.02972707279438911 0.025490923701106106
0 0.4203658713732013 0.3491422524323367 0.025700906847545113 0.011373876623205437
0 0.4203658713732013 0.3491422524323367 0.025700906847545113 0.011373876623205437
0 0.33899475786268096 0.3945444813290183 0.027463665946843817 0.014526150162155815
0 0.33899475786268096 0.3945444813290183 0.027463665946843817 0.014526150162155815
0 0.47332419724990943 0.6762638599808186 0.056489831893687815 0.029079573863261744
0 0.47332419724990943 0.6762638599808186 0.056489831893687815 0.029079573863261744
0 0.3964706030177205 0.7069177962638264 0.01945090684754529 0.01126478246740401
0 0.3964706030177205 0.7069177962638264 0.01945090684754529 0.01126478246740401
0 0.46459074490587093 0.6495786290555421 0.033613536397194464 0.013072744317957153
0 0.46459074490587093 0.6495786290555421 0.033613536397194464 0.013072744317957153
0 0.3905617620247341 0.6755996124164506 0.014463018198597234 0.006495461850553141
0 0.3905617620247341 0.6755996124164506 0.014463018198597234 0.006495461850553141
0 0.4115541849114083 0.7352746213449043 0.019350777297895937 0.009702282467404188