0 0.47328399907714935 0.3033179948298523 0.04465116594684382 0.01763378121376693
0 0.47328399907714935 0.3033179948298523 0.04465116594684382 0.01763378121376693
0 0.5072294000645984 0.35572564664662343 0.06752746144333699 0.035044421820650484
0 0.5072294000645984 0.35572564664662343 0.06752746144333699 0.035044421820650484
0 0.5185278454688065 0.3734552805855472 0.04455103639719447 0.01607128121376693
0 0.5185278454688065 0.3734552805855472 0.04455103639719447 0.01607128121376693
0 0.5358259669988914 0.3945809814939327 0.03723918414544123 0.02324605242559432
0 0.5358259669988914 0.3945809814939327 0.03723918414544123 0.02324605242559432
0 0.4952953948228112 0.6147180093737198 0.05120155459579188 0.022831464244305266
0 0.4952953948228112 0.6147180093737198 0.05120155459579188 0.022831464244305266
0 0.4846384970745645 0.6233595567983443 0.03860142504614252 0.02024859818322895
0 0.4846384970745645 0.6233595567983443 0.03860142504614252 0.02024859818322895
0 0.48376760950535075 0.6490770339195271 0.05120155459579188 0.02283146424430509
0 0.48376760950535075 0.6490770339195271 0.05120155459579188 0.02283146424430509
0 0.4259260286913971 0.7027598854367358 0.03497577729789594 0.012181006667959692
0 0.4259260286913971 0.7027598854367358 0.03497577729789594 0.012181006667959692
0 0.5749550115725339 0.7177954698250032 0.02473918414544123 0.02222568636451818
0 0.5749550115725339 0.7177954698250032 0.02473918414544123 0.02222568636451818
0 0.6020472401347343 0.6588510334604851 0.05749112739018116 0.04821410151720862
0 0.6020472401347343 0.6588510334604851 0.05749112739018116 0.04821410151720862
0 0.6519411227667026 0.35323889118661167 0.09402940468807693 0.060522653942803026
0 0.6519411227667026 0.35323889118661167 0.09402940468807693 0.060522653942803026
0 0.6270901195275 0.29231723770285056 0.027463665946843817 0.016230777879787085