0 0.5114255467331109 0.4108642157808357 0.08637759099298634 0.03764355518880329
0 0.5114255467331109 0.4108642157808357 0.08637759099298634 0.03764355518880329
0 0.622682024215577 0.34079035935192137 0.030188147748246585 0.010062084233097401
0 0.622682024215577 0.34079035935192137 0.030188147748246585 0.010062084233097401
0 0.6316774899778507 0.39642505271322553 0.030388406847545114 0.013187084233097491
0 0.6316774899778507 0.39642505271322553 0.030388406847545114 0.013187084233097491
0 0.6399615569121437 0.43866009690436664 0.025801036397194464 0.014394386722608487
0 0.6399615569121437 0.43866009690436664 0.025801036397194464 0.014394386722608487
0 0.6400407025009219 0.3884232985640407 0.022676036397194465 0.014157588382282338
0 0.6400407025009219 0.3884232985640407 0.022676036397194465 0.014157588382282338
0 0.5553527128368383 0.7666774305127643 0.08521560919158375 0.04377515601864026