0 0.6263756657433401 0.3220997342846261 0.03018760517284953 0.01874335594746528
0 0.6263756657433401 0.3220997342846261 0.03018760517284953 0.01874335594746528
0 0.6536428593959915 0.29648890264742034 0.039698997492717505 0.023922178878243727
0 0.6536428593959915 0.29648890264742034 0.039698997492717505 0.023922178878243727
0 0.666301983769171 0.2903650554063823 0.050954746239076344 0.03543288896415202
0 0.666301983769171 0.2903650554063823 0.050954746239076344 0.03543288896415202
0 0.5563192300082472 0.26336654342059473 0.044659282132453626 0.033542840343632994
0 0.5563192300082472 0.26336654342059473 0.044659282132453626 0.033542840343632994
0 0.46236699003737713 0.3556569419956852 0.04787521034569906 0.03683161465389251
0 0.46236699003737713 0.3556569419956852 0.04787521034569906 0.03683161465389251
0 0.40304684817972747 0.6785898309598373 0.03983538981258565 0.028609678878243727
0 0.40304684817972747 0.6785898309598373 0.03983538981258565 0.028609678878243727
0 0.4096689212201234 0.6922838387617534 0.0334489974927175 0.0235946302577247