0 0.26463543334499784 0.4455458309827657 0.04498884783255317 0.07368101155073462
0 0.26463543334499784 0.4455458309827657 0.04498884783255317 0.07368101155073462
0 0.2890624303792483 0.4285612500638118 0.02053267589344294 0.04594156068921542
0 0.2890624303792483 0.4285612500638118 0.02053267589344294 0.04594156068921542
0 0.3350606798849567 0.42082991336949077 0.02034167490485981 0.04125406068921542
0 0.3350606798849567 0.42082991336949077 0.02034167490485981 0.04125406068921542
0 0.39684309688115105 0.41517852610082356 0.04141817885919252 0.062378251435865194
0 0.39684309688115105 0.41517852610082356 0.04141817885919252 0.062378251435865194
0 0.4212382604173044 0.39741269518186967 0.02490184091247105 0.03867695086151919
0 0.4212382604173044 0.39741269518186967 0.02490184091247105 0.03867695086151919
0 0.6525346813678314 0.39078726171026423 0.017216674904859806 0.040888800574346185
0 0.6525346813678314 0.39078726171026423 0.017216674904859806 0.040888800574346185
0 0.7084464417479548 0.4337052747287701 0.05114068874502422 0.11016640172303838
0 0.7084464417479548 0.4337052747287701 0.05114068874502422 0.11016640172303838
0 0.7653967787060931 0.44431809266112393 0.01683467292769336 0.03151380057434601
0 0.7653967787060931 0.44431809266112393 0.01683467292769336 0.03151380057434601