0 0.5190351064138066 0.32832463829052827 0.03910207279438911 0.029162122489011465
0 0.5190351064138066 0.32832463829052827 0.03910207279438911 0.029162122489011465
0 0.5696148997508315 0.39133979140179254 0.05799177513842757 0.05763226196314166
0 0.5696148997508315 0.39133979140179254 0.05799177513842757 0.05763226196314166
0 0.5719679441675904 0.4280585414017926 0.06334060919158375 0.04426344904464372
0 0.5719679441675904 0.4280585414017926 0.06334060919158375 0.04426344904464372
0 0.5909949537283145 0.6039256502536701 0.04192668414544123 0.024821466029762363
0 0.5909949537283145 0.6039256502536701 0.04192668414544123 0.024821466029762363
0 0.5818295072443721 0.6424687369758539 0.048376943244739755 0.028640153111264333
0 0.5818295072443721 0.6424687369758539 0.048376943244739755 0.028640153111264333
0 0.5408120858988574 0.7286723338645895 0.07271560919158375 0.04530397966689641
0 0.5408120858988574 0.7286723338645895 0.07271560919158375 0.04530397966689641
0 0.4979527598652657 0.7619243525237007 0.024338665946843818 0.016663826555632255
0 0.4979527598652657 0.7619243525237007 0.024338665946843818 0.016663826555632255
0 0.6492253631967534 0.7500134360204974 0.016426036397194466 0.014234217703754836
0 0.6492253631967534 0.7500134360204974 0.016426036397194466 0.014234217703754836
0 0.6557559654485068 0.7429813339871872 0.01476340684754529 0.01249829593337921
0 0.6557559654485068 0.7429813339871872 0.01476340684754529 0.01249829593337921