0 0.42413180489461855 0.36879692597379465 0.036088689420186525 0.05777826674922295
0 0.42413180489461855 0.36879692597379465 0.036088689420186525 0.05777826674922295
0 0.49656127076433876 0.28081958292205467 0.023042657850155378 0.04782106989237622
0 0.49656127076433876 0.28081958292205467 0.023042657850155378 0.04782106989237622
0 0.5065347812170953 0.3579086217971842 0.014411110495108837 0.03339469685684691
0 0.5065347812170953 0.3579086217971842 0.014411110495108837 0.03339469685684691
0 0.7454607733245874 0.344430356909988 0.028003173635170953 0.052726893713693726
0 0.7454607733245874 0.344430356909988 0.028003173635170953 0.052726893713693726
0 0.7202339891943076 0.2610014268023642 0.019462631541796328 0.039863020678164496
0 0.7202339891943076 0.2610014268023642 0.019462631541796328 0.039863020678164496
0 0.7586055154320797 0.3414680227495882 0.02562162628012441 0.03859161910658786