0 0.41680067503455975 0.5583150371815286 0.019895837748947896 0.03445291244111104
0 0.41680067503455975 0.5583150371815286 0.019895837748947896 0.03445291244111104
0 0.6255357795737307 0.43191119618226975 0.043988102176918176 0.05525342799249984
0 0.6255357795737307 0.43191119618226975 0.043988102176918176 0.05525342799249984
0 0.7510516455456471 0.3684263116863903 0.01671627404661713 0.03261701036759259
0 0.7510516455456471 0.3684263116863903 0.01671627404661713 0.03261701036759259
0 0.46752241604888506 0.6643702560787508 0.01822421034428636 0.031191211404351903
0 0.46752241604888506 0.6643702560787508 0.01822421034428636 0.031191211404351903
0 0.31807548755576426 0.6484506045708802 0.02140377404661713 0.03302711347787035
0 0.31807548755576426 0.6484506045708802 0.02140377404661713 0.03302711347787035
0 0.326778364960426 0.6508237488687043 0.016498019237293705 0.02636701036759259
0 0.326778364960426 0.6508237488687043 0.016498019237293705 0.02636701036759259