0 0.4880604302762864 0.7268272052646271 0.10015923879011232 0.062148310503983596
0 0.4880604302762864 0.7268272052646271 0.10015923879011232 0.062148310503983596
0 0.44131271815801315 0.6471564256394559 0.08376896424430527 0.05231866943775678
0 0.44131271815801315 0.6471564256394559 0.08376896424430527 0.05231866943775678
0 0.4248267198250032 0.6380625704666064 0.031345594849248926 0.02117631802583091
0 0.4248267198250032 0.6380625704666064 0.031345594849248926 0.02117631802583091
0 0.3753040493814785 0.3429570074553404 0.03278054909161447 0.019659282132453625
0 0.3753040493814785 0.3429570074553404 0.03278054909161447 0.019659282132453625
0 0.2639361146839504 0.3545955379384414 0.08647937606301595 0.06642663354437942
0 0.2639361146839504 0.3545955379384414 0.08647937606301595 0.06642663354437942
0 0.2545452681677115 0.38329719945863927 0.051371052425594324 0.03734688730530307
0 0.2545452681677115 0.38329719945863927 0.051371052425594324 0.03734688730530307
0 0.3644157651235957 0.7545537370013693 0.10612219636645763 0.07790970282385157
0 0.3644157651235957 0.7545537370013693 0.10612219636645763 0.07790970282385157