0 0.42108094155691234 0.5403878211318643 0.0519867052052021 0.06545933485851699
0 0.42108094155691234 0.5403878211318643 0.0519867052052021 0.06545933485851699
0 0.45164069681858415 0.5391059411402165 0.042065673635170955 0.05520914101493304
0 0.45164069681858415 0.5391059411402165 0.042065673635170955 0.05520914101493304
0 0.49537601529090536 0.4808237219222969 0.05133425782192056 0.08093846921791972
0 0.49537601529090536 0.4808237219222969 0.05133425782192056 0.08093846921791972
0 0.5291293890107809 0.43996881218855843 0.020843121018452492 0.03768788768716789
0 0.5291293890107809 0.43996881218855843 0.020843121018452492 0.03768788768716789
0 0.5751559786003767 0.3131343804082495 0.0488617052052021 0.06516760357732228
0 0.5751559786003767 0.3131343804082495 0.0488617052052021 0.06516760357732228
0 0.30103448109003833 0.4887548113563647 0.061907736775233244 0.07570952870210093
0 0.30103448109003833 0.4887548113563647 0.061907736775233244 0.07570952870210093
0 0.2896566363093579 0.5361613521217405 0.02360409997176518 0.03172961896836242