0 0.5134849728646653 0.7522519363083676 0.06364642017181658 0.024785984284234175
0 0.5134849728646653 0.7522519363083676 0.06364642017181658 0.024785984284234175
0 0.5378199095448253 0.7212759181114026 0.06570024310259512 0.03423375889134021
0 0.5378199095448253 0.7212759181114026 0.06570024310259512 0.03423375889134021
0 0.6285732208285004 0.37934743734182497 0.04004514586155707 0.020569365177646404
0 0.6285732208285004 0.37934743734182497 0.04004514586155707 0.020569365177646404
0 0.6228831428093393 0.3085982896991898 0.04456887155129756 0.017662688998963994
0 0.6228831428093393 0.3085982896991898 0.04456887155129756 0.017662688998963994
0 0.8261984933297377 0.43397508705137466 0.043006371551297565 0.01758991439185813
0 0.8261984933297377 0.43397508705137466 0.043006371551297565 0.01758991439185813
0 0.764942331525664 0.6613701869275401 0.04136198439616763 0.015954639784752266
0 0.764942331525664 0.6613701869275401 0.04136198439616763 0.015954639784752266
0 0.6788609893730089 0.7497734073580357 0.041607645861557074 0.020642139784752267