0 0.2596760838085392 0.5479688256265526 0.036224284547746954 0.0611193071815924
0 0.2596760838085392 0.5479688256265526 0.036224284547746954 0.0611193071815924
0 0.4798614248647663 0.43022629284184877 0.029081464244305088 0.05014544574527378
0 0.4798614248647663 0.43022629284184877 0.029081464244305088 0.05014544574527378
0 0.500189900318959 0.4207285729942739 0.03271664727484325 0.056413626463433175
0 0.500189900318959 0.4207285729942739 0.03271664727484325 0.056413626463433175
0 0.513742217288421 0.4143967597625574 0.018431006667959694 0.03446590359079611
0 0.513742217288421 0.4143967597625574 0.018431006667959694 0.03446590359079611
0 0.6340547172884209 0.4136968021134268 0.018558552425594323 0.03602840359079611
0 0.6340547172884209 0.4136968021134268 0.018558552425594323 0.03602840359079611
0 0.6443385130460555 0.41520021477940927 0.014668277879787084 0.026635222872636886
0 0.6443385130460555 0.41520021477940927 0.014668277879787084 0.026635222872636886
0 0.7003816057692726 0.30701046487760514 0.02713632697140156 0.045448855386194253
0 0.7003816057692726 0.30701046487760514 0.02713632697140156 0.045448855386194253
0 0.6130729244057244 0.30986327498606375 0.01699605242559432 0.03601931323171659
0 0.6130729244057244 0.30986327498606375 0.01699605242559432 0.03601931323171659