0 0.5521918912727786 0.5484375 0.04469719336130425 0.0125
0 0.5521918912727786 0.5484375 0.04469719336130425 0.0125
0 0.5543473097389735 0.4890625 0.03676629419114121 0.0109375
0 0.5543473097389735 0.4890625 0.03676629419114121 0.0109375
0 0.530995087958075 0.35390625 0.030634693361304245 0.0125
0 0.530995087958075 0.35390625 0.030634693361304245 0.0125
0 0.532865241277423 0.36015625 0.021022895020978184 0.009375
0 0.532865241277423 0.36015625 0.021022895020978184 0.009375
0 0.5906436977109817 0.278125 0.057529080083912554 0.0375
0 0.5906436977109817 0.278125 0.057529080083912554 0.0375
0 0.6296577309044608 0.340625 0.016453794191141215 0.0109375
0 0.6296577309044608 0.340625 0.016453794191141215 0.0109375
0 0.6397188925221784 0.3625 0.04708848755244528 0.0234375
0 0.6397188925221784 0.3625 0.04708848755244528 0.0234375
0 0.535841150396341 0.75390625 0.016690592531467274 0.0140625