0 0.23629264102760655 0.38336429054360943 0.019079639784752266 0.04253263947413029
0 0.23629264102760655 0.38336429054360943 0.019079639784752266 0.04253263947413029
0 0.2539167886702417 0.3720816510694792 0.0411387303552929 0.08228712248901146
0 0.2539167886702417 0.3720816510694792 0.0411387303552929 0.08228712248901146
0 0.2878016370986652 0.3621030830064064 0.01112159057054054 0.038540530622252864
0 0.2878016370986652 0.3621030830064064 0.01112159057054054 0.038540530622252864
0 0.6613611075291606 0.4014717254607286 0.032380160462916766 0.06110751363713405
0 0.6613611075291606 0.4014717254607286 0.032380160462916766 0.06110751363713405
0 0.6803465479758666 0.4110227033310352 0.0343065334984459 0.0690934354075095
0 0.6803465479758666 0.4110227033310352 0.0343065334984459 0.0690934354075095
0 0.6854043831697237 0.3024289533310352 0.017226041356328815 0.03610921770375484
0 0.6854043831697237 0.3024289533310352 0.017226041356328815 0.03610921770375484