0 0.6542275051672866 0.4434391457500153 0.03346747146395277 0.0157821302577247
0 0.6542275051672866 0.4434391457500153 0.03346747146395277 0.0157821302577247
0 0.6523931774170275 0.45449947648271005 0.03190497146395259 0.015700243102595123
0 0.6523931774170275 0.45449947648271005 0.03190497146395259 0.015700243102595123
0 0.7093516528099217 0.44994809532047403 0.03175942224974086 0.012575243102595123
0 0.7093516528099217 0.44994809532047403 0.03175942224974086 0.012575243102595123
0 0.7172561980951919 0.4683296031223902 0.053309090570540715 0.040202276119281774
0 0.7172561980951919 0.4683296031223902 0.053309090570540715 0.040202276119281774
0 0.7510983128585537 0.6568631586403141 0.04535104135632899 0.03666784034363317
0 0.7510983128585537 0.6568631586403141 0.04535104135632899 0.03666784034363317
0 0.6999553438758003 0.6853876283371608 0.04015411910658777 0.025484678878243728
0 0.6999553438758003 0.6853876283371608 0.04015411910658777 0.025484678878243728
0 0.7006830899468588 0.7010126283371608 0.04782106989237622 0.022769114653892687
0 0.7006830899468588 0.7010126283371608 0.04782106989237622 0.022769114653892687
0 0.7542618542148825 0.6911562714851843 0.05850601282028158 0.05138543758467122
0 0.7542618542148825 0.6911562714851843 0.05850601282028158 0.05138543758467122
0 0.7638766027671404 0.7462565292871005 0.03419521753501122 0.0314071302577247