0 0.20666328826634145 0.5996698812394335 0.030526830066018463 0.04779221589015457
0 0.20666328826634145 0.5996698812394335 0.030526830066018463 0.04779221589015457
0 0.30784437092425804 0.6579323009564675 0.03140582488222208 0.04012558153075183
0 0.30784437092425804 0.6579323009564675 0.03140582488222208 0.04012558153075183
0 0.3161941131485636 0.6470887448000513 0.03181592799249992 0.04481308153075183
0 0.3161941131485636 0.6470887448000513 0.03181592799249992 0.04481308153075183
0 0.6586277465131474 0.504710726496838 0.06919835080120365 0.08239712562389272
0 0.6586277465131474 0.504710726496838 0.06919835080120365 0.08239712562389272
0 0.38589004142388744 0.7706003891427496 0.01978481969842587 0.031292022046570625
0 0.38589004142388744 0.7706003891427496 0.01978481969842587 0.031292022046570625
0 0.2954994872768505 0.7559631148084036 0.04357363421305553 0.05520914101493304