0 0.3107614622432028 0.40283822240056455 0.050019847367594836 0.046157979707460585
0 0.3107614622432028 0.40283822240056455 0.050019847367594836 0.046157979707460585
0 0.33112852594553366 0.40475527840691894 0.014717264427970278 0.01899546185055314
0 0.33112852594553366 0.40475527840691894 0.014717264427970278 0.01899546185055314
0 0.3773760433687288 0.38760473457542916 0.034176592558271414 0.039635244317957154
0 0.3773760433687288 0.38760473457542916 0.034176592558271414 0.039635244317957154
0 0.4116146341129017 0.3842985024323367 0.011592264427970279 0.018940914772652383
0 0.4116146341129017 0.3842985024323367 0.011592264427970279 0.018940914772652383
0 0.4327083841129017 0.38466669520816626 0.00674107332097762 0.014171594155801336
0 0.4327083841129017 0.38466669520816626 0.00674107332097762 0.014171594155801336
0 0.306436060791924 0.3684086753226639 0.04689484736759475 0.04610343262955983
0 0.306436060791924 0.3684086753226639 0.04689484736759475 0.04610343262955983
0 0.3533829826616229 0.3489280182606493 0.05470734736759475 0.04623980032431154
0 0.3533829826616229 0.3489280182606493 0.05470734736759475 0.04623980032431154
0 0.37565728674530685 0.33838598457542923 0.013373019237293704 0.025218188311602673
0 0.37565728674530685 0.33838598457542923 0.013373019237293704 0.025218188311602673
0 0.4174628408289909 0.3281848701270884 0.014771828130301045 0.02055796185055314
0 0.4174628408289909 0.3281848701270884 0.014771828130301045 0.02055796185055314
0 0.42541175008481796 0.3322274878218401 0.014771828130301045 0.02055796185055305
0 0.42541175008481796 0.3322274878218401 0.014771828130301045 0.02055796185055305
0 0.5107788204105709 0.3844678721556833 0.011701391832631991 0.022065914772652385
0 0.5107788204105709 0.3844678721556833 0.011701391832631991 0.022065914772652385
0 0.5155208841129018 0.3861121927725343 0.00997520072563951 0.017351141233702006
0 0.5155208841129018 0.3861121927725343 0.00997520072563951 0.017351141233702006
0 0.5412748522617363 0.3857809561652149 0.010084328130301046 0.020476141233702096
0 0.5412748522617363 0.3857809561652149 0.010084328130301046 0.020476141233702096
0 0.5491691978152324 0.3882610738599666 0.011646828130301046 0.020503414772652384
0 0.5491691978152324 0.3882610738599666 0.011646828130301046 0.020503414772652384
0 0.5737153300292176 0.3980588137136969 0.00841270072563951 0.017323867694751714
0 0.5737153300292176 0.3980588137136969 0.00841270072563951 0.017323867694751714
0 0.5799926118803831 0.39894915786949825 0.011701391832631991 0.022065914772652385
0 0.5799926118803831 0.39894915786949825 0.011701391832631991 0.022065914772652385
0 0.5965352711362103 0.4031417800284768 0.005233137023308565 0.015706820616851046
0 0.5965352711362103 0.4031417800284768 0.005233137023308565 0.015706820616851046
0 0.6419023348385411 0.4054952126580367 0.028035719962933213 0.042651150162155815
0 0.6419023348385411 0.4054952126580367 0.028035719962933213 0.042651150162155815
0 0.6697644400106842 0.4208162495896676 0.024583337748947897 0.03322160308425506
0 0.6697644400106842 0.4208162495896676 0.024583337748947897 0.03322160308425506
0 0.7112624592479779 0.44652536160237644 0.00830357332097762 0.014198867694751626
0 0.7112624592479779 0.44652536160237644 0.00830357332097762 0.014198867694751626
0 0.7190749592479779 0.4466617292971282 0.00841270072563951 0.017323867694751627
0 0.7190749592479779 0.4466617292971282 0.00841270072563951 0.017323867694751627
0 0.7508705962712865 0.4628322000761349 0.00970238221398514 0.009538641233702095
0 0.7508705962712865 0.4628322000761349 0.00970238221398514 0.009538641233702095
0 0.7504142392850449 0.4050469736150853 0.02749008293962447 0.027026150162155815
0 0.7504142392850449 0.4050469736150853 0.02749008293962447 0.027026150162155815
0 0.7126860607919239 0.3754997954497523 0.011646828130301046 0.020503414772652384
0 0.7126860607919239 0.3754997954497523 0.011646828130301046 0.020503414772652384
0 0.683588837833766 0.369526484979171 0.022748019237293703 0.025381829545304768
0 0.683588837833766 0.369526484979171 0.022748019237293703 0.025381829545304768
0 0.6684722693221117 0.3614548863591428 0.008358137023308565 0.015761367694751716