0 0.5575745409888208 0.24565217535068432 0.06778751785690744 0.03868057063492074
0 0.5575745409888208 0.24565217535068432 0.06778751785690744 0.03868057063492074
0 0.5595325073036006 0.26840855490033366 0.04092500892845372 0.01979086829088237
0 0.5595325073036006 0.26840855490033366 0.04092500892845372 0.01979086829088237
0 0.49395414610167077 0.3562904842654128 0.033085235389503254 0.017727720542635696
0 0.49395414610167077 0.3562904842654128 0.033085235389503254 0.017727720542635696
0 0.4984916416374439 0.3479971229143608 0.02680796185055314 0.015764702344038463
0 0.4984916416374439 0.3479971229143608 0.02680796185055314 0.015764702344038463
0 0.5045291818154857 0.4256412615633088 0.034675008928453724 0.01939035009228505
0 0.5045291818154857 0.4256412615633088 0.034675008928453724 0.01939035009228505
0 0.4346900146072013 0.4929603670542647 0.022065914772652385 0.012339313695090582
0 0.4346900146072013 0.4929603670542647 0.022065914772652385 0.012339313695090582
0 0.43458092045139995 0.4867103670542646 0.026780688311602675 0.014202202344038461
0 0.43458092045139995 0.4867103670542646 0.026780688311602675 0.014202202344038461
0 0.4422861006453278 0.6151858204780373 0.02839773538950343 0.017427331893687815
0 0.4422861006453278 0.6151858204780373 0.02839773538950343 0.017427331893687815
0 0.4471645154179802 0.6264237091269852 0.022120461850553143 0.015464313695090581
0 0.4471645154179802 0.6264237091269852 0.022120461850553143 0.015464313695090581
0 0.4780441428519646 0.7860385410206729 0.061646612012708955 0.044530052436323686
0 0.4780441428519646 0.7860385410206729 0.061646612012708955 0.044530052436323686
0 0.358925950076135 0.7573349452473247 0.053861385551659244 0.045591904688076924
0 0.358925950076135 0.7573349452473247 0.053861385551659244 0.045591904688076924
0 0.30597249958966766 0.674343170108897 0.02839773538950343 0.017427331893687815
0 0.30597249958966766 0.674343170108897 0.02839773538950343 0.017427331893687815
0 0.3119264448011292 0.613075003082319 0.020503414772652384 0.012239184145441229