0 0.42603696178338896 0.5754463670682247 0.006407130257724702 0.03297619110699266
0 0.42603696178338896 0.5754463670682247 0.006407130257724702 0.03297619110699266
0 0.43384946178338896 0.5751735485565703 0.01314845318850324 0.04256944591631608
0 0.43384946178338896 0.5751735485565703 0.01314845318850324 0.04256944591631608
0 0.46757268656861833 0.601289615254126 0.013312227498762753 0.045694445916316086
0 0.46757268656861833 0.601289615254126 0.013312227498762753 0.045694445916316086
0 0.5346716553609537 0.5708729397562302 0.014792840343633174 0.044186509618646855
0 0.5346716553609537 0.5708729397562302 0.014792840343633174 0.044186509618646855
0 0.38922195726083314 0.6976041092636764 0.01602779172311397 0.03799107332097762
0 0.38922195726083314 0.6976041092636764 0.01602779172311397 0.03799107332097762
0 0.3631850797166418 0.6587425059056318 0.01381019448207601 0.025436509618646852
0 0.3631850797166418 0.6587425059056318 0.01381019448207601 0.025436509618646852
0 0.3022885232942067 0.6600892402965352 0.04233798620519007 0.06386409255827133
0 0.3022885232942067 0.6600892402965352 0.04233798620519007 0.06386409255827133