0 0.5824361654200869 0.5988545831324815 0.0583215773392725 0.047792643815484225
0 0.5824361654200869 0.5988545831324815 0.0583215773392725 0.047792643815484225
0 0.5822179894175417 0.5801045831324816 0.029905676002545435 0.02082595222957302
0 0.5822179894175417 0.5801045831324816 0.029905676002545435 0.02082595222957302
0 0.591083364735815 0.4684568889486802 0.03926249466899989 0.01991901609154336
0 0.591083364735815 0.4684568889486802 0.03926249466899989 0.01991901609154336
0 0.628927168045816 0.293795742535306 0.04091590133672725 0.027840776735205085
0 0.628927168045816 0.293795742535306 0.04091590133672725 0.027840776735205085
0 0.6523919400461342 0.29450058288038 0.03306703866963616 0.024169473516896467
0 0.6523919400461342 0.29450058288038 0.03306703866963616 0.024169473516896467
0 0.7113691400779509 0.5249421997085575 0.04563976400381797 0.031293558666190435
0 0.7113691400779509 0.5249421997085575 0.04563976400381797 0.031293558666190435
0 0.7288844514242231 0.6191074629501093 0.018913632001908987 0.015373627723940686
0 0.7288844514242231 0.6191074629501093 0.018913632001908987 0.015373627723940686
0 0.7088441240849507 0.5767232209958809 0.037718176002545435 0.021372255447881728
0 0.7088441240849507 0.5767232209958809 0.037718176002545435 0.021372255447881728
0 0.7025673994270866 0.6420586438923588 0.0676965773392725 0.048448207677454745