0 0.37264190006363346 0.49657380498831066 0.03186816534054513 0.055492983403260435
0 0.37264190006363346 0.49657380498831066 0.03186816534054513 0.055492983403260435
0 0.4006214493952699 0.4862049900512451 0.025527258672817865 0.04720688672260849
0 0.4006214493952699 0.4862049900512451 0.025527258672817865 0.04720688672260849
0 0.46429359806649695 0.5245939064428475 0.02272952267663584 0.07509508838228243
0 0.46429359806649695 0.5245939064428475 0.02272952267663584 0.07509508838228243
0 0.511423136736133 0.5500208815477382 0.006668170671545326 0.03641109668065212
0 0.511423136736133 0.5500208815477382 0.006668170671545326 0.03641109668065212
0 0.6055009480824053 0.6523781321724382 0.028761346674090582 0.056818685062934374
0 0.6055009480824053 0.6523781321724382 0.028761346674090582 0.056818685062934374
0 0.2878680054105419 0.5900618506293444 0.039771572008272395 0.06389747925407559
0 0.2878680054105419 0.5900618506293444 0.039771572008272395 0.06389747925407559
0 0.2577441534054512 0.5503122663962469 0.014371582670272609 0.027628092531467273