0 0.25389387527850255 0.3752049470028585 0.06032042934436319 0.08784002727426818
0 0.25389387527850255 0.3752049470028585 0.06032042934436319 0.08784002727426818
0 0.29259274860759366 0.4021194027434715 0.04907384667409058 0.060063574881639784
0 0.29259274860759366 0.4021194027434715 0.04907384667409058 0.060063574881639784
0 0.34125751527691167 0.37721207786183175 0.04122498400699968 0.05607146602976236
0 0.34125751527691167 0.37721207786183175 0.04122498400699968 0.05607146602976236
0 0.40654561326386685 0.46593540262087396 0.046076116008908666 0.07065423134088888
0 0.40654561326386685 0.46593540262087396 0.046076116008908666 0.07065423134088888
0 0.4407297092616396 0.47852637367261347 0.03508407200827222 0.06475277894826056
0 0.4407297092616396 0.47852637367261347 0.03508407200827222 0.06475277894826056
0 0.5691092479312758 0.44243078850182427 0.022402258672817865 0.04774040478525663
0 0.5691092479312758 0.44243078850182427 0.022402258672817865 0.04774040478525663
0 0.5849791485916853 0.48670360991288175 0.031922709341181486 0.061280935407509673
0 0.5849791485916853 0.48670360991288175 0.031922709341181486 0.061280935407509673
0 0.6035200632559127 0.502591298668376 0.02881589067472685 0.0624965918667586
0 0.6035200632559127 0.502591298668376 0.02881589067472685 0.0624965918667586
0 0.5552814632400043 0.6249814517796404 0.028597714672181595 0.0437465918667586
0 0.5552814632400043 0.6249814517796404 0.028597714672181595 0.0437465918667586
0 0.5511121312460495 0.5809704670907669 0.012736357336090798 0.02169987416300394
0 0.5511121312460495 0.5809704670907669 0.012736357336090798 0.02169987416300394
0 0.5269388345799131 0.5797522545315867 0.014317038669636161 0.02343579593337921
0 0.5269388345799131 0.5797522545315867 0.014317038669636161 0.02343579593337921
0 0.34025699458945813 0.5302503669766441 0.01275453866963625 0.023262374163003762
0 0.34025699458945813 0.5302503669766441 0.01275453866963625 0.023262374163003762
0 0.32852006325591265 0.5331135302544601 0.011173857336090798 0.021526452392628313
0 0.32852006325591265 0.5331135302544601 0.011173857336090798 0.021526452392628313