0 0.6304240768643568 0.23242707475331423 0.06224702885594056 0.03820907200827239
0 0.6304240768643568 0.23242707475331423 0.06224702885594056 0.03820907200827239
0 0.5950942120735668 0.2593708354153144 0.031795637023308565 0.01598862667090888
0 0.5950942120735668 0.2593708354153144 0.031795637023308565 0.01598862667090888
0 0.5611904380269497 0.29023902741086005 0.044623019237293705 0.0255090773392725
0 0.5611904380269497 0.29023902741086005 0.044623019237293705 0.0255090773392725
0 0.5685217883897693 0.28172709341181457 0.02387400961864685 0.012772720003181703
0 0.5685217883897693 0.28172709341181457 0.02387400961864685 0.012772720003181703
0 0.5121700954686783 0.328746996737724 0.02392857332097762 0.014335220003181704
0 0.5121700954686783 0.328746996737724 0.02392857332097762 0.014335220003181704
0 0.4498585461094997 0.6359595127307244 0.05265377404661713 0.031849984006999676
0 0.4498585461094997 0.6359595127307244 0.05265377404661713 0.031849984006999676
0 0.49240565545799403 0.7380583620703149 0.03971726442797028 0.019204533338636053
0 0.49240565545799403 0.7380583620703149 0.03971726442797028 0.019204533338636053
0 0.5117087269648731 0.7672009694064057 0.03977182813030104 0.020767033338636054
0 0.5117087269648731 0.7672009694064057 0.03977182813030104 0.020767033338636054
0 0.4089483147138212 0.7331794107256336 0.024146828130301046 0.020585220003181703
0 0.4089483147138212 0.7331794107256336 0.024146828130301046 0.020585220003181703
0 0.3955951428441223 0.7127032787237246 0.017514882213985138 0.009574994668999892
0 0.3955951428441223 0.7127032787237246 0.017514882213985138 0.009574994668999892
0 0.39586796135577657 0.7048907787237246 0.028670637023308566 0.015952264003817974
0 0.39586796135577657 0.7048907787237246 0.028670637023308566 0.015952264003817974
0 0.3662003087233714 0.6592146520528157 0.025436509618646852 0.012790901336727245
0 0.3662003087233714 0.6592146520528157 0.025436509618646852 0.012790901336727245
0 0.36175834538386026 0.6521288580521795 0.025436509618646852 0.012790901336727245
0 0.36175834538386026 0.6521288580521795 0.025436509618646852 0.012790901336727245
0 0.35328364647231936 0.6262385200509067 0.019295637023308564 0.015843176002545433
0 0.35328364647231936 0.6262385200509067 0.019295637023308564 0.015843176002545433
0 0.34464525645378596 0.6050356820496341 0.025436509618646852 0.012790901336727067
0 0.34464525645378596 0.6050356820496341 0.025436509618646852 0.012790901336727067
0 0.3426561705189365 0.5948521600493158 0.025436509618646852 0.012790901336727245
0 0.3426561705189365 0.5948521600493158 0.025436509618646852 0.012790901336727245
0 0.33501728530972646 0.5674084127148159 0.017514882213985138 0.009574994668999892
0 0.33501728530972646 0.5674084127148159 0.017514882213985138 0.009574994668999892
0 0.3160862360353659 0.5499936460454979 0.021130955534962848 0.023673857336090797
0 0.3160862360353659 0.5499936460454979 0.021130955534962848 0.023673857336090797
0 0.3760044169755574 0.35608056138604305 0.02387400961864685 0.012772720003181703
0 0.3760044169755574 0.35608056138604305 0.02387400961864685 0.012772720003181703
0 0.4378075017292805 0.28724020206076994 0.028670637023308566 0.015952264003817974
0 0.4378075017292805 0.28724020206076994 0.028670637023308566 0.015952264003817974
0 0.5209672313108605 0.23349813140513306 0.05928571996293321 0.04286020934118149
0 0.5209672313108605 0.23349813140513306 0.05928571996293321 0.04286020934118149