0 0.37125991090673544 0.7802802355270886 0.04891027868534721 0.022568512820281585
0 0.37125991090673544 0.7802802355270886 0.04891027868534721 0.022568512820281585
0 0.40757927061413124 0.7622001695636539 0.04106141109416654 0.020642139784752267
0 0.40757927061413124 0.7622001695636539 0.04106141109416654 0.020642139784752267
0 0.4119946668906591 0.7401432330458892 0.05363414627652787 0.024349336641599172
0 0.4119946668906591 0.7401432330458892 0.05363414627652787 0.024349336641599172
0 0.4377402025098605 0.7069475893321955 0.05501480832062509 0.016609611248705036
0 0.4377402025098605 0.7069475893321955 0.05501480832062509 0.016609611248705036
0 0.462449914990798 0.6847258329220548 0.030123911094166723 0.020132717535011224
0 0.462449914990798 0.6847258329220548 0.030123911094166723 0.020132717535011224
0 0.5363036826582285 0.7640087644774207 0.03168641109416655 0.020205492142117264
0 0.5363036826582285 0.7640087644774207 0.03168641109416655 0.020205492142117264
0 0.5923374367422911 0.6700917905322685 0.05835801386770836 0.026130160462916763
0 0.5923374367422911 0.6700917905322685 0.05835801386770836 0.026130160462916763
0 0.41421570279420095 0.5106012822601009 0.06918641109416672 0.021952082712657806
0 0.41421570279420095 0.5106012822601009 0.06918641109416672 0.021952082712657806
0 0.4170556409581943 0.22093946877786558 0.07096711664125017 0.03139985731976358
0 0.4170556409581943 0.22093946877786558 0.07096711664125017 0.03139985731976358
0 0.39983242657739565 0.18974512675958294 0.07743532218833335 0.041065955748187034
0 0.39983242657739565 0.18974512675958294 0.07743532218833335 0.041065955748187034
0 0.5332988900082637 0.1889916478520321 0.05218074905006951 0.02896406203449331
0 0.5332988900082637 0.1889916478520321 0.05218074905006951 0.02896406203449331
0 0.5639481715434026 0.24687476840636205 0.03310344072944442 0.01402826674922295
0 0.5639481715434026 0.24687476840636205 0.03310344072944442 0.01402826674922295
0 0.5629305322007289 0.257067405709915 0.040843205547083275 0.011267139784752267
0 0.5629305322007289 0.257067405709915 0.040843205547083275 0.011267139784752267
0 0.5866576665094094 0.31059051199622123 0.04244207313826394 0.01290241439185813