0 0.47611901165206794 0.2953125 0.05520095222957302 0.0296875
0 0.47611901165206794 0.2953125 0.05520095222957302 0.0296875
0 0.47670351969783964 0.31484375 0.05999771287323465 0.03125
0 0.47670351969783964 0.31484375 0.05999771287323465 0.03125
0 0.4692405809619199 0.3421875 0.07504355866619043 0.0453125
0 0.4692405809619199 0.3421875 0.07504355866619043 0.0453125
0 0.47858272997318424 0.3640625 0.04248243094224939 0.0265625
0 0.47858272997318424 0.3640625 0.04248243094224939 0.0265625
0 0.47531561834078684 0.384375 0.05185743094224957 0.0265625
0 0.47531561834078684 0.384375 0.05185743094224957 0.0265625
0 0.46379896413374244 0.3984375 0.029436127723940865 0.01875
0 0.46379896413374244 0.3984375 0.029436127723940865 0.01875
0 0.4718024882710575 0.45703125 0.024420845792955604 0.0140625
0 0.4718024882710575 0.45703125 0.024420845792955604 0.0140625
0 0.46740991921330705 0.48359375 0.05621714901126431 0.021875
0 0.46740991921330705 0.48359375 0.05621714901126431 0.021875
0 0.46022013208654167 0.51484375 0.0436078883676025 0.0203125
0 0.46022013208654167 0.51484375 0.0436078883676025 0.0203125
0 0.4833898343161147 0.54453125 0.06770095222957302 0.0296875
0 0.4833898343161147 0.54453125 0.06770095222957302 0.0296875
0 0.5029864223154001 0.6125 0.021077324505632156 0.0109375
0 0.5029864223154001 0.6125 0.021077324505632156 0.0109375
0 0.5251727787520174 0.628125 0.05832595222957302 0.0296875
0 0.5251727787520174 0.628125 0.05832595222957302 0.0296875
0 0.5291172335794805 0.63984375 0.043826409654926124 0.0234375
0 0.5291172335794805 0.63984375 0.043826409654926124 0.0234375
0 0.5442723400160978 0.65546875 0.04059214901126431 0.021875
0 0.5442723400160978 0.65546875 0.04059214901126431 0.021875
0 0.5837115344520006 0.7390625 0.037576409654926125 0.0234375
0 0.5837115344520006 0.7390625 0.037576409654926125 0.0234375
0 0.5058157634167787 0.809375 0.08216764381548422 0.0578125
0 0.5058157634167787 0.809375 0.08216764381548422 0.0578125
0 0.49327220475058836 0.7640625 0.026638909654926123 0.0234375
0 0.49327220475058836 0.7640625 0.026638909654926123 0.0234375
0 0.5069740718308675 0.78125 0.025983345792955602 0.0140625
0 0.5069740718308675 0.78125 0.025983345792955602 0.0140625
0 0.46390713284284624 0.73515625 0.03913890965492613 0.0234375
0 0.46390713284284624 0.73515625 0.03913890965492613 0.0234375
0 0.4670703376703093 0.746875 0.0404828883676025 0.0203125
0 0.4670703376703093 0.746875 0.0404828883676025 0.0203125
0 0.44808003704989063 0.72109375 0.015482888367602499 0.0203125
0 0.44808003704989063 0.72109375 0.015482888367602499 0.0203125
0 0.43176126836045725 0.7 0.030780106436617417 0.015625
0 0.43176126836045725 0.7 0.030780106436617417 0.015625
0 0.4271994544984869 0.690625 0.02431158514929379 0.0125
0 0.4271994544984869 0.690625 0.02431158514929379 0.0125
0 0.3592917805936029 0.38984375 0.026092606436617326 0.015625
0 0.3592917805936029 0.38984375 0.026092606436617326 0.015625
0 0.35546765806544217 0.33515625 0.031107888367602587 0.0203125
0 0.35546765806544217 0.33515625 0.031107888367602587 0.0203125
0 0.35621070323797915 0.3234375 0.027655106436617328 0.015625
0 0.35621070323797915 0.3234375 0.027655106436617328 0.015625
0 0.36688612328446535 0.275 0.029436127723940865 0.01875