0 0.5023433349632084 0.7977878980744512 0.07654708944842134 0.02743520401018138
0 0.5023433349632084 0.7977878980744512 0.07654708944842134 0.02743520401018138
0 0.5999008744257474 0.7871963907542687 0.046662168373499215 0.050509077339272325
0 0.5999008744257474 0.7871963907542687 0.046662168373499215 0.050509077339272325
0 0.6163218059534261 0.7334446820894049 0.026274073663405773 0.022165901336727245
0 0.6163218059534261 0.7334446820894049 0.026274073663405773 0.022165901336727245
0 0.5455157532661205 0.6739873187459964 0.02545502630835923 0.008103401336727068
0 0.5455157532661205 0.6739873187459964 0.02545502630835923 0.008103401336727068
0 0.6367623795462448 0.6375236547580867 0.025637036831702886 0.011228401336727067
0 0.6367623795462448 0.6375236547580867 0.025637036831702886 0.011228401336727067
0 0.5669251055863729 0.3466708407463145 0.054490078925077866 0.02405566534054513
0 0.5669251055863729 0.3466708407463145 0.054490078925077866 0.02405566534054513
0 0.6503669371422864 0.32340661075745036 0.017733531570031148 0.009574994668999892
0 0.6503669371422864 0.32340661075745036 0.017733531570031148 0.009574994668999892
0 0.5692842661379514 0.37327879408017817 0.033267526308359406 0.008194308004454332
0 0.5692842661379514 0.37327879408017817 0.033267526308359406 0.008194308004454332
0 0.6493280819088495 0.3546657014242231 0.014335515785015573 0.004851132001908986
0 0.6493280819088495 0.3546657014242231 0.014335515785015573 0.004851132001908986
0 0.6411585371140516 0.2935918414226323 0.01764252630835923 0.008012494668999892