0 0.6888059822128104 0.8391320320208013 0.0565068651776464 0.040972229581579714
0 0.6888059822128104 0.8391320320208013 0.0565068651776464 0.040972229581579714
0 0.6823547750168814 0.8178473090626435 0.06439213978475244 0.04280754809323426
0 0.6823547750168814 0.8178473090626435 0.06439213978475244 0.04280754809323426
0 0.4962608397419711 0.35584083846673814 0.017696922249740864 0.011537700725639422
0 0.4962608397419711 0.35584083846673814 0.017696922249740864 0.011537700725639422
0 0.37362816852568737 0.43579617857793884 0.070787688998964 0.046150802902557686
0 0.37362816852568737 0.43579617857793884 0.070787688998964 0.046150802902557686
0 0.3935254456139926 0.47782991115474366 0.08950345574818704 0.0795635036281972
0 0.3935254456139926 0.47782991115474366 0.08950345574818704 0.0795635036281972
0 0.3998525283266503 0.5466890385594054 0.051382717535011314 0.03143353847458741
0 0.3998525283266503 0.5466890385594054 0.051382717535011314 0.03143353847458741
0 0.608285882336645 0.885458905797266 0.03383134449948209 0.023020837748948253
0 0.608285882336645 0.885458905797266 0.03383134449948209 0.023020837748948253
0 0.611956691889939 0.8972867832019279 0.04171661910658777 0.024856156260602093
0 0.611956691889939 0.8972867832019279 0.04171661910658777 0.024856156260602093
0 0.6429541348178444 0.926448493546214 0.04883991439185813 0.04382441106992587