0 0.35420017122012337 0.7498515037433571 0.039517141066226814 0.01927164101493304
0 0.35420017122012337 0.7498515037433571 0.039517141066226814 0.01927164101493304
0 0.36535428305689044 0.6357370819463438 0.03000574874635875 0.013708947171349095
0 0.36535428305689044 0.6357370819463438 0.03000574874635875 0.013708947171349095
0 0.4073816248353978 0.34902944321918616 0.03005121285298138 0.015271447171349095
0 0.4073816248353978 0.34902944321918616 0.03005121285298138 0.015271447171349095
0 0.30237587608903904 0.3501939452991657 0.02848871285298147 0.01512558153075183
0 0.30237587608903904 0.3501939452991657 0.02848871285298147 0.01512558153075183
0 0.30547213235724524 0.40531904222095766 0.02688074874635884 0.013417215890154566
0 0.30547213235724524 0.40531904222095766 0.02688074874635884 0.013417215890154566
0 0.2628741407370224 0.6308703824872193 0.0727388180258309 0.03639731946747684
0 0.2628741407370224 0.6308703824872193 0.0727388180258309 0.03639731946747684
0 0.2580586086045688 0.6617557183857259 0.06322742570596293 0.030834625623892897
0 0.2580586086045688 0.6617557183857259 0.06322742570596293 0.030834625623892897
0 0.26534827137840794 0.6804537965887125 0.04277853338609479 0.024250872296127567
0 0.26534827137840794 0.6804537965887125 0.04277853338609479 0.024250872296127567