0 0.6005003859851549 0.5069096434770944 0.030142141066226813 0.016661710344286363
0 0.6005003859851549 0.5069096434770944 0.030142141066226813 0.016661710344286363
0 0.5023560541692704 0.6010540022774347 0.03340353338609479 0.021458337748947898
0 0.5023560541692704 0.6010540022774347 0.03340353338609479 0.021458337748947898
0 0.48337037344874256 0.6204860485565703 0.027017141066226814 0.01655258293962447
0 0.48337037344874256 0.6204860485565703 0.027017141066226814 0.01655258293962447
0 0.48127667603516733 0.6291616441100667 0.03496603338609479 0.02151290145127884
0 0.48127667603516733 0.6291616441100667 0.03496603338609479 0.02151290145127884
0 0.5954959518994147 0.7111978393934104 0.03836381802583091 0.030997028855940557
0 0.5954959518994147 0.7111978393934104 0.03836381802583091 0.030997028855940557
0 0.6370385942192828 0.7144394012816428 0.04291492570596276 0.026473219962933038
0 0.6370385942192828 0.7144394012816428 0.04291492570596276 0.026473219962933038
0 0.6484845595795468 0.7046551735141614 0.03193196159934022 0.02452877404661713
0 0.6484845595795468 0.7046551735141614 0.03193196159934022 0.02452877404661713
0 0.6427741171805363 0.669662614621154 0.030278533386094965 0.021349210344286364
0 0.6427741171805363 0.669662614621154 0.030278533386094965 0.021349210344286364
0 0.6350154414745734 0.6449081512816428 0.07154003087881229 0.044642866604888455
0 0.6350154414745734 0.6449081512816428 0.07154003087881229 0.044642866604888455
0 0.67004365934212 0.6124031861280331 0.04934678213245362 0.03294147477225664
0 0.67004365934212 0.6124031861280331 0.04934678213245362 0.03294147477225664
0 0.6814214285424498 0.6002752083605516 0.052517246239076346 0.034613102176918174
0 0.6814214285424498 0.6002752083605516 0.052517246239076346 0.034613102176918174
0 0.7240538947606435 0.42595476543946054 0.043096782132453625 0.03272321996293322
0 0.7240538947606435 0.42595476543946054 0.043096782132453625 0.03272321996293322
0 0.7260028396669362 0.4391814517371298 0.044613818025830906 0.031215283665263983
0 0.7260028396669362 0.4391814517371298 0.044613818025830906 0.031215283665263983
0 0.7632551355894435 0.3487275773276929 0.0867391335443795 0.08419643992586626