0 0.1620995271116752 0.6683209579820335 0.04285334486680368 0.056106156260602266
0 0.1620995271116752 0.6683209579820335 0.04285334486680368 0.056106156260602266
0 0.18266669509645278 0.6627802861123346 0.044734179847775654 0.06397321996293304
0 0.18266669509645278 0.6627802861123346 0.044734179847775654 0.06397321996293304
0 0.640801483156905 0.4980531642347866 0.011637836958138336 0.017569445916316085
0 0.640801483156905 0.4980531642347866 0.011637836958138336 0.017569445916316085
0 0.5567686758562619 0.3715055332019278 0.04811384783255317 0.07033234736759475
0 0.5567686758562619 0.3715055332019278 0.04811384783255317 0.07033234736759475
0 0.5161609219019292 0.3888641587924909 0.08169035178688588 0.09022818511654282
0 0.5161609219019292 0.3888641587924909 0.08169035178688588 0.09022818511654282
0 0.4463750039171517 0.3926860740387679 0.03328734387822045 0.05109127404661713
0 0.4463750039171517 0.3926860740387679 0.03328734387822045 0.05109127404661713
0 0.11303462741568637 0.5860243239539498 0.024774506920082207 0.03363095553496294
0 0.11303462741568637 0.5860243239539498 0.024774506920082207 0.03363095553496294
0 0.10118854342329757 0.5887400961864684 0.026655341901054185 0.0414980192372937
0 0.10118854342329757 0.5887400961864684 0.026655341901054185 0.0414980192372937
0 0.07338453699750695 0.6182812632468438 0.045723676882026124 0.04996528366526398