0 0.5875914081733079 0.7922093041631181 0.054716674904859805 0.04308807178554268
0 0.5875914081733079 0.7922093041631181 0.054716674904859805 0.04308807178554268
0 0.5921860662722537 0.7520579008437702 0.03220500494291585 0.02580548340326061
0 0.5921860662722537 0.7520579008437702 0.03220500494291585 0.02580548340326061
0 0.5921396453217266 0.7318046004288516 0.0510823389353046 0.03035127344521662
0 0.5921396453217266 0.7318046004288516 0.0510823389353046 0.03035127344521662
0 0.6843589788198239 0.73957140146847 0.09230951680591382 0.08643625269929238
0 0.6843589788198239 0.73957140146847 0.09230951680591382 0.08643625269929238
0 0.7018528849416033 0.6910513910955078 0.059786176882026254 0.05281826929603177
0 0.7018528849416033 0.6910513910955078 0.059786176882026254 0.05281826929603177
0 0.6558188488583174 0.5169976618414323 0.043078837946721474 0.025071777594401646
0 0.6558188488583174 0.5169976618414323 0.043078837946721474 0.025071777594401646
0 0.6546728429268184 0.48887266184143224 0.031950336958138335 0.01955548340326043
0 0.6546728429268184 0.48887266184143224 0.031950336958138335 0.01955548340326043
0 0.6542762534972221 0.46002561142651377 0.05283583992388792 0.03515717261537983
0 0.6542762534972221 0.46002561142651377 0.05283583992388792 0.03515717261537983
0 0.6321147520143474 0.4513367730442314 0.03364017095052709 0.02279888257342346
0 0.6321147520143474 0.4513367730442314 0.03364017095052709 0.02279888257342346
0 0.5338191734591661 0.46647467573887946 0.030387836958138337 0.01943708423309758
0 0.5338191734591661 0.46647467573887946 0.030387836958138337 0.01943708423309758
0 0.5411050914439436 0.4732574720046131 0.028570668973360823 0.013068685062934548
0 0.5411050914439436 0.4732574720046131 0.028570668973360823 0.013068685062934548
0 0.5072274985543063 0.425517789016271 0.03845500494291585 0.026279080083912554
0 0.5072274985543063 0.425517789016271 0.03845500494291585 0.026279080083912554
0 0.49410807463802964 0.39025479524004836 0.05302684091247105 0.03984467261537974