0 0.22313434781254463 0.5828842837725705 0.06348184740221222 0.06062042574646931
0 0.22313434781254463 0.5828842837725705 0.06348184740221222 0.06062042574646931
0 0.25182813799058645 0.5036284725084903 0.059067082791715644 0.07591764381548423
0 0.25182813799058645 0.5036284725084903 0.059067082791715644 0.07591764381548423
0 0.2526718433483177 0.5894020815429977 0.022720479707460585 0.04996714901126431
0 0.2526718433483177 0.5894020815429977 0.022720479707460585 0.04996714901126431
0 0.2921883108809137 0.6053659351296234 0.03543866801906326 0.0633412341605581
0 0.2921883108809137 0.6053659351296234 0.03543866801906326 0.0633412341605581
0 0.30699115057248816 0.6066717090148369 0.02250229139585782 0.037467149011264314
0 0.30699115057248816 0.6066717090148369 0.02250229139585782 0.037467149011264314
0 0.3420110328777365 0.6120258445324479 0.01603410308425506 0.024530106436617415
0 0.3420110328777365 0.6120258445324479 0.01603410308425506 0.024530106436617415
0 0.528340045052601 0.5318909582585323 0.019513659090609536 0.045061127723940865
0 0.528340045052601 0.5318909582585323 0.019513659090609536 0.045061127723940865
0 0.5918843478125446 0.5570987718684012 0.017896612012708958 0.04182686708027905
0 0.5918843478125446 0.5570987718684012 0.017896612012708958 0.04182686708027905
0 0.6036712816599205 0.5523730670409381 0.02568183847375849 0.04081067029858776
0 0.6036712816599205 0.5523730670409381 0.02568183847375849 0.04081067029858776
0 0.702184873787127 0.6305366358465871 0.02406479139585791 0.037576409654926125
0 0.702184873787127 0.6305366358465871 0.02406479139585791 0.037576409654926125
0 0.5724428267092263 0.6427302692705111 0.009756829545304768 0.022530563861970342
0 0.5724428267092263 0.6427302692705111 0.009756829545304768 0.022530563861970342
0 0.5375320385597793 0.6311261337529002 0.012963650162155815 0.027436585149293792
0 0.5375320385597793 0.6311261337529002 0.012963650162155815 0.027436585149293792
0 0.3396945564166868 0.6106272354979405 0.014526150162155815 0.027545845792955603
0 0.3396945564166868 0.6106272354979405 0.014526150162155815 0.027545845792955603
0 0.307758763803013 0.607398328693006 0.024010244317957154 0.03445140965492612
0 0.307758763803013 0.607398328693006 0.024010244317957154 0.03445140965492612
0 0.29063944765038885 0.6046939457732851 0.03535684740221221 0.0586537341605581
0 0.29063944765038885 0.6046939457732851 0.03535684740221221 0.0586537341605581
0 0.25110934334831775 0.5895113421866593 0.017678423701106106 0.029326867080279227