0 0.5117341966297826 0.26374724563739915 0.04834896879233561 0.03140281930985207
0 0.5117341966297826 0.26374724563739915 0.04834896879233561 0.03140281930985207
0 0.5116489874483856 0.27708312595923 0.05780585594746519 0.033620883171822415
0 0.5116489874483856 0.27708312595923 0.05780585594746519 0.033620883171822415
0 0.49780889472990325 0.38704263400500166 0.051228307326946346 0.026933840597175518
0 0.49780889472990325 0.38704263400500166 0.051228307326946346 0.026933840597175518
0 0.4937355483933764 0.39908916593598687 0.04810330732694616 0.02671531930985207
0 0.4937355483933764 0.39908916593598687 0.04810330732694616 0.02671531930985207
0 0.5146632813192061 0.5889493414303548 0.05928646879233561 0.032167643815484225
0 0.5146632813192061 0.5889493414303548 0.05928646879233561 0.032167643815484225
0 0.5239121285602442 0.6008484078902152 0.025736984396167804 0.015810670298587758
0 0.5239121285602442 0.6008484078902152 0.025736984396167804 0.015810670298587758
0 0.5831067441186478 0.6680634050402237 0.02721759724103805 0.014357430942249394
0 0.5831067441186478 0.6680634050402237 0.02721759724103805 0.014357430942249394
0 0.4432696381711826 0.6480454720042872 0.02409259724103805 0.014138909654926124
0 0.4432696381711826 0.6480454720042872 0.02409259724103805 0.014138909654926124
0 0.41387870929293874 0.6108950332683675 0.020803822930778537 0.010795388367602498
0 0.41387870929293874 0.6108950332683675 0.020803822930778537 0.010795388367602498
0 0.39086061114738957 0.5756513019578009 0.014553822930778537 0.010358345792955604
0 0.39086061114738957 0.5756513019578009 0.014553822930778537 0.010358345792955604
0 0.4202870030522178 0.26935774329161066 0.050484678878243726 0.0424495799535138