0 0.17506424431480513 0.44375 0.015048147326811766 0.04375
0 0.17506424431480513 0.44375 0.015048147326811766 0.04375
0 0.2502000231834131 0.5265625 0.020661110495108836 0.0328125
0 0.2502000231834131 0.5265625 0.020661110495108836 0.0328125
0 0.2630717495058898 0.51953125 0.017991136803468068 0.040625
0 0.2630717495058898 0.51953125 0.017991136803468068 0.040625
0 0.659453925842484 0.49765625 0.047663226251889415 0.0671875
0 0.659453925842484 0.49765625 0.047663226251889415 0.0671875
0 0.279400946747997 0.65234375 0.011013094710093263 0.028125
0 0.279400946747997 0.65234375 0.011013094710093263 0.028125
0 0.196520557313693 0.6109375 0.027821163111827297 0.0484375