0 0.3770534505788148 0.654377097379126 0.033813557878390375 0.020829357177884943
0 0.3770534505788148 0.654377097379126 0.033813557878390375 0.020829357177884943
0 0.4866236845820377 0.4471604971424057 0.053928636803468065 0.04634791842239068
0 0.4866236845820377 0.4471604971424057 0.053928636803468065 0.04634791842239068
0 0.5394896213008012 0.32250222848329446 0.03206904735504672 0.017530935407509496
0 0.5394896213008012 0.32250222848329446 0.03206904735504672 0.017530935407509496
0 0.26691958738228283 0.6012657299120916 0.03059755261671846 0.018920013637134046
0 0.26691958738228283 0.6012657299120916 0.03059755261671846 0.018920013637134046
0 0.295129345415965 0.7514348915159154 0.030779563140062118 0.02204501363713405
0 0.295129345415965 0.7514348915159154 0.030779563140062118 0.02204501363713405
0 0.2916781217243242 0.7431888370899766 0.025819047355046632 0.016837248326007526
0 0.2916781217243242 0.7431888370899766 0.025819047355046632 0.016837248326007526