0 0.2675026872834608 0.4537772421106337 0.06347023677523325 0.07238592068857255
0 0.2675026872834608 0.4537772421106337 0.06347023677523325 0.07238592068857255
0 0.28566885835838307 0.47653269583149793 0.020297089448421436 0.02721726442797028
0 0.28566885835838307 0.47653269583149793 0.020297089448421436 0.02721726442797028
0 0.31472702680246945 0.4996874536360463 0.02360409997176518 0.030451391832631992
0 0.31472702680246945 0.4996874536360463 0.02360409997176518 0.030451391832631992
0 0.5449766979479789 0.589104584584087 0.040685184158514784 0.05599702885594056
0 0.5449766979479789 0.589104584584087 0.040685184158514784 0.05599702885594056
0 0.562118695317143 0.5892856338584476 0.028928636803468067 0.04155258293962447
0 0.562118695317143 0.5892856338584476 0.028928636803468067 0.04155258293962447
0 0.5781609242704555 0.5949627149839737 0.03921368942018653 0.05750496515360961
0 0.5781609242704555 0.5949627149839737 0.03921368942018653 0.05750496515360961
0 0.5743464085560271 0.6738416831328082 0.02369510523343692 0.03201389183263181
0 0.5743464085560271 0.6738416831328082 0.02369510523343692 0.03201389183263181
0 0.5561956480326835 0.677594165709613 0.04252069994353018 0.060739092558271326
0 0.5561956480326835 0.677594165709613 0.04252069994353018 0.060739092558271326
0 0.5151534190793708 0.6727901038213807 0.02369510523343692 0.032013891832631994
0 0.5151534190793708 0.6727901038213807 0.02369510523343692 0.032013891832631994
0 0.5051336769718786 0.6708010178865313 0.018734589448421345 0.02716270072563951
0 0.5051336769718786 0.6708010178865313 0.018734589448421345 0.02716270072563951
0 0.2689070216113848 0.576914641747814 0.01184755261671846 0.016006945916316084
0 0.2689070216113848 0.576914641747814 0.01184755261671846 0.016006945916316084
0 0.261549547919744 0.5693749602594682 0.017172089448421433 0.027108137023308564
0 0.261549547919744 0.5693749602594682 0.017172089448421433 0.027108137023308564
0 0.2564903215972673 0.5625346832176262 0.01533657366340586 0.02236607332097762
0 0.2564903215972673 0.5625346832176262 0.01533657366340586 0.02236607332097762
0 0.21745791367652467 0.5366095894782286 0.025439615756780665 0.035193455534962934
0 0.21745791367652467 0.5366095894782286 0.025439615756780665 0.035193455534962934
0 0.19625774786327427 0.5124007631620259 0.04317314732681177 0.04516865626060227
0 0.19625774786327427 0.5124007631620259 0.04317314732681177 0.04516865626060227
0 0.21267170313906353 0.5250818124363865 0.02562162628012441 0.038318455534962936