0 0.30643854999215075 0.4508458600429136 0.03882937622353531 0.08532549480421991
0 0.30643854999215075 0.4508458600429136 0.03882937622353531 0.08532549480421991
0 0.38704619844820465 0.5274026422260004 0.03187004809323426 0.06457595222957302
0 0.38704619844820465 0.5274026422260004 0.03187004809323426 0.06457595222957302
0 0.36902288474587386 0.5245836448238904 0.02060516587924912 0.054436127723940686
0 0.36902288474587386 0.5245836448238904 0.02060516587924912 0.054436127723940686
0 0.5670635698624167 0.6163662252816072 0.02830853847458741 0.05185743094224939
0 0.5670635698624167 0.6163662252816072 0.02830853847458741 0.05185743094224939
0 0.6037476035276806 0.6625745897639963 0.04206350362819702 0.08866901609154354
0 0.6037476035276806 0.6625745897639963 0.04206350362819702 0.08866901609154354
0 0.6394817176854983 0.5699936058555396 0.00997520072563951 0.017843063861970522
0 0.6394817176854983 0.5699936058555396 0.00997520072563951 0.017843063861970522
0 0.6298413336574148 0.517103552637231 0.02814484736759475 0.04716993094224957