0 0.4319668619652012 0.6664873700382832 0.049146828130301044 0.025974031780473084
0 0.4319668619652012 0.6664873700382832 0.049146828130301044 0.025974031780473084
0 0.3311607530800429 0.2507507731971869 0.04160714664195542 0.0328733814932999
0 0.3311607530800429 0.2507507731971869 0.04160714664195542 0.0328733814932999
0 0.3207961719545169 0.2684354335992293 0.020530754809323426 0.00862419074664995
0 0.3207961719545169 0.2684354335992293 0.020530754809323426 0.00862419074664995
0 0.30117564191745 0.3130884393745965 0.030233137023308564 0.019094971091257663
0 0.30117564191745 0.3130884393745965 0.030233137023308564 0.019094971091257663
0 0.30077633783376595 0.32411725440331385 0.023710318511654192 0.010551950861519188
0 0.30077633783376595 0.32411725440331385 0.023710318511654192 0.010551950861519188
0 0.2823090800292177 0.35686888012124646 0.02672619110699257 0.007792210976388425
0 0.2823090800292177 0.35686888012124646 0.02672619110699257 0.007792210976388425
0 0.28487108483854107 0.3628449350350945 0.025218254809323427 0.009172080918953895
0 0.28487108483854107 0.3628449350350945 0.025218254809323427 0.009172080918953895
0 0.28186513592700024 0.3890827601786811 0.018968254809323425 0.008441560689215333
0 0.28186513592700024 0.3890827601786811 0.018968254809323425 0.008441560689215333
0 0.28211067258748906 0.3961140101786811 0.023601191106992568 0.007426950861519188
0 0.28211067258748906 0.3961140101786811 0.023601191106992568 0.007426950861519188
0 0.3056746912766286 0.621631459604335 0.04495040145127884 0.03948864160816914
0 0.3056746912766286 0.621631459604335 0.04495040145127884 0.03948864160816914
0 0.3112352105139223 0.646083569432031 0.02387400961864685 0.015239450861519187
0 0.3112352105139223 0.646083569432031 0.02387400961864685 0.015239450861519187
0 0.3426141852861788 0.6910510983407734 0.023819445916315997 0.013676950861519188
0 0.3426141852861788 0.6910510983407734 0.023819445916315997 0.013676950861519188
0 0.33122281750016397 0.701795823771533 0.031577382213985136 0.013027601148692369
0 0.33122281750016397 0.701795823771533 0.031577382213985136 0.013027601148692369
0 0.32966031750016395 0.7019784538289676 0.033303573320977706 0.0178977312061269