0 0.7062441678088018 0.6593153290252782 0.12431673151356133 0.07155030452090294
0 0.7062441678088018 0.6593153290252782 0.12431673151356133 0.07155030452090294
0 0.7122442678511541 0.6149841007767713 0.03279708944842134 0.027289851823611145
0 0.7122442678511541 0.6149841007767713 0.03279708944842134 0.027289851823611145
0 0.5742297864081799 0.46899684070878517 0.02581904735504672 0.014644381458888845
0 0.5742297864081799 0.46899684070878517 0.02581904735504672 0.014644381458888845
0 0.5748983733669398 0.34652242866468796 0.08416216837349921 0.051891114741388925
0 0.5748983733669398 0.34652242866468796 0.08416216837349921 0.051891114741388925
0 0.5614050207643387 0.3157809217308338 0.12110072625188942 0.06991506933854179
0 0.5614050207643387 0.3157809217308338 0.12110072625188942 0.06991506933854179
0 0.46586500761015903 0.3096562486688198 0.055582142065139804 0.04342399810013893
0 0.46586500761015903 0.3096562486688198 0.055582142065139804 0.04342399810013893
0 0.46262588652111936 0.3478102120996879 0.04704159997176518 0.03074216014423614
0 0.46262588652111936 0.3478102120996879 0.04704159997176518 0.03074216014423614
0 0.5728779309629815 0.6601121499793408 0.027563557878390377 0.017805749050069507
0 0.5728779309629815 0.6601121499793408 0.027563557878390377 0.017805749050069507
0 0.6059935388272544 0.6928707518029519 0.03721157366340577 0.02271145459715278
0 0.6059935388272544 0.6928707518029519 0.03721157366340577 0.02271145459715278
0 0.6121448282897932 0.7047167883720838 0.038865078925077866 0.024310322188333445