0 0.4593704603008101 0.5832189858724756 0.0465496683207995 0.031591731340888884
0 0.4593704603008101 0.5832189858724756 0.0465496683207995 0.031591731340888884
0 0.4437647309789746 0.5678524144614181 0.035102746071058635 0.01944027894826057
0 0.4437647309789746 0.5678524144614181 0.035102746071058635 0.01944027894826057
0 0.35965725062368176 0.6549086356357552 0.02736302067816441 0.020135670096383153
0 0.35965725062368176 0.6549086356357552 0.02736302067816441 0.020135670096383153
0 0.3406375769261987 0.6127185795358241 0.027144696856846905 0.015448170096383152
0 0.3406375769261987 0.6127185795358241 0.027144696856846905 0.015448170096383152
0 0.356183340160765 0.7128078465209429 0.07667381596343467 0.04426174497802293
0 0.356183340160765 0.7128078465209429 0.07667381596343467 0.04426174497802293
0 0.36007462758815245 0.6626344247505674 0.028852746071058633 0.0187465918667586
0 0.36007462758815245 0.6626344247505674 0.028852746071058633 0.0187465918667586
0 0.43621136600621596 0.21272795190223798 0.06424659057054054 0.04443687081501908