0 0.46793750199677026 0.6951799908992629 0.07623649810013902 0.05661818114108108
0 0.46793750199677026 0.6951799908992629 0.07623649810013902 0.05661818114108108
0 0.44858874316305497 0.6528276710068868 0.06671602773541671 0.0499315334984459
0 0.44858874316305497 0.6528276710068868 0.06671602773541671 0.0499315334984459
0 0.45017008016902726 0.6184890583104397 0.05864895459715278 0.038630160462916764
0 0.45017008016902726 0.6184890583104397 0.05864895459715278 0.038630160462916764
0 0.45146570212861087 0.3276093471855691 0.023764808320625087 0.01515411910658786
0 0.45146570212861087 0.3276093471855691 0.023764808320625087 0.01515411910658786
0 0.4052076447579164 0.36612388357949927 0.03324891109416672 0.02027826674922304
0 0.4052076447579164 0.36612388357949927 0.03324891109416672 0.02027826674922304
0 0.4129103887739928 0.4048053939185815 0.05210801386770836 0.02583906203449331
0 0.4129103887739928 0.4048053939185815 0.05210801386770836 0.02583906203449331
0 0.3490076236720134 0.596571208848559 0.048983013867708355 0.025693512820281584
0 0.3490076236720134 0.596571208848559 0.048983013867708355 0.025693512820281584
0 0.4492258292190968 0.5918537837033337 0.037936411094166546 0.020496590570540717