0 0.505307302692849 0.8088749869758539 0.05254514586155708 0.024472918422390678
0 0.505307302692849 0.8088749869758539 0.05254514586155708 0.024472918422390678
0 0.5027654788575593 0.8423820260906663 0.028861984396167627 0.01718409186675842
0 0.5027654788575593 0.8423820260906663 0.028861984396167627 0.01718409186675842
0 0.4589368294894992 0.29924837465339416 0.06775406603337367 0.047908714355770064
0 0.4589368294894992 0.29924837465339416 0.06775406603337367 0.047908714355770064
0 0.35829618385508477 0.735195247019808 0.026064533016686743 0.023087248326007524
0 0.35829618385508477 0.735195247019808 0.026064533016686743 0.023087248326007524
0 0.36208292514865753 0.7529030123309345 0.04785764586155707 0.023952653111264332
0 0.36208292514865753 0.7529030123309345 0.04785764586155707 0.023952653111264332
0 0.3565831976498947 0.7978686687901835 0.07704717887824382 0.047386744978022935
0 0.3565831976498947 0.7978686687901835 0.07704717887824382 0.047386744978022935