0 0.4700786174037493 0.7699690544930384 0.04444098423243048 0.03377173793672501
0 0.4700786174037493 0.7699690544930384 0.04444098423243048 0.03377173793672501
0 0.5151917488626382 0.7408118837360147 0.04436824905006951 0.03064673793672501
0 0.5151917488626382 0.7408118837360147 0.04436824905006951 0.03064673793672501
0 0.5664470839687494 0.6487171160571992 0.05076371941479181 0.03748020049911425
0 0.5664470839687494 0.6487171160571992 0.05076371941479181 0.03748020049911425
0 0.5576526590068743 0.6916339442601857 0.03168641109416672 0.02166731281194636
0 0.5576526590068743 0.6916339442601857 0.03168641109416672 0.02166731281194636
0 0.45100326871427027 0.6852194906411022 0.023801175911805573 0.017812984608959682
0 0.45100326871427027 0.6852194906411022 0.023801175911805573 0.017812984608959682
0 0.554988786000451 0.33718625374436695 0.028779616641250172 0.03075058153075183
0 0.554988786000451 0.33718625374436695 0.028779616641250172 0.03075058153075183
0 0.6636721485576385 0.39018397608225575 0.02703527868534721 0.022792215890154566
0 0.6636721485576385 0.39018397608225575 0.02703527868534721 0.022792215890154566