0 0.4042308619613736 0.6913094237044014 0.04059214901126431 0.02255683847375849
0 0.4042308619613736 0.6913094237044014 0.04059214901126431 0.02255683847375849
0 0.6586823232451244 0.3443178267092263 0.017952324505632156 0.01123750892845372
0 0.6586823232451244 0.3443178267092263 0.017952324505632156 0.01123750892845372
0 0.6549292565331625 0.4091479399397511 0.045607430942249394 0.027326159090609536
0 0.6549292565331625 0.4091479399397511 0.045607430942249394 0.027326159090609536
0 0.5598688567655935 0.6526991168872681 0.04237317029858776 0.025709112012708778
0 0.5598688567655935 0.6526991168872681 0.04237317029858776 0.025709112012708778
0 0.5424792609726379 0.6670479890462466 0.03412362772394086 0.019322744317957153
0 0.5424792609726379 0.6670479890462466 0.03412362772394086 0.019322744317957153
0 0.5659931706275639 0.6432286595009419 0.04706067029858776 0.025790932629559827
0 0.5659931706275639 0.6432286595009419 0.04706067029858776 0.025790932629559827
0 0.5219046810191241 0.7157854979747004 0.04091993094224957 0.02724433847375849
0 0.5219046810191241 0.7157854979747004 0.04091993094224957 0.02724433847375849