0 0.2351471050546524 0.4429985711658623 0.0453501740119445 0.07360580957051344
0 0.2351471050546524 0.4429985711658623 0.0453501740119445 0.07360580957051344
0 0.2604744133752774 0.4261613228398547 0.019768292553055566 0.045831061244505734
0 0.2604744133752774 0.4261613228398547 0.019768292553055566 0.045831061244505734
0 0.30660453096645796 0.4194828806137781 0.02122168977951393 0.04131698301488118
0 0.30660453096645796 0.4194828806137781 0.02122168977951393 0.04131698301488118
0 0.3682505457840969 0.41575772068394673 0.04197060087368065 0.062321466029762365
0 0.3682505457840969 0.41575772068394673 0.04197060087368065 0.062321466029762365
0 0.3943772879003121 0.39805251147275134 0.02427395459715278 0.038538826555632164
0 0.3943772879003121 0.39805251147275134 0.02427395459715278 0.038538826555632164
0 0.6235010902370135 0.39677826122755616 0.01809668977951393 0.040970139474130286
0 0.6235010902370135 0.39677826122755616 0.01809668977951393 0.040970139474130286
0 0.6754623273192356 0.44088192103478996 0.05087412860909737 0.11006357488163979
0 0.6754623273192356 0.44088192103478996 0.05087412860909737 0.11006357488163979
0 0.730494666225069 0.45347544818646046 0.017878484232430658 0.031595139474130104
0 0.730494666225069 0.45347544818646046 0.017878484232430658 0.031595139474130104