0 0.5234375 0.6794439307594045 0.04375 0.026988641608169318
0 0.5234375 0.6794439307594045 0.04375 0.026988641608169318
0 0.471875 0.5956269726547467 0.075 0.04001624275686151
0 0.471875 0.5956269726547467 0.075 0.04001624275686151
0 0.48828125 0.5671468570516833 0.0671875 0.050040592469688325
0 0.48828125 0.5671468570516833 0.0671875 0.050040592469688325
0 0.4578125 0.5308643931716583 0.0671875 0.03597809246968851
0 0.4578125 0.5308643931716583 0.0671875 0.03597809246968851
0 0.4671875 0.4969561128270506 0.0640625 0.04498783235481909
0 0.4671875 0.4969561128270506 0.0640625 0.04498783235481909
0 0.47109375 0.458999537683464 0.0890625 0.060409913273772986
0 0.47109375 0.458999537683464 0.0890625 0.060409913273772986
0 0.44453125 0.43007299865985243 0.0375 0.020008121378430842
0 0.44453125 0.43007299865985243 0.0375 0.020008121378430842
0 0.4296875 0.7583704842054813 0.05625 0.04563718206764609
0 0.4296875 0.7583704842054813 0.05625 0.04563718206764609
0 0.4125 0.735379414837262 0.0375 0.026258121378430845
0 0.4125 0.735379414837262 0.0375 0.026258121378430845
0 0.33671875 0.24033072262284078 0.0671875 0.05316559246968842