0 0.26637252843803694 0.39743281876986086 0.01644335391920828 0.028488675911805574
0 0.26637252843803694 0.39743281876986086 0.01644335391920828 0.028488675911805574
0 0.3065799912910184 0.38400544519475666 0.014880853919208192 0.028452308320624998
0 0.3065799912910184 0.38400544519475666 0.014880853919208192 0.028452308320624998
0 0.3168044374509524 0.38142530585208306 0.014608069279472159 0.019077308320625087
0 0.3168044374509524 0.38142530585208306 0.014608069279472159 0.019077308320625087
0 0.36666804513108436 0.3849490429343052 0.024574102665567032 0.03960801386770836
0 0.36666804513108436 0.3849490429343052 0.024574102665567032 0.03960801386770836
0 0.669840857746639 0.45674542885850633 0.03467652837152997 0.0648262194147918
0 0.669840857746639 0.45674542885850633 0.03467652837152997 0.0648262194147918
0 0.7475770643314142 0.38779410068624937 0.013091033386094963 0.020603440729444422
0 0.7475770643314142 0.38779410068624937 0.013091033386094963 0.020603440729444422
0 0.7401737412910183 0.37391343864215215 0.03141513605166182 0.06006598423243066
0 0.7401737412910183 0.37391343864215215 0.03141513605166182 0.06006598423243066
0 0.6907193105704905 0.35632720155993 0.018096782132453627 0.03165004350298615
0 0.6907193105704905 0.35632720155993 0.018096782132453627 0.03165004350298615
0 0.6992675964638678 0.3576896798084369 0.010011497492717503 0.022093205547083272
0 0.6992675964638678 0.3576896798084369 0.010011497492717503 0.022093205547083272
0 0.41681646080791734 0.2713580151988885 0.03863660266556703 0.03993532218833336
0 0.41681646080791734 0.2713580151988885 0.03863660266556703 0.03993532218833336
0 0.398620390274804 0.27958874249746496 0.02131271034569897 0.034847778685347205
0 0.398620390274804 0.27958874249746496 0.02131271034569897 0.034847778685347205
0 0.359557890274804 0.28049793227697883 0.03449467194503919 0.05857621941479172
0 0.359557890274804 0.28049793227697883 0.03449467194503919 0.05857621941479172
0 0.2963531966221525 0.3061713859242011 0.021267246239076342 0.03328527868534721