0 0.5674288053978389 0.5978085674500848 0.0697686719391104 0.03263055789652096
0 0.5674288053978389 0.5978085674500848 0.0697686719391104 0.03263055789652096
0 0.6312419545995361 0.5075389313239393 0.05057300296574958 0.01961199665201523
0 0.6312419545995361 0.5075389313239393 0.05057300296574958 0.01961199665201523
0 0.6428824501509117 0.48505780716093544 0.047384335969555026 0.017702653111264333
0 0.6428824501509117 0.48505780716093544 0.047384335969555026 0.017702653111264333
0 0.6575378577555661 0.440268128571993 0.03631950197716627 0.013363700718636018
0 0.6575378577555661 0.440268128571993 0.03631950197716627 0.013363700718636018
0 0.5211560528891999 0.19407233108721889 0.05752333992388792 0.037493183733517156
0 0.5211560528891999 0.19407233108721889 0.05752333992388792 0.037493183733517156
0 0.7064634945999735 0.29279211660885124 0.046331171939110405 0.030029231340888883
0 0.7064634945999735 0.29279211660885124 0.046331171939110405 0.030029231340888883
0 0.7202540805695288 0.3038180315606597 0.049074169961943956 0.02100107488163978
0 0.7202540805695288 0.3038180315606597 0.049074169961943956 0.02100107488163978
0 0.6300163301124181 0.7085794619461921 0.023883168973360826 0.013538826555632256