0 0.664903462233615 0.22369489351151425 0.016853307326946166 0.02489615640597318
0 0.664903462233615 0.22369489351151425 0.016853307326946166 0.02489615640597318
0 0.7240737443457904 0.21424574916881606 0.015208920171816586 0.023187790765375915
0 0.7240737443457904 0.21424574916881606 0.015208920171816586 0.023187790765375915
0 0.608445422319523 0.23995648939331646 0.015290807326946165 0.024750290765375917
0 0.608445422319523 0.23995648939331646 0.015290807326946165 0.024750290765375917
0 0.24838210481581152 0.41017241493368706 0.0514673247398008 0.062334334858516985
0 0.24838210481581152 0.41017241493368706 0.0514673247398008 0.062334334858516985
0 0.22596819425493342 0.43189164954264686 0.020305855947465278 0.03143788768716789
0 0.22596819425493342 0.43189164954264686 0.020305855947465278 0.03143788768716789
0 0.21526971166778797 0.4674335746674254 0.033788501809022264 0.05135481281194636