0 0.6036811281561482 0.8009409685679156 0.04358931369509058 0.025565927992499838
0 0.6036811281561482 0.8009409685679156 0.04358931369509058 0.025565927992499838
0 0.5782305451827262 0.7917225019797675 0.05160207279438911 0.029374433176296223
0 0.5782305451827262 0.7917225019797675 0.05160207279438911 0.029374433176296223
0 0.574585111037285 0.7712049504246286 0.04338905459579188 0.02244092799249984
0 0.574585111037285 0.7712049504246286 0.04338905459579188 0.02244092799249984
0 0.5038930767995587 0.7106393058439806 0.02726340684754529 0.013261417624907424
0 0.5038930767995587 0.7106393058439806 0.02726340684754529 0.013261417624907424
0 0.48822399984311654 0.40551230843587877 0.04308866594684382 0.017753427992499838
0 0.48822399984311654 0.40551230843587877 0.04308866594684382 0.017753427992499838
0 0.5403686883074943 0.34637104575921196 0.05845285009228505 0.039296237323333205
0 0.5403686883074943 0.34637104575921196 0.05845285009228505 0.039296237323333205
0 0.5366231246124038 0.3242909942040731 0.06213905459579187 0.024081340433610966
0 0.5366231246124038 0.3242909942040731 0.06213905459579187 0.024081340433610966
0 0.4033588440753054 0.3662359034876381 0.05472707279438911 0.02964783524981467
0 0.4033588440753054 0.3662359034876381 0.05472707279438911 0.02964783524981467
0 0.38722270434662326 0.38113844208328634 0.04817668414544114 0.024413531102777684
0 0.38722270434662326 0.38113844208328634 0.04817668414544114 0.024413531102777684
0 0.41473044724990943 0.7012848467487031 0.0632404796419344 0.04126884043361088
0 0.41473044724990943 0.7012848467487031 0.0632404796419344 0.04126884043361088