0 0.60641720553879 0.6815061056598944 0.05450771753501123 0.03495886696193899
0 0.60641720553879 0.6815061056598944 0.05450771753501123 0.03495886696193899
0 0.4990583540099947 0.3800161933741199 0.06068494292790536 0.03401652778099047
0 0.4990583540099947 0.3800161933741199 0.06068494292790536 0.03401652778099047
0 0.4955330936709125 0.3711123629645941 0.04796661910658777 0.028088706142887256
0 0.4955330936709125 0.3711123629645941 0.04796661910658777 0.028088706142887256
0 0.48606604838564216 0.3515096418383981 0.07205909057054054 0.04447680921433088
0 0.48606604838564216 0.3515096418383981 0.07205909057054054 0.04447680921433088
0 0.4792702388323482 0.33917073101934647 0.03837329528527036 0.02247096491430973
0 0.4792702388323482 0.33917073101934647 0.03837329528527036 0.02247096491430973
0 0.4718729617440431 0.2972218403026763 0.03197774607105863 0.018725804095258168
0 0.4718729617440431 0.2972218403026763 0.03197774607105863 0.018725804095258168
0 0.5920548751024439 0.25626749637656454 0.03939213978475244 0.044345964914309734
0 0.5920548751024439 0.25626749637656454 0.03939213978475244 0.044345964914309734
0 0.6048673982618077 0.31430650770752344 0.025946069892376043 0.022793143276206518
0 0.6048673982618077 0.31430650770752344 0.025946069892376043 0.022793143276206518
0 0.6055074071531479 0.3781364474003791 0.036810795285270356 0.022315924709546842
0 0.6055074071531479 0.3781364474003791 0.036810795285270356 0.022315924709546842
0 0.6089962801886772 0.38625902780990484 0.03837329528527036 0.02247096491430973
0 0.6089962801886772 0.38625902780990484 0.03837329528527036 0.02247096491430973
0 0.6812651941662505 0.5855069061028026 0.0336130206781645 0.02044334430002106
0 0.6812651941662505 0.5855069061028026 0.0336130206781645 0.02044334430002106
0 0.7165327601296851 0.6247777705052051 0.06595463978475244 0.04698164839527923
0 0.7165327601296851 0.6247777705052051 0.06595463978475244 0.04698164839527923
0 0.7072498054149555 0.6425200091742462 0.02474744292790554 0.03045060307144354
0 0.7072498054149555 0.6425200091742462 0.02474744292790554 0.03045060307144354
0 0.7207322626108846 0.6648540808123495 0.03368579528527036 0.02200584430002106
0 0.7207322626108846 0.6648540808123495 0.03368579528527036 0.02200584430002106
0 0.7251843221641785 0.6769604313242568 0.04320634449948209 0.026061085528598583