0 0.6563804708447801 0.2592170573750051 0.045132717535011226 0.03147017589344294
0 0.6563804708447801 0.2592170573750051 0.045132717535011226 0.03147017589344294
0 0.6777075072387102 0.3054845623179211 0.045059942927905536 0.029907675893442943
0 0.6777075072387102 0.3054845623179211 0.045059942927905536 0.029907675893442943
0 0.6652010450803825 0.4059474773369491 0.053163541356328815 0.036476010874414835
0 0.6652010450803825 0.4059474773369491 0.053163541356328815 0.036476010874414835
0 0.6834266602580289 0.3675534807969902 0.03219606989237604 0.02158583992388783
0 0.6834266602580289 0.3675534807969902 0.03219606989237604 0.02158583992388783
0 0.5879536484712047 0.3166992935348407 0.024165246071058633 0.01658000494291585
0 0.5879536484712047 0.3166992935348407 0.024165246071058633 0.01658000494291585
0 0.4621872452469983 0.6473670203031361 0.029507717535011226 0.03083350593149916
0 0.4621872452469983 0.6473670203031361 0.029507717535011226 0.03083350593149916
0 0.589130734907916 0.661149630492979 0.027508569892376045 0.021394838935304604
0 0.589130734907916 0.661149630492979 0.027508569892376045 0.021394838935304604