0 0.6510702056083663 0.2938914538905003 0.013305483403260609 0.031631945916316
0 0.6510702056083663 0.2938914538905003 0.013305483403260609 0.031631945916316
0 0.6147891634918174 0.27782002058805605 0.014749584233097402 0.030124009618646853
0 0.6147891634918174 0.27782002058805605 0.014749584233097402 0.030124009618646853
0 0.21701451432165442 0.26237105834485325 0.021117983403260432 0.03190476442797028
0 0.21701451432165442 0.26237105834485325 0.021117983403260432 0.03190476442797028
0 0.23440292386477965 0.24505707277282354 0.020762785892771342 0.02721726442797028
0 0.23440292386477965 0.24505707277282354 0.020762785892771342 0.02721726442797028
0 0.25709414004660064 0.21546134201011724 0.038022063487172984 0.06989583774894799
0 0.25709414004660064 0.21546134201011724 0.038022063487172984 0.06989583774894799
0 0.3809567699207318 0.16368556560124742 0.01976897095570589 0.055233137023308565
0 0.3809567699207318 0.16368556560124742 0.01976897095570589 0.055233137023308565