0 0.5497612139538952 0.25886357417866507 0.06345500494291585 0.027442681985972862
0 0.5497612139538952 0.25886357417866507 0.06345500494291585 0.027442681985972862
0 0.5453748028891998 0.2850756207548925 0.08290534190105418 0.04583173658176474
0 0.5453748028891998 0.2850756207548925 0.08290534190105418 0.04583173658176474
0 0.4579251769192071 0.4719364682262839 0.027008168973360825 0.012639702344038462
0 0.4579251769192071 0.4719364682262839 0.027008168973360825 0.012639702344038462
0 0.45852469619657904 0.5631424591269852 0.02850700197716627 0.011177331893687813
0 0.45852469619657904 0.5631424591269852 0.02850700197716627 0.011177331893687813
0 0.35424039729889295 0.7193145111018835 0.02094916996194396 0.01692668414544123
0 0.35424039729889295 0.7193145111018835 0.02094916996194396 0.01692668414544123
0 0.35179453513188375 0.5827960202011822 0.030196835969555202 0.014402461443336989
0 0.35179453513188375 0.5827960202011822 0.030196835969555202 0.014402461443336989
0 0.33872023767989135 0.3575456963270588 0.027390170950527093 0.02201470234403846