0 0.32394357757146014 0.506671560379164 0.018931807181592396 0.03223264586155707
0 0.32394357757146014 0.506671560379164 0.018931807181592396 0.03223264586155707
0 0.33101118900777865 0.5132900525772479 0.02050339754067192 0.03387703301668665
0 0.33101118900777865 0.5132900525772479 0.02050339754067192 0.03387703301668665
0 0.6136014960911751 0.6241644340781681 0.015770445745273774 0.025818871551297563
0 0.6136014960911751 0.6241644340781681 0.015770445745273774 0.025818871551297563
0 0.7042264960911752 0.6289138890756937 0.040970433645025395 0.06150406603337348
0 0.7042264960911752 0.6289138890756937 0.040970433645025395 0.06150406603337348
0 0.6555849838927308 0.7255531936891065 0.05655907220870695 0.056072937584671044
0 0.6555849838927308 0.7255531936891065 0.05655907220870695 0.056072937584671044
0 0.5704696405085892 0.7281215937345351 0.015788626463433174 0.028943871551297563
0 0.5704696405085892 0.7281215937345351 0.015788626463433174 0.028943871551297563
0 0.31218898701598885 0.634141463138126 0.014235216822512697 0.030424484396167628
0 0.31218898701598885 0.634141463138126 0.014235216822512697 0.030424484396167628
0 0.29649126414335186 0.6208225915868285 0.05674087939029935 0.08732293758467105
0 0.29649126414335186 0.6208225915868285 0.05674087939029935 0.08732293758467105
0 0.2745162701934761 0.602488671415012 0.03153180113146821 0.050075243102595125
0 0.2745162701934761 0.602488671415012 0.03153180113146821 0.050075243102595125
0 0.24469695998682162 0.5782765654675467 0.031495439695149674 0.04382524310259513
0 0.24469695998682162 0.5782765654675467 0.031495439695149674 0.04382524310259513
0 0.2674350232185382 0.5935264292169281 0.014217036104353476 0.027299484396167806