0 0.49166673047046566 0.590805983040141 0.04425010517284953 0.018715283665263982
0 0.49166673047046566 0.590805983040141 0.04425010517284953 0.018715283665263982
0 0.5014736394833812 0.5756348508261558 0.08528428213245362 0.03419643992586607
0 0.5014736394833812 0.5756348508261558 0.08528428213245362 0.03419643992586607
0 0.5357613744396864 0.44332085863070414 0.03152278463973612 0.01046627404661713
0 0.5357613744396864 0.44332085863070414 0.03152278463973612 0.01046627404661713
0 0.49113449920857716 0.28722711525412614 0.04420464106622681 0.01715278366526398
0 0.49113449920857716 0.28722711525412614 0.04420464106622681 0.01715278366526398
0 0.47324831723440813 0.25819437968209635 0.06134667695960409 0.016190484390903315
0 0.47324831723440813 0.25819437968209635 0.06134667695960409 0.016190484390903315
0 0.4939185184089071 0.2988367378494644 0.026744356426490867 0.0071775829396245605
0 0.4939185184089071 0.2988367378494644 0.026744356426490867 0.0071775829396245605
0 0.6087371878466639 0.2152206512816428 0.0504091769596041 0.015808538474587408
0 0.6087371878466639 0.2152206512816428 0.0504091769596041 0.015808538474587408
0 0.6091547249936824 0.22769336943047738 0.034602320533113406 0.009012901451278843
0 0.6091547249936824 0.22769336943047738 0.034602320533113406 0.009012901451278843
0 0.633776640274804 0.26663681834201824 0.03621028463973595 0.0106299651536097
0 0.633776640274804 0.26663681834201824 0.03621028463973595 0.0106299651536097
0 0.6334583915284453 0.27757431834201823 0.05036371285298138 0.014246038474587408
0 0.6334583915284453 0.27757431834201823 0.05036371285298138 0.014246038474587408
0 0.6341654336900288 0.333742472788522 0.041079641066226816 0.01704365626060227
0 0.6341654336900288 0.333742472788522 0.041079641066226816 0.01704365626060227
0 0.6402646695042638 0.3655281861280331 0.026835284639736123 0.01030258293962456
0 0.6402646695042638 0.3655281861280331 0.026835284639736123 0.01030258293962456
0 0.6476583176966265 0.5674081446582209 0.03152278463973612 0.01046627404661713
0 0.6476583176966265 0.5674081446582209 0.03152278463973612 0.01046627404661713
0 0.6338398586045688 0.6131571542768677 0.05505121285298138 0.014409729581580067
0 0.6338398586045688 0.6131571542768677 0.05505121285298138 0.014409729581580067