0 0.6241516140685971 0.3005716164992014 0.037618174668035034 0.02293475544788164
0 0.6241516140685971 0.3005716164992014 0.037618174668035034 0.02293475544788164
0 0.6203271773003136 0.31436096489004706 0.0517352168225127 0.033293101240837245
0 0.6203271773003136 0.31436096489004706 0.0517352168225127 0.033293101240837245
0 0.5900220537637468 0.34035538233864326 0.03134999394987581 0.019372712873234655
0 0.5900220537637468 0.34035538233864326 0.03134999394987581 0.019372712873234655
0 0.5885186410977643 0.3504023716949815 0.048582945745273956 0.028387079953513705
0 0.5885186410977643 0.3504023716949815 0.048582945745273956 0.028387079953513705
0 0.5636640868430381 0.37365420139639377 0.048592036104353475 0.029949579953513706
0 0.5636640868430381 0.37365420139639377 0.048592036104353475 0.029949579953513706
0 0.5613748789975158 0.3828653104309011 0.02977840359079629 0.01770095222957302
0 0.5613748789975158 0.3828653104309011 0.02977840359079629 0.01770095222957302
0 0.5459044151018694 0.4083352039942838 0.03290340359079611 0.01791947351689647
0 0.5459044151018694 0.4083352039942838 0.03290340359079611 0.01791947351689647
0 0.48326001111828976 0.6476055176041526 0.06896816861791084 0.042307468321116204
0 0.48326001111828976 0.6476055176041526 0.06896816861791084 0.042307468321116204
0 0.49860373086766874 0.7345809937189391 0.018804542154477667 0.010686127723940685
0 0.49860373086766874 0.7345809937189391 0.018804542154477667 0.010686127723940685
0 0.49629634230398717 0.7406671027534465 0.020367042154477842 0.010795388367602498
0 0.49629634230398717 0.7406671027534465 0.020367042154477842 0.010795388367602498
0 0.39788611338122604 0.7384711822027572 0.03134999394987581 0.019372712873234832
0 0.39788611338122604 0.7384711822027572 0.03134999394987581 0.019372712873234832
0 0.4090276255796703 0.6400718870302202 0.028206813231716588 0.016029191585911207
0 0.4090276255796703 0.6400718870302202 0.028206813231716588 0.016029191585911207
0 0.4699413579202771 0.37178606277668963 0.03135908430895533 0.020935212873234653
0 0.4699413579202771 0.37178606277668963 0.03135908430895533 0.020935212873234653
0 0.5092669574527389 0.2855097091900639 0.045439765027114734 0.025043558666190256
0 0.5092669574527389 0.2855097091900639 0.045439765027114734 0.025043558666190256
0 0.45598339704969265 0.388771466983734 0.020385222872636888 0.0139203883676025
0 0.45598339704969265 0.388771466983734 0.020385222872636888 0.0139203883676025