0 0.60629943179882 0.69750362456148 0.02685344072944442 0.013582338935304606
0 0.60629943179882 0.69750362456148 0.02685344072944442 0.013582338935304606
0 0.5839483870615629 0.5084902041052445 0.03165004350298624 0.018460839923887917
0 0.5839483870615629 0.5084902041052445 0.03165004350298624 0.018460839923887917
0 0.5310935311538892 0.38379661022702394 0.028415940729444422 0.013646005931499072
0 0.5310935311538892 0.38379661022702394 0.028415940729444422 0.013646005931499072
0 0.5115798117390975 0.35022010627269123 0.029978440729444424 0.01370967292769345
0 0.5115798117390975 0.35022010627269123 0.029978440729444424 0.01370967292769345
0 0.5944273729095141 0.2880331240671884 0.025400043502986237 0.018206171939110227
0 0.5944273729095141 0.2880331240671884 0.025400043502986237 0.018206171939110227
0 0.6213723858272919 0.33908362950439586 0.03324891109416672 0.020087006920082296
0 0.6213723858272919 0.33908362950439586 0.03324891109416672 0.020087006920082296
0 0.6262235399876045 0.34630588049297906 0.02536367591180557 0.016643671939110226
0 0.6262235399876045 0.34630588049297906 0.02536367591180557 0.016643671939110226
0 0.6480810094023962 0.37997788494160334 0.028452308320624908 0.015208505931498983
0 0.6480810094023962 0.37997788494160334 0.028452308320624908 0.015208505931498983
0 0.646700347358299 0.3877267179454089 0.023692073138263936 0.01189250494291585
0 0.646700347358299 0.3877267179454089 0.023692073138263936 0.01189250494291585
0 0.7049356471295491 0.642984562317921 0.026998911094166723 0.019832338935304606
0 0.7049356471295491 0.642984562317921 0.026998911094166723 0.019832338935304606
0 0.7094426155944102 0.7024868963103097 0.03165004350298624 0.018460839923887917
0 0.7094426155944102 0.7024868963103097 0.03165004350298624 0.018460839923887917
0 0.7065721887326741 0.713297062317921 0.03481141109416672 0.020150673916276673
0 0.7065721887326741 0.713297062317921 0.03481141109416672 0.020150673916276673
0 0.5987967095342367 0.7440284560824109 0.02540004350298606 0.018206171939110227