0 0.28628495860743747 0.5326641723195231 0.014526150162155815 0.027299484396167806
0 0.28628495860743747 0.5326641723195231 0.014526150162155815 0.027299484396167806
0 0.33692984091268574 0.54313800486124 0.014553423701106105 0.028861984396167807
0 0.33692984091268574 0.54313800486124 0.014553423701106105 0.028861984396167807
0 0.599712258931749 0.49591660334547355 0.033712526785361165 0.0532821302577247
0 0.599712258931749 0.49591660334547355 0.033712526785361165 0.0532821302577247
0 0.6170088530875504 0.4905673620519007 0.025900026785361165 0.0528726944820761
0 0.6170088530875504 0.4905673620519007 0.025900026785361165 0.0528726944820761
0 0.654013975246529 0.4760854601974499 0.011373876623205348 0.025573210085908116
0 0.654013975246529 0.4760854601974499 0.011373876623205348 0.025573210085908116
0 0.7126719549539895 0.4306777849372507 0.03360343262955982 0.0470321302577247
0 0.7126719549539895 0.4306777849372507 0.03360343262955982 0.0470321302577247
0 0.6695241526010831 0.5730799689038772 0.014444329545304769 0.022611984396167805
0 0.6695241526010831 0.5730799689038772 0.014444329545304769 0.022611984396167805
0 0.6608894922926576 0.5749733395506635 0.01603410308425506 0.024256371551297562
0 0.6608894922926576 0.5749733395506635 0.01603410308425506 0.024256371551297562
0 0.3758775182672399 0.6413608208946135 0.014417056006354479 0.021049484396167807
0 0.3758775182672399 0.6413608208946135 0.014417056006354479 0.021049484396167807
0 0.3593621741114385 0.6467510057657512 0.04656708279171564 0.07424972749876275
0 0.3593621741114385 0.6467510057657512 0.04656708279171564 0.07424972749876275
0 0.3211763814977647 0.6392760204650723 0.014526150162155815 0.02729948439616763
0 0.3211763814977647 0.6392760204650723 0.014526150162155815 0.02729948439616763