0 0.40207392582133494 0.5228300745636676 0.06712694324473975 0.026111513840164413
0 0.40207392582133494 0.5228300745636676 0.06712694324473975 0.026111513840164413
0 0.3801686474437048 0.5120344960084863 0.03890181369509049 0.02340300790866543
0 0.3801686474437048 0.5120344960084863 0.03890181369509049 0.02340300790866543
0 0.38393399753598983 0.47759582901229186 0.03986353639719464 0.014091674904859807
0 0.38393399753598983 0.47759582901229186 0.03986353639719464 0.014091674904859807
0 0.38093461520856337 0.24473424946852734 0.0538654796419344 0.03803851087441492
0 0.38093461520856337 0.24473424946852734 0.0538654796419344 0.03803851087441492
0 0.31249669340162334 0.32778151281440027 0.02560077729789594 0.010393671939110227
0 0.31249669340162334 0.32778151281440027 0.02560077729789594 0.010393671939110227
0 0.3229044648394231 0.3842397598486507 0.05286418414544123 0.02241351087441492
0 0.3229044648394231 0.3842397598486507 0.05286418414544123 0.02241351087441492