0 0.435467453219563 0.3074410066810086 0.058949102665567035 0.0465026405007201
0 0.435467453219563 0.3074410066810086 0.058949102665567035 0.0465026405007201
0 0.47003295064577355 0.7998988601001804 0.02550010517284953 0.020404858054365427
0 0.47003295064577355 0.7998988601001804 0.02550010517284953 0.020404858054365427
0 0.4604988262725941 0.7932236008297935 0.02223871285298138 0.015315188297569903
0 0.4604988262725941 0.7932236008297935 0.02223871285298138 0.015315188297569903
0 0.40402385424841275 0.698004922525068 0.02380121285298138 0.015516273175967755
0 0.40402385424841275 0.698004922525068 0.02380121285298138 0.015516273175967755
0 0.32841112265731975 0.37305256519315966 0.02393760517284953 0.020203773175967575
0 0.32841112265731975 0.37305256519315966 0.02393760517284953 0.020203773175967575
0 0.33803016356526194 0.32914765934194457 0.030142141066226813 0.019445612689558977
0 0.33803016356526194 0.32914765934194457 0.030142141066226813 0.019445612689558977
0 0.3572886289255259 0.32228622032191756 0.02063074874635875 0.013551603419171965
0 0.3572886289255259 0.32228622032191756 0.02063074874635875 0.013551603419171965
0 0.3728765250063176 0.29627261154509493 0.02710806927947216 0.022168442932763276