0 0.3348048413162889 0.6220918424913396 0.058341348904643375 0.07482293758467104
0 0.3348048413162889 0.6220918424913396 0.058341348904643375 0.07482293758467104
0 0.45164300032920435 0.6430361855485062 0.03569345909205772 0.047114017412854634
0 0.45164300032920435 0.6430361855485062 0.03569345909205772 0.047114017412854634
0 0.49845816435668483 0.6166274937799636 0.02724446159934022 0.024829581637205854
0 0.49845816435668483 0.6166274937799636 0.02724446159934022 0.024829581637205854
0 0.558651518275893 0.6478642056748942 0.02944345909205772 0.04678646879233561
0 0.558651518275893 0.6478642056748942 0.02944345909205772 0.04678646879233561
0 0.5972282849689405 0.6600266909755731 0.01657974623907634 0.03363137155129756
0 0.5972282849689405 0.6600266909755731 0.01657974623907634 0.03363137155129756
0 0.6305348784633076 0.6251094583884276 0.05736988229073816 0.09505355042954129
0 0.6305348784633076 0.6251094583884276 0.05736988229073816 0.09505355042954129
0 0.7215008592629776 0.6415776633859532 0.03537521034569906 0.03617651741285446
0 0.7215008592629776 0.6415776633859532 0.03537521034569906 0.03617651741285446
0 0.682147539587794 0.4686823959730987 0.05369931301126592 0.07613977611928177
0 0.682147539587794 0.4686823959730987 0.05369931301126592 0.07613977611928177
0 0.6072468279884538 0.4413552561044355 0.04029003087881229 0.04423467887824373
0 0.6072468279884538 0.4413552561044355 0.04029003087881229 0.04423467887824373
0 0.6419400767348126 0.45409427351729 0.038954851411925874 0.05196529172311415
0 0.6419400767348126 0.45409427351729 0.038954851411925874 0.05196529172311415
0 0.4436617011079919 0.4491633548158115 0.029579851411925873 0.05147396879233561
0 0.4436617011079919 0.4491633548158115 0.029579851411925873 0.05147396879233561
0 0.42739184342785996 0.4529910396869491 0.03234113855894431 0.03913774310259512
0 0.42739184342785996 0.4529910396869491 0.03234113855894431 0.03913774310259512
0 0.41745455377355895 0.4867928296010408 0.025119671945039102 0.059040807326946165
0 0.41745455377355895 0.4867928296010408 0.025119671945039102 0.059040807326946165
0 0.3065625178801817 0.4825413415868285 0.06660848997087018 0.09085737336031982
0 0.3065625178801817 0.4825413415868285 0.06660848997087018 0.09085737336031982