0 0.3846683333346864 0.6316245866662202 0.023512743102595036 0.03419465805396271
0 0.3846683333346864 0.6316245866662202 0.023512743102595036 0.03419465805396271
0 0.3085628567404348 0.6426223661954911 0.00846759724103805 0.01355166359070097
0 0.3085628567404348 0.6426223661954911 0.00846759724103805 0.01355166359070097
0 0.3368958966545265 0.6574510214810847 0.010111984396167806 0.015324496308841163
0 0.3368958966545265 0.6574510214810847 0.010111984396167806 0.015324496308841163
0 0.3717655416115724 0.6676522576392389 0.008549484396167806 0.015114163590700969
0 0.3717655416115724 0.6676522576392389 0.008549484396167806 0.015114163590700969
0 0.36949371268790004 0.6209275094848182 0.018989017412854546 0.036688659899542134
0 0.36949371268790004 0.6209275094848182 0.018989017412854546 0.036688659899542134
0 0.37883773518913727 0.6678175048708697 0.00887703301668683 0.02136416359070097
0 0.37883773518913727 0.6678175048708697 0.00887703301668683 0.02136416359070097
0 0.6477005998430299 0.6568042333137719 0.010030097241038049 0.013761996308841163
0 0.6477005998430299 0.6568042333137719 0.010030097241038049 0.013761996308841163
0 0.6413277691103352 0.6583066524412111 0.006986984396167628 0.014903830872560775
0 0.6413277691103352 0.6583066524412111 0.006986984396167628 0.014903830872560775