0 0.5550439647794093 0.6264096681176085 0.042278403590796286 0.016852530878812288
0 0.5550439647794093 0.6264096681176085 0.042278403590796286 0.016852530878812288
0 0.5657092748878678 0.5392051848106559 0.03914431323171659 0.015199102665567033
0 0.5657092748878678 0.5392051848106559 0.03914431323171659 0.015199102665567033
0 0.5650552899149826 0.5173074527573446 0.05637726502711473 0.02351170783841656
0 0.5650552899149826 0.5173074527573446 0.05637726502711473 0.02351170783841656
0 0.5481768621236895 0.46368234758449506 0.031304542154477664 0.010284282132453627
0 0.5481768621236895 0.46368234758449506 0.031304542154477664 0.010284282132453627
0 0.6058898890546608 0.348154287476223 0.021911361436318444 0.006886497492717502
0 0.6058898890546608 0.348154287476223 0.021911361436318444 0.006886497492717502
0 0.591350666083828 0.2953786284633075 0.023473861436318445 0.006931961599340219
0 0.591350666083828 0.2953786284633075 0.023473861436318445 0.006931961599340219
0 0.6097734131569619 0.35217419774277964 0.018777271077238922 0.005233069279472158
0 0.6097734131569619 0.35217419774277964 0.018777271077238922 0.005233069279472158
0 0.5944483950065893 0.30015705667655285 0.015652271077238922 0.005142141066226813
0 0.5944483950065893 0.30015705667655285 0.015652271077238922 0.005142141066226813
0 0.6331144226249317 0.6380578734487425 0.03602840359079629 0.016670674452321777