0 0.5327368133132504 0.21563273242947872 0.03300341477265238 0.011701219414791719
0 0.5327368133132504 0.21563273242947872 0.03300341477265238 0.011701219414791719
0 0.5274356586868677 0.25089808520302037 0.04563978246740419 0.019804660144236142
0 0.5274356586868677 0.25089808520302037 0.04563978246740419 0.019804660144236142
0 0.5240515600668395 0.2658145703853815 0.04081591477265221 0.011883057370694505
0 0.5240515600668395 0.2658145703853815 0.04081591477265221 0.011883057370694505
0 0.5030299480541307 0.30691234907072873 0.028288641233702096 0.010029616641249994
0 0.5030299480541307 0.30691234907072873 0.028288641233702096 0.010029616641249994
0 0.5059913068204287 0.3162146138883676 0.04865568831160268 0.013627395326597203
0 0.5059913068204287 0.3162146138883676 0.04865568831160268 0.013627395326597203
0 0.5039691107981881 0.3873265476839579 0.03303068831160268 0.01326371941479163
0 0.5039691107981881 0.3873265476839579 0.03303068831160268 0.01326371941479163
0 0.4971151388013654 0.3773339518442704 0.017351141233702093 0.009775043502986058
0 0.4971151388013654 0.3773339518442704 0.017351141233702093 0.009775043502986058
0 0.49352293993975105 0.6726100842530899 0.026698867694751625 0.008430749050069509
0 0.49352293993975105 0.6726100842530899 0.026698867694751625 0.008430749050069509
0 0.4926053222449994 0.6804407680486801 0.023546594155801338 0.006795513867708358
0 0.4926053222449994 0.6804407680486801 0.023546594155801338 0.006795513867708358
0 0.38179055317027594 0.6759916170224998 0.04566705600635439 0.021367160144236053
0 0.38179055317027594 0.6759916170224998 0.04566705600635439 0.021367160144236053
0 0.3805416988682048 0.6580592346136802 0.0347022824674041 0.019550087005972293
0 0.3805416988682048 0.6580592346136802 0.0347022824674041 0.019550087005972293
0 0.3800252759778776 0.5534262860004511 0.020503414772652384 0.011410278685347209
0 0.3800252759778776 0.5534262860004511 0.020503414772652384 0.011410278685347209
0 0.39201853571711026 0.40320808045336776 0.05504205600635448 0.021585365691319504
0 0.39201853571711026 0.40320808045336776 0.05504205600635448 0.021585365691319504
0 0.40966177759943545 0.28721940454156214 0.0631818384737585 0.04051720364722229
0 0.40966177759943545 0.28721940454156214 0.0631818384737585 0.04051720364722229
0 0.4243652057647684 0.2501733462209371 0.03138636769475163 0.008539851823611144
0 0.4243652057647684 0.2501733462209371 0.03138636769475163 0.008539851823611144