0 0.7289541634515494 0.6187883855984544 0.02519998789975162 0.03744461402257269
0 0.7289541634515494 0.6187883855984544 0.02519998789975162 0.03744461402257269
0 0.711117223658204 0.5939258505197303 0.03001475292686635 0.059895166651805096
0 0.711117223658204 0.5939258505197303 0.03001475292686635 0.059895166651805096
0 0.6529734464326449 0.5093876926543257 0.05352497579950324 0.0752729297979668
0 0.6529734464326449 0.5093876926543257 0.05352497579950324 0.0752729297979668
0 0.633201301917035 0.5483958066991909 0.03161361436318479 0.06633701752821572
0 0.633201301917035 0.5483958066991909 0.03161361436318479 0.06633701752821572
0 0.5180717264868742 0.44904259184479256 0.022138620413308985 0.0479984122697509
0 0.5180717264868742 0.44904259184479256 0.022138620413308985 0.0479984122697509
0 0.43445979576871496 0.44190356995681535 0.03793633723582168 0.07960442103385894
0 0.43445979576871496 0.44190356995681535 0.03793633723582168 0.07960442103385894
0 0.4709699883907309 0.3478786401142635 0.03945338544042372 0.07198377191026975
0 0.4709699883907309 0.3478786401142635 0.03945338544042372 0.07198377191026975