0 0.6983544493433161 0.3077151291604638 0.03692014586155708 0.022104909733738333
0 0.6983544493433161 0.3077151291604638 0.03692014586155708 0.022104909733738333
0 0.6461678296010408 0.3455599937610714 0.03831887155129756 0.019125775374335775
0 0.6461678296010408 0.3455599937610714 0.03831887155129756 0.019125775374335775
0 0.6821373863621603 0.5675178263318129 0.03872830732694617 0.026938275374335775
0 0.6821373863621603 0.5675178263318129 0.03872830732694617 0.026938275374335775
0 0.6140458056294656 0.5715192316977964 0.049583920171816585 0.02639683485851698
0 0.6140458056294656 0.5715192316977964 0.049583920171816585 0.02639683485851698
0 0.6087784514910226 0.5908526942601856 0.06084896879233561 0.03366789434269819
0 0.6087784514910226 0.5908526942601856 0.06084896879233561 0.03366789434269819
0 0.6711113551544958 0.5968097514565915 0.028036468792335612 0.030604715890154566