0 0.6551764959276701 0.7116388063972764 0.04045458163720568 0.029294016091543362
0 0.6551764959276701 0.7116388063972764 0.04045458163720568 0.029294016091543362
0 0.6954363257558536 0.6868683993402405 0.0397994843961678 0.01679401609154354
0 0.6954363257558536 0.6868683993402405 0.0397994843961678 0.01679401609154354
0 0.6727800757558536 0.6884526786733355 0.023928822930778536 0.011013909654926124
0 0.6727800757558536 0.6884526786733355 0.023928822930778536 0.011013909654926124
0 0.6973142497728574 0.37858065193813045 0.02269387155129756 0.01715464901126431
0 0.6973142497728574 0.37858065193813045 0.02269387155129756 0.01715464901126431
0 0.6664593181810801 0.2686100722367183 0.03107958163720568 0.02863845222957302
0 0.6664593181810801 0.2686100722367183 0.03107958163720568 0.02863845222957302
0 0.6734972122336148 0.23832163869657869 0.04144387155129756 0.018465776735205087
0 0.6734972122336148 0.23832163869657869 0.04144387155129756 0.018465776735205087
0 0.6038231993433161 0.33023026927051113 0.036510710085908116 0.013450494804219915
0 0.6038231993433161 0.33023026927051113 0.036510710085908116 0.013450494804219915
0 0.5752876000661131 0.698406468902194 0.027053822930778536 0.011232430942249395
0 0.5752876000661131 0.698406468902194 0.027053822930778536 0.011232430942249395
0 0.571749842264197 0.7057108705113484 0.03009693577564878 0.00988845222957302
0 0.571749842264197 0.7057108705113484 0.03009693577564878 0.00988845222957302
0 0.5618768752808838 0.7267881950169806 0.022939533016686654 0.02184214901126431