0 0.5166315682016862 0.776112090114492 0.053334078258831144 0.04277438586552655
0 0.5166315682016862 0.776112090114492 0.053334078258831144 0.04277438586552655
0 0.4904094357863248 0.6970129396209276 0.02980567466803503 0.024133112689558978
0 0.4904094357863248 0.6970129396209276 0.02980567466803503 0.024133112689558978
0 0.3284942013044188 0.3740579895851489 0.05016362646343318 0.034559716108730945
0 0.3284942013044188 0.3740579895851489 0.05016362646343318 0.034559716108730945
0 0.5605390868430382 0.40626284402722834 0.06273634933607006 0.04866839513591366
0 0.5605390868430382 0.40626284402722834 0.06273634933607006 0.04866839513591366
0 0.5864476018701528 0.4314557445207927 0.04388635538619425 0.02906787659513963
0 0.5864476018701528 0.4314557445207927 0.04388635538619425 0.02906787659513963
0 0.6468094267111384 0.7429026774607118 0.01726931323171641 0.016274433662376353