0 0.32735224173496563 0.46075378154309393 0.021476262917777777 0.0515391892121194
0 0.32735224173496563 0.46075378154309393 0.021476262917777777 0.0515391892121194
0 0.3684675510055212 0.451391359552414 0.01162848423243057 0.030516294191141213
0 0.3684675510055212 0.451391359552414 0.01162848423243057 0.030516294191141213
0 0.30142421494947946 0.385481094405567 0.009811411094166722 0.019460395020978183
0 0.30142421494947946 0.385481094405567 0.009811411094166722 0.019460395020978183
0 0.34586454597152805 0.38494922075521315 0.017660278685347208 0.021614890871793337
0 0.34586454597152805 0.38494922075521315 0.017660278685347208 0.021614890871793337
0 0.2929032001318406 0.3879548989696704 0.009775043502986058 0.01789789502097818
0 0.2929032001318406 0.3879548989696704 0.009775043502986058 0.01789789502097818
0 0.38652591356270866 0.38959009917945175 0.008139808320624997 0.014654495850815153
0 0.38652591356270866 0.38959009917945175 0.008139808320624997 0.014654495850815153
0 0.3810935311538892 0.3907382020838812 0.004978440729444422 0.01285519751048909
0 0.3810935311538892 0.3907382020838812 0.004978440729444422 0.01285519751048909
0 0.6042056824644101 0.4942104346619491 0.008212543502986235 0.017779495850815154
0 0.6042056824644101 0.4942104346619491 0.008212543502986235 0.017779495850815154
0 0.6292966014423614 0.5000110713845575 0.011446646276527871 0.022703794191141213
0 0.6292966014423614 0.5000110713845575 0.011446646276527871 0.022703794191141213
0 0.723009580640799 0.4720179711794204 0.008321646276527872 0.02246699585081515
0 0.723009580640799 0.4720179711794204 0.008321646276527872 0.02246699585081515
0 0.7183766320275697 0.47400652366893137 0.009884146276527872 0.022585395020978182
0 0.7183766320275697 0.47400652366893137 0.009884146276527872 0.022585395020978182