0 0.4212277362898199 0.3766241816165612 0.032013891832631994 0.025896697567956827
0 0.4212277362898199 0.3766241816165612 0.032013891832631994 0.025896697567956827
0 0.534399892002268 0.6061202447639058 0.07016865626060227 0.04947273464950506
0 0.534399892002268 0.6061202447639058 0.07016865626060227 0.04947273464950506
0 0.4953125993513293 0.6778552440414487 0.02091270072563951 0.019801603419172052
0 0.4953125993513293 0.6778552440414487 0.02091270072563951 0.019801603419172052
0 0.27670640997361734 0.41798132530756044 0.035084328130301136 0.024736367324752352
0 0.27670640997361734 0.41798132530756044 0.035084328130301136 0.024736367324752352
0 0.29909727594553365 0.36252075969239395 0.09933036660488855 0.08277976246066618
0 0.29909727594553365 0.36252075969239395 0.09933036660488855 0.08277976246066618
0 0.3112500463639537 0.30602349578681337 0.03530258293962456 0.030986367324752528