0 0.7274865971294964 0.585071316536735 0.0543400192218769 0.08630884059717552
0 0.7274865971294964 0.585071316536735 0.0543400192218769 0.08630884059717552
0 0.7029745980340075 0.5626553671571537 0.03814180913596861 0.07427873416055811
0 0.7029745980340075 0.5626553671571537 0.03814180913596861 0.07427873416055811
0 0.42138376130841915 0.5294158043035895 0.033699970601357876 0.07863845222957302
0 0.42138376130841915 0.5294158043035895 0.033699970601357876 0.07863845222957302
0 0.2663897241078608 0.4569666399570864 0.018415807326946344 0.02463936708027905
0 0.2663897241078608 0.4569666399570864 0.018415807326946344 0.02463936708027905
0 0.20693948100526577 0.49225928377257056 0.0183339201718165 0.02307686708027923
0 0.20693948100526577 0.49225928377257056 0.0183339201718165 0.02307686708027923
0 0.19353540027257116 0.4955317492436954 0.01068519448207601 0.025655563861970522
0 0.19353540027257116 0.4955317492436954 0.01068519448207601 0.025655563861970522
0 0.18321537596231163 0.49936694342749666 0.025648453188503284 0.043826409654926124
0 0.18321537596231163 0.49936694342749666 0.025648453188503284 0.043826409654926124
0 0.19984071121756203 0.3752192492436953 0.021622694482076054 0.0264203883676025
0 0.19984071121756203 0.3752192492436953 0.021622694482076054 0.0264203883676025
0 0.6493560323393183 0.382705423225454 0.01718085594746519 0.030780106436617417
0 0.6493560323393183 0.382705423225454 0.01718085594746519 0.030780106436617417
0 0.6572094759168831 0.38137787000714524 0.012329581637205678 0.027327324505632154
0 0.6572094759168831 0.38137787000714524 0.012329581637205678 0.027327324505632154
0 0.6947570635469826 0.4075526039156019 0.01939845318850324 0.04338936708027905
0 0.6947570635469826 0.4075526039156019 0.01939845318850324 0.04338936708027905
0 0.7050361442796774 0.40449865973180066 0.017672178878243728 0.04015510643661742
0 0.7050361442796774 0.40449865973180066 0.017672178878243728 0.04015510643661742
0 0.7523748117379604 0.45178356913462514 0.03863977611928178 0.054075494804219915
0 0.7523748117379604 0.45178356913462514 0.03863977611928178 0.054075494804219915
0 0.7395439410911739 0.4441185346057498 0.0122476944820761 0.025764824505632156