0 0.4410921988616142 0.3283458684754837 0.02837046185055314 0.01619368506293446
0 0.4410921988616142 0.3283458684754837 0.02837046185055314 0.01619368506293446
0 0.4307819902574721 0.3634545742843425 0.02055796185055314 0.015601689212119307
0 0.4307819902574721 0.3634545742843425 0.02055796185055314 0.015601689212119307
0 0.4437729139585782 0.3925267676456467 0.0376636412337021 0.012216580083912553
0 0.4437729139585782 0.3925267676456467 0.0376636412337021 0.012216580083912553
0 0.4360189151763942 0.3505877213799131 0.037690914772652385 0.013779080083912553
0 0.4360189151763942 0.3505877213799131 0.037690914772652385 0.013779080083912553
0 0.44094792288703194 0.4094774693053207 0.06447160308425506 0.028291865976683893
0 0.44094792288703194 0.4094774693053207 0.06447160308425506 0.028291865976683893
0 0.44297407304918773 0.4361583684754837 0.029823867694751628 0.010062084233097578
0 0.44297407304918773 0.4361583684754837 0.029823867694751628 0.010062084233097578
0 0.4346060142001642 0.6719299251141795 0.07694432954530477 0.027676559337988137
0 0.4346060142001642 0.6719299251141795 0.07694432954530477 0.027676559337988137
0 0.4058321777550006 0.7220240908810821 0.03031479139585791 0.03818708423309758
0 0.4058321777550006 0.7220240908810821 0.03031479139585791 0.03818708423309758
0 0.3139253214243346 0.6417194390116266 0.0518897824674041 0.022657172615379827
0 0.3139253214243346 0.6417194390116266 0.0518897824674041 0.022657172615379827
0 0.32697870048317207 0.5849725315430938 0.04561250892845372 0.020621075934727708
0 0.32697870048317207 0.5849725315430938 0.04561250892845372 0.020621075934727708
0 0.3384268948838547 0.3915660736596426 0.051726141233702096 0.013282172615379829
0 0.3384268948838547 0.3915660736596426 0.051726141233702096 0.013282172615379829