0 0.38810239002337876 0.7524564269192072 0.04588118506293446 0.029907675893442943
0 0.38810239002337876 0.7524564269192072 0.04588118506293446 0.029907675893442943
0 0.457540396871856 0.6737849402650801 0.07795997925407558 0.04211851581733086
0 0.457540396871856 0.6737849402650801 0.07795997925407558 0.04211851581733086
0 0.4472307815198719 0.6443693542955249 0.0725387734452168 0.052801347832553344
0 0.4472307815198719 0.6443693542955249 0.0725387734452168 0.052801347832553344
0 0.48505101284854 0.6106456117098987 0.0699106809137497 0.03867518083635879
0 0.48505101284854 0.6106456117098987 0.0699106809137497 0.03867518083635879
0 0.483690345007045 0.5768926942194128 0.06894017676456468 0.04642401384016441
0 0.483690345007045 0.5768926942194128 0.06894017676456468 0.04642401384016441
0 0.4873131750909575 0.5394245277175098 0.0951241684661948 0.06306768577927464
0 0.4873131750909575 0.5394245277175098 0.0951241684661948 0.06306768577927464
0 0.5206943601538919 0.5125728676413978 0.0374766892121194 0.021776840912471052
0 0.5206943601538919 0.5125728676413978 0.0374766892121194 0.021776840912471052
0 0.46475813317490144 0.8370807777175099 0.0628085759347277 0.04773184585538672
0 0.46475813317490144 0.8370807777175099 0.0628085759347277 0.04773184585538672
0 0.4867874211422654 0.815252198668037 0.03951278589277152 0.02809050790866543
0 0.4867874211422654 0.815252198668037 0.03951278589277152 0.02809050790866543
0 0.6690996618182103 0.33289197931411546 0.07421967261537983 0.054427514828747546