0 0.5923285713907035 0.7071117176118398 0.12343724212409235 0.0792900693385418
0 0.5923285713907035 0.7071117176118398 0.12343724212409235 0.0792900693385418
0 0.625188997753282 0.6781684468102773 0.035108323637421536 0.02888871941479181
0 0.625188997753282 0.6781684468102773 0.035108323637421536 0.02888871941479181
0 0.6054670738065996 0.4845093657882288 0.026275457576345217 0.016206881458888843
0 0.6054670738065996 0.4845093657882288 0.026275457576345217 0.016206881458888843
0 0.6842620113790655 0.395009148273298 0.08584164727484325 0.05814111474138901
0 0.6842620113790655 0.395009148273298 0.08584164727484325 0.05814111474138901
0 0.6927761419840094 0.36506707513503417 0.12330969636645772 0.07772756933854179
0 0.6927761419840094 0.36506707513503417 0.12330969636645772 0.07772756933854179
0 0.6194504701633589 0.30102406535138837 0.05851387272903601 0.0481478656913195
0 0.6194504701633589 0.30102406535138837 0.05851387272903601 0.0481478656913195
0 0.5902412022855115 0.32675141717499956 0.04955346091032524 0.033903527735416716
0 0.5902412022855115 0.32675141717499956 0.04955346091032524 0.033903527735416716
0 0.4822523275996213 0.6243557286297566 0.028093049091614475 0.019368249050069508
0 0.4822523275996213 0.6243557286297566 0.028093049091614475 0.019368249050069508
0 0.4874498816922056 0.668850611038576 0.037978232122152636 0.02583645459715278
0 0.4874498816922056 0.668850611038576 0.037978232122152636 0.02583645459715278
0 0.4853452477532819 0.6814233462209371 0.04123077787978709 0.027471689779513753
0 0.4853452477532819 0.6814233462209371 0.04123077787978709 0.027471689779513753