0 0.34784873005005884 0.39919263558944346 0.029075494804219913 0.036710389812585564
0 0.34784873005005884 0.39919263558944346 0.029075494804219913 0.036710389812585564
0 0.36953234193455786 0.3465904728156043 0.027327324505632154 0.011710389812585565
0 0.36953234193455786 0.3465904728156043 0.027327324505632154 0.011710389812585565
0 0.35551911841766143 0.3790619920159342 0.030780106436617417 0.01648881802583091
0 0.35551911841766143 0.3790619920159342 0.030780106436617417 0.01648881802583091
0 0.42138977287680734 0.3214828242275301 0.011702324505632156 0.011255748746358752
0 0.42138977287680734 0.3214828242275301 0.011702324505632156 0.011255748746358752
0 0.4115395254746974 0.33920152164110534 0.017952324505632156 0.01143760517284953
0 0.4115395254746974 0.33920152164110534 0.017952324505632156 0.01143760517284953
0 0.30223095540854067 0.6037521034569899 0.02082595222957302 0.030233069279472245
0 0.30223095540854067 0.6037521034569899 0.02082595222957302 0.030233069279472245
0 0.3026790696388282 0.6421242816702353 0.016903276735205086 0.041034176959604096
0 0.3026790696388282 0.6421242816702353 0.016903276735205086 0.041034176959604096
0 0.32871704575361466 0.6280079573761981 0.02587408514929388 0.013227425705962758
0 0.32871704575361466 0.6280079573761981 0.02587408514929388 0.013227425705962758
0 0.3239367106043208 0.6403942971096415 0.030561585149293878 0.01336381802583091
0 0.3239367106043208 0.6403942971096415 0.030561585149293878 0.01336381802583091
0 0.30337855614517484 0.6992919239901033 0.01213936708027905 0.017505748746358664
0 0.30337855614517484 0.6992919239901033 0.01213936708027905 0.017505748746358664
0 0.3434026226050353 0.709067740762293 0.015373627723940863 0.019159176959604098