0 0.4241687455605246 0.21355140442331894 0.07301116510280767 0.06816341617451531
0 0.4241687455605246 0.21355140442331894 0.07301116510280767 0.06816341617451531
0 0.44902663392812714 0.23140052390927962 0.027873627723940687 0.02154183124924458
0 0.44902663392812714 0.23140052390927962 0.027873627723940687 0.02154183124924458
0 0.5346470596745965 0.28536080479394343 0.0357953883676025 0.023925458087257566
0 0.5346470596745965 0.28536080479394343 0.0357953883676025 0.023925458087257566
0 0.5373732219274127 0.2905832167425395 0.037357888367602496 0.02408968345486029
0 0.5373732219274127 0.2905832167425395 0.037357888367602496 0.02408968345486029
0 0.6442398530055481 0.5020697827377862 0.068465776735205 0.047522465439309866
0 0.6442398530055481 0.5020697827377862 0.068465776735205 0.047522465439309866
0 0.6687917387752605 0.5380518775913495 0.039357430942249395 0.030503908822462834
0 0.6687917387752605 0.5380518775913495 0.039357430942249395 0.030503908822462834
0 0.764514148178085 0.47762356674858325 0.02307686708027905 0.01948665514643668
0 0.764514148178085 0.47762356674858325 0.02307686708027905 0.01948665514643668
0 0.7569912252816072 0.471331330902795 0.045607430942249394 0.031160810292873365
0 0.7569912252816072 0.471331330902795 0.045607430942249394 0.031160810292873365
0 0.744354831466123 0.4144220704246095 0.03870186708027923 0.021128908822462832
0 0.744354831466123 0.4144220704246095 0.03870186708027923 0.021128908822462832
0 0.6366905248936197 0.21403722979696532 0.06712179802252863 0.050483240071707416
0 0.6366905248936197 0.21403722979696532 0.06712179802252863 0.050483240071707416