0 0.4716759311415514 0.8028382282283903 0.05279080732694617 0.02734467261537965
0 0.4716759311415514 0.8028382282283903 0.05279080732694617 0.02734467261537965
0 0.47772453527999426 0.8221210244941239 0.021131371551297563 0.017164189212119395
0 0.47772453527999426 0.8221210244941239 0.021131371551297563 0.017164189212119395
0 0.4987231100197951 0.7656701149509987 0.02721759724103805 0.014512785892771518
0 0.4987231100197951 0.7656701149509987 0.02721759724103805 0.014512785892771518
0 0.5254803618288174 0.7190678020885256 0.025491322930778538 0.011269386722608488
0 0.5254803618288174 0.7190678020885256 0.025491322930778538 0.011269386722608488
0 0.5258897976044662 0.7112553020885256 0.025491322930778538 0.011269386722608488
0 0.5258897976044662 0.7112553020885256 0.025491322930778538 0.011269386722608488
0 0.5765503753964848 0.3582137350768676 0.021131371551297563 0.017164189212119395
0 0.5765503753964848 0.3582137350768676 0.021131371551297563 0.017164189212119395
0 0.5806646653105765 0.36950643258735666 0.02409259724103805 0.014275987552445368
0 0.5806646653105765 0.36950643258735666 0.02409259724103805 0.014275987552445368
0 0.5911551079836302 0.39383192636357933 0.01981453301668683 0.021733290041956278
0 0.5911551079836302 0.39383192636357933 0.01981453301668683 0.021733290041956278
0 0.6309048462249851 0.7129380464894483 0.05590916327441171 0.05715057178554286
0 0.6309048462249851 0.7129380464894483 0.05590916327441171 0.05715057178554286
0 0.608995546699955 0.7418676072773289 0.02738137155129756 0.01763778589277152
0 0.608995546699955 0.7418676072773289 0.02738137155129756 0.01763778589277152