0 0.4316916462731287 0.3351417283698603 0.05758700692008212 0.037733737323333294
0 0.4316916462731287 0.3351417283698603 0.05758700692008212 0.037733737323333294
0 0.4575829842198503 0.3592039449580084 0.04802100593149898 0.032226031102777684
0 0.4575829842198503 0.3592039449580084 0.04802100593149898 0.032226031102777684
0 0.461153653193211 0.37041484703152694 0.033449169961943956 0.018495721771944317
0 0.461153653193211 0.37041484703152694 0.033449169961943956 0.018495721771944317
0 0.5923823844473117 0.6870541258252304 0.06884284190105419 0.04650314458064812
0 0.5923823844473117 0.6870541258252304 0.06884284190105419 0.04650314458064812
0 0.5806662930405491 0.6478843190862952 0.05289950692008212 0.03732363421305536
0 0.5806662930405491 0.6478843190862952 0.05289950692008212 0.03732363421305536
0 0.5832819570709941 0.6356577211598138 0.08191584486680377 0.06165925287472192
0 0.5832819570709941 0.6356577211598138 0.08191584486680377 0.06165925287472192
0 0.6302763152836706 0.7573173991523137 0.021076503954332713 0.020527113477870174
0 0.6302763152836706 0.7573173991523137 0.021076503954332713 0.020527113477870174
0 0.6167748893902276 0.7125421413766192 0.016261669961943958 0.01699201036759259
0 0.6167748893902276 0.7125421413766192 0.016261669961943958 0.01699201036759259
0 0.7525704679454088 0.7018472320930542 0.061603344866803765 0.05988213939685174
0 0.7525704679454088 0.7018472320930542 0.061603344866803765 0.05988213939685174
0 0.7196823720900221 0.6398065618762486 0.04626750494291585 0.027401830066018464
0 0.7196823720900221 0.6398065618762486 0.04626750494291585 0.027401830066018464
0 0.609113650721753 0.3716826955236563 0.03695617193911023 0.028144123845462943
0 0.609113650721753 0.3716826955236563 0.03695617193911023 0.028144123845462943
0 0.6312579061589605 0.39930940951990623 0.027262836958138338 0.019511417624907424
0 0.6312579061589605 0.39930940951990623 0.027262836958138338 0.019511417624907424
0 0.5828257233454354 0.31878257945388777 0.055960839923887916 0.03603453628657398
0 0.5828257233454354 0.31878257945388777 0.055960839923887916 0.03603453628657398
0 0.5845964703796858 0.3049251310090267 0.041580004942915846 0.026991726955740612
0 0.5845964703796858 0.3049251310090267 0.041580004942915846 0.026991726955740612
0 0.5398596319386727 0.27687875197976747 0.027262836958138338 0.019511417624907424
0 0.5398596319386727 0.27687875197976747 0.027262836958138338 0.019511417624907424
0 0.5409127959691176 0.2645154530165268 0.04971083992388792 0.03548773213953691