0 0.40583018730109244 0.2684613829976308 0.06435340133672707 0.029854365976683984
0 0.40583018730109244 0.2684613829976308 0.06435340133672707 0.029854365976683984
0 0.4180574672979107 0.29284607635893495 0.053415901336727065 0.02902557178554286
0 0.4180574672979107 0.29284607635893495 0.053415901336727065 0.02902557178554286
0 0.41710349462922897 0.30763062677385344 0.07216590133672725 0.030446361827499047
0 0.41710349462922897 0.30763062677385344 0.07216590133672725 0.030446361827499047
0 0.45655634595800193 0.34424355561301057 0.02512726933481808 0.0128318867226084
0 0.45655634595800193 0.34424355561301057 0.02512726933481808 0.0128318867226084
0 0.45511202462604733 0.33396890644284755 0.018859088001272718 0.010795790041956277
0 0.45511202462604733 0.33396890644284755 0.018859088001272718 0.010795790041956277
0 0.49006773261459335 0.4210670873565971 0.03452045066836362 0.015104781743586492
0 0.49006773261459335 0.4210670873565971 0.03452045066836362 0.015104781743586492
0 0.4681359992441404 0.6930837973146409 0.054978401336727246 0.02914397095570571
0 0.4681359992441404 0.6930837973146409 0.054978401336727246 0.02914397095570571
0 0.4409826059039135 0.7418522614218694 0.037718176002545435 0.021591580083912553
0 0.4409826059039135 0.7418522614218694 0.037718176002545435 0.021591580083912553
0 0.5324615812380953 0.7425286128764064 0.036428396005727136 0.04491068091374952
0 0.5324615812380953 0.7425286128764064 0.036428396005727136 0.04491068091374952
0 0.5421365732415951 0.7174577578973844 0.02200226933481808 0.012595088382282427
0 0.5421365732415951 0.7174577578973844 0.02200226933481808 0.012595088382282427
0 0.5614138319144131 0.6735660479393408 0.02514545066836362 0.014394386722608487
0 0.5614138319144131 0.6735660479393408 0.02514545066836362 0.014394386722608487
0 0.5815723379217308 0.6211397875663784 0.026780676002545432 0.02076278589277152
0 0.5815723379217308 0.6211397875663784 0.026780676002545432 0.02076278589277152
0 0.5677729199156858 0.6646646446199929 0.02512726933481808 0.01283188672260831
0 0.5677729199156858 0.6646646446199929 0.02512726933481808 0.01283188672260831
0 0.572271705283275 0.41243929379015587 0.048673857336090795 0.023982874275053766
0 0.572271705283275 0.41243929379015587 0.048673857336090795 0.023982874275053766
0 0.528785881962138 0.31922116744050966 0.01893181333545435 0.017045790041956277
0 0.528785881962138 0.31922116744050966 0.01893181333545435 0.017045790041956277
0 0.5226267886298654 0.3109350707598576 0.02514545066836362 0.014394386722608399
0 0.5226267886298654 0.3109350707598576 0.02514545066836362 0.014394386722608399
0 0.4987080306333652 0.2833186336223307 0.022020450668363622 0.014157588382282338