0 0.3050387126035997 0.5701861056671337 0.033707142065139986 0.04364299214211727
0 0.3050387126035997 0.5701861056671337 0.033707142065139986 0.04364299214211727
0 0.3524674494494201 0.5640602301504051 0.05024219468185844 0.05999573821317572
0 0.3524674494494201 0.5640602301504051 0.05024219468185844 0.05999573821317572
0 0.31806933362205225 0.6056141834173927 0.02571263154179624 0.04015411910658777
0 0.31806933362205225 0.6056141834173927 0.02571263154179624 0.04015411910658777
0 0.687041328572142 0.3636020419800106 0.02415013154179633 0.040081344499481995
0 0.687041328572142 0.3636020419800106 0.02415013154179633 0.040081344499481995
0 0.7287660969879933 0.3671422648917054 0.01699007892507769 0.024165246071058633
0 0.7287660969879933 0.3671422648917054 0.01699007892507769 0.024165246071058633
0 0.7340073338338138 0.3629813037668349 0.01900760523343692 0.032050520678164406
0 0.7340073338338138 0.3629813037668349 0.01900760523343692 0.032050520678164406