0 0.6808199626035997 0.56399035985821 0.010467063140062294 0.019022784639735946
0 0.6808199626035997 0.56399035985821 0.010467063140062294 0.019022784639735946
0 0.6746609678652715 0.5657347162847007 0.010558068401734034 0.020585284639736124
0 0.6746609678652715 0.5657347162847007 0.010558068401734034 0.020585284639736124
0 0.693721051981434 0.664567021378408 0.012302578925077867 0.023755748746358663
0 0.693721051981434 0.664567021378408 0.012302578925077867 0.023755748746358663
0 0.6826925467197622 0.6633227701247667 0.017172089448421347 0.027017141066226814
0 0.6826925467197622 0.6633227701247667 0.017172089448421347 0.027017141066226814
0 0.649144299350598 0.6650814984171544 0.042793715728545935 0.06519910266556703
0 0.649144299350598 0.6650814984171544 0.042793715728545935 0.06519910266556703
0 0.36746238886960664 0.625540591449303 0.015063557878390376 0.017596676959604096
0 0.36746238886960664 0.625540591449303 0.015063557878390376 0.017596676959604096
0 0.3242444679358587 0.5015862659016246 0.023331084186749607 0.025636497492717503