0 0.5020907825883121 0.31856035755694867 0.03759090359079629 0.01868609818322877
0 0.5020907825883121 0.31856035755694867 0.03759090359079629 0.01868609818322877
0 0.5162714572563472 0.3377249457382379 0.025036361436318443 0.008290732122152634
0 0.5162714572563472 0.3377249457382379 0.025036361436318443 0.008290732122152634
0 0.5155402042312851 0.34638246861705513 0.020357951795397965 0.009470594849248925
0 0.5155402042312851 0.34638246861705513 0.020357951795397965 0.009470594849248925
0 0.532873670857406 0.5044182381618926 0.028161361436318443 0.008545823637421535
0 0.532873670857406 0.5044182381618926 0.028161361436318443 0.008545823637421535
0 0.5045219327612627 0.6020903346781313 0.03443863251355737 0.013743506667959694
0 0.5045219327612627 0.6020903346781313 0.03443863251355737 0.013743506667959694
0 0.5030866977883773 0.6240928804357659 0.03755454215447766 0.012436098183228949
0 0.5030866977883773 0.6240928804357659 0.03755454215447766 0.012436098183228949
0 0.5868122579950319 0.6399254324023184 0.012545451795397965 0.008832866061076316
0 0.5868122579950319 0.6399254324023184 0.012545451795397965 0.008832866061076316
0 0.573717360356164 0.6730408213422119 0.020348861436318443 0.007908094849248926
0 0.573717360356164 0.6730408213422119 0.020348861436318443 0.007908094849248926
0 0.6138333002477053 0.582224631643714 0.018786361436318445 0.007780549091614475
0 0.6138333002477053 0.582224631643714 0.018786361436318445 0.007780549091614475
0 0.4957635145361353 0.30578929058748683 0.03284886143631845 0.008928460910325241