0 0.2823655659627508 0.5138329842198502 0.040555067636357925 0.06240184091247105
0 0.2823655659627508 0.5138329842198502 0.040555067636357925 0.06240184091247105
0 0.29955306596275083 0.5145333211779886 0.0385189709557058 0.05608817391627667
0 0.29955306596275083 0.5145333211779886 0.0385189709557058 0.05608817391627667
0 0.5683272993660113 0.49413854402913227 0.021828378424238615 0.04138900395433272
0 0.5683272993660113 0.49413854402913227 0.021828378424238615 0.04138900395433272
0 0.5747432427273156 0.4818613785158127 0.021473180913749702 0.03670150395433271
0 0.5747432427273156 0.4818613785158127 0.021473180913749702 0.03670150395433271
0 0.5966774423123969 0.4819714664625342 0.023509277594401645 0.04301517095052709
0 0.5966774423123969 0.4819714664625342 0.023509277594401645 0.04301517095052709
0 0.6040522344289457 0.4673823844473118 0.022065176764564674 0.04451400395433254
0 0.6040522344289457 0.4673823844473118 0.022065176764564674 0.04451400395433254
0 0.6729555997809298 0.4991854827741566 0.008996491701630305 0.015943334980972067
0 0.6729555997809298 0.4991854827741566 0.008996491701630305 0.015943334980972067
0 0.634128975505876 0.5461904753597827 0.015601689212119397 0.02088550296574958
0 0.634128975505876 0.5461904753597827 0.015601689212119397 0.02088550296574958
0 0.582127845007045 0.5809037149796594 0.012476689212119396 0.020758168973360823
0 0.582127845007045 0.5809037149796594 0.012476689212119396 0.020758168973360823
0 0.343016878200524 0.6338536655505006 0.03610436597668398 0.06533583992388792
0 0.343016878200524 0.6338536655505006 0.03610436597668398 0.06533583992388792
0 0.32527327114690974 0.619808411596168 0.04692346680652095 0.06421900889724856
0 0.32527327114690974 0.619808411596168 0.04692346680652095 0.06421900889724856
0 0.3053751682424803 0.6135119906456408 0.013802390871793246 0.017696835969555024
0 0.3053751682424803 0.6135119906456408 0.013802390871793246 0.017696835969555024
0 0.2831925149231324 0.6063388192008222 0.028196777594401645 0.0432061719391104
0 0.2831925149231324 0.6063388192008222 0.028196777594401645 0.0432061719391104
0 0.2690708153380509 0.6065470662350727 0.029404080083912553 0.038582338935304605
0 0.2690708153380509 0.6065470662350727 0.029404080083912553 0.038582338935304605
0 0.1839387987413114 0.5717317144481868 0.026539189212119306 0.021331171939110227