0 0.47924818022717997 0.2855815832700472 0.015661361436318445 0.007617010367592591
0 0.47924818022717997 0.2855815832700472 0.015661361436318445 0.007617010367592591
0 0.4592265717177277 0.3373586967479175 0.028188632513557365 0.013398118661666559
0 0.4592265717177277 0.3373586967479175 0.028188632513557365 0.013398118661666559
0 0.44931121623333753 0.37965350348685273 0.03442045179539797 0.010819922808703631
0 0.44931121623333753 0.37965350348685273 0.03442045179539797 0.010819922808703631
0 0.44474189090137256 0.40037610659713047 0.028161361436318443 0.008710618661666558
0 0.44474189090137256 0.40037610659713047 0.028161361436318443 0.008710618661666558
0 0.44401063787631045 0.40903820711551014 0.026598861436318445 0.008573917624907423
0 0.44401063787631045 0.40903820711551014 0.026598861436318445 0.008573917624907423
0 0.4788134056338997 0.6139116348251861 0.026617042154477844 0.011698917624907424
0 0.4788134056338997 0.6139116348251861 0.026617042154477844 0.011698917624907424
0 0.3595942103796051 0.2749454625821303 0.018795451795398144 0.00945291244111104
0 0.3595942103796051 0.2749454625821303 0.018795451795398144 0.00945291244111104