0 0.31658525250863895 0.39480718673067683 0.038518671939110224 0.02652800790866543
0 0.31658525250863895 0.39480718673067683 0.038518671939110224 0.02652800790866543
0 0.37688342395345764 0.41504409087529004 0.03839133794672147 0.02340300790866543
0 0.37688342395345764 0.41504409087529004 0.03839133794672147 0.02340300790866543
0 0.40402022140545 0.6393119204190545 0.04346083992388792 0.03296900889724856
0 0.40402022140545 0.6393119204190545 0.04346083992388792 0.03296900889724856
0 0.47057105144350614 0.6209492395826957 0.051209672927693364 0.03172484387822046
0 0.47057105144350614 0.6209492395826957 0.051209672927693364 0.03172484387822046
0 0.4806463884016445 0.6377547376055293 0.06246550790866543 0.039983012851581276
0 0.4806463884016445 0.6377547376055293 0.06246550790866543 0.039983012851581276
0 0.4237888933445603 0.6635479164647217 0.029398339923887917 0.03239600593149916