0 0.42421875 0.6592809155931294 0.0328125 0.01731834430002106
0 0.42421875 0.6592809155931294 0.0328125 0.01731834430002106
0 0.49765625 0.4400053052169861 0.046875 0.04058870614288708
0 0.49765625 0.4400053052169861 0.046875 0.04058870614288708
0 0.52890625 0.30873110931224423 0.03125 0.014038304095258169
0 0.52890625 0.30873110931224423 0.03125 0.014038304095258169
0 0.3078125 0.6188241703382928 0.0296875 0.0154457638904951
0 0.3078125 0.6188241703382928 0.0296875 0.0154457638904951
0 0.36015625 0.7654242671978502 0.0296875 0.01857076389049528
0 0.36015625 0.7654242671978502 0.0296875 0.01857076389049528
0 0.35546875 0.7579278965835614 0.0234375 0.014825603071443538
0 0.35546875 0.7579278965835614 0.0234375 0.014825603071443538