0 0.39297530981333717 0.5027134056996381 0.05163109905006032 0.06347600180902227
0 0.39297530981333717 0.5027134056996381 0.05163109905006032 0.06347600180902227
0 0.4128407524863908 0.47817042910538643 0.0416828889641522 0.05204717887824373
0 0.4128407524863908 0.47817042910538643 0.0416828889641522 0.05204717887824373
0 0.4843439382620396 0.48225706354698267 0.05253185775648763 0.08066350180902226
0 0.4843439382620396 0.48225706354698267 0.05253185775648763 0.08066350180902226
0 0.5359883254171693 0.4811172874277009 0.02227779172311415 0.03856453301668683
0 0.5359883254171693 0.4811172874277009 0.02227779172311415 0.03856453301668683
0 0.6607293758467107 0.5294175893275803 0.05015048620519007 0.06495661465389269
0 0.6607293758467107 0.5294175893275803 0.05015048620519007 0.06495661465389269
0 0.35647564506858753 0.6284028024657062 0.06478619629109836 0.07663109905006031
0 0.35647564506858753 0.6284028024657062 0.06478619629109836 0.07663109905006031
0 0.31380014416407637 0.6063540620766446 0.02334896879233552 0.029271420171816588