0 0.38671875 0.63046875 0.02109375 0.05234375
0 0.38671875 0.63046875 0.02109375 0.05234375
0 0.69375 0.59765625 0.01015625 0.04609375
0 0.69375 0.59765625 0.01015625 0.04609375
0 0.70625 0.60390625 0.00859375 0.04453125
0 0.70625 0.60390625 0.00859375 0.04453125
0 0.6578125 0.62265625 0.009375 0.04375
0 0.6578125 0.62265625 0.009375 0.04375
0 0.66875 0.6578125 0.02578125 0.02109375
0 0.66875 0.6578125 0.02578125 0.02109375
0 0.7171875 0.64453125 0.0453125 0.025
0 0.7171875 0.64453125 0.0453125 0.025
0 0.30390625 0.5140625 0.0125 0.01484375
0 0.30390625 0.5140625 0.0125 0.01484375
0 0.7796875 0.621875 0.01015625 0.0171875
0 0.7796875 0.621875 0.01015625 0.0171875
0 0.784375 0.5453125 0.0171875 0.02890625