0 0.209375 0.51484375 0.00859375 0.025
0 0.209375 0.51484375 0.00859375 0.025
0 0.21640625 0.51953125 0.0140625 0.02265625
0 0.21640625 0.51953125 0.0140625 0.02265625
0 0.2625 0.55 0.01015625 0.0265625
0 0.2625 0.55 0.01015625 0.0265625
0 0.75078125 0.615625 0.03828125 0.07109375
0 0.75078125 0.615625 0.03828125 0.07109375
0 0.7265625 0.63515625 0.0078125 0.02421875
0 0.7265625 0.63515625 0.0078125 0.02421875
0 0.67734375 0.6546875 0.01015625 0.0265625
0 0.67734375 0.6546875 0.01015625 0.0265625
0 0.67109375 0.66328125 0.00859375 0.02109375
0 0.67109375 0.66328125 0.00859375 0.02109375
0 0.62578125 0.6796875 0.01171875 0.03203125
0 0.62578125 0.6796875 0.01171875 0.03203125
0 0.35703125 0.6890625 0.00859375 0.02734375
0 0.35703125 0.6890625 0.00859375 0.02734375
0 0.35078125 0.68984375 0.00859375 0.025
0 0.35078125 0.68984375 0.00859375 0.025
0 0.2125 0.62109375 0.0078125 0.02265625
0 0.2125 0.62109375 0.0078125 0.02265625
0 0.20625 0.61796875 0.0078125 0.02109375
0 0.20625 0.61796875 0.0078125 0.02109375
0 0.18046875 0.6109375 0.0203125 0.021875