0 0.45047699566128296 0.7126063582993312 0.0608690334984459 0.07340731057118699
0 0.45047699566128296 0.7126063582993312 0.0608690334984459 0.07340731057118699
0 0.4501345473566941 0.6699531073765413 0.04386131596343468 0.04161648338978523
0 0.4501345473566941 0.6699531073765413 0.04386131596343468 0.04161648338978523
0 0.4506248147250897 0.39272951912166293 0.03880994292790554 0.03317298523536447
0 0.4506248147250897 0.39272951912166293 0.03880994292790554 0.03317298523536447
0 0.40480504652812455 0.37638325066586853 0.06944351282028158 0.05748180688002815
0 0.40480504652812455 0.37638325066586853 0.06944351282028158 0.05748180688002815
0 0.384477583955512 0.3294330750789013 0.03121576674922295 0.03680882164466359
0 0.384477583955512 0.3294330750789013 0.03121576674922295 0.03680882164466359
0 0.4005370775453712 0.3513381651793593 0.029071069892376223 0.024098488926523397
0 0.4005370775453712 0.3513381651793593 0.029071069892376223 0.024098488926523397
0 0.401258361458102 0.43586341702493864 0.04593323821317572 0.052764316107925424
0 0.401258361458102 0.43586341702493864 0.04593323821317572 0.052764316107925424
0 0.4033131670824545 0.40841450066586854 0.032268844499482086 0.026081654362803873
0 0.4033131670824545 0.40841450066586854 0.032268844499482086 0.026081654362803873
0 0.4165366050479612 0.4578736734844667 0.033540246071058634 0.02004198708094389
0 0.4165366050479612 0.4578736734844667 0.033540246071058634 0.02004198708094389
0 0.452041765510878 0.3956441864035227 0.029071069892376046 0.024098488926523488
0 0.452041765510878 0.3956441864035227 0.029071069892376046 0.024098488926523488
0 0.46488421381546685 0.4366147755811909 0.02809076674922295 0.036388156208383295
0 0.46488421381546685 0.4366147755811909 0.02809076674922295 0.036388156208383295
0 0.5114701536430004 0.6865397986509338 0.033540246071058634 0.020041987080944068