0 0.6047888703440629 0.4930664078565112 0.03135910277354163 0.007238415152690791
0 0.6047888703440629 0.4930664078565112 0.03135910277354163 0.007238415152690791
0 0.6038257823881602 0.48531768073532844 0.04091594072944442 0.01581618969849785
0 0.6038257823881602 0.48531768073532844 0.04091594072944442 0.01581618969849785
0 0.6303330777910073 0.44714812997672404 0.04400457313826393 0.01450878121376693
0 0.6303330777910073 0.44714812997672404 0.04400457313826393 0.01450878121376693
0 0.5983550727570142 0.38479152225059743 0.04407730832062491 0.01763378121376702
0 0.5983550727570142 0.38479152225059743 0.04407730832062491 0.01763378121376702
0 0.727318486985313 0.5112428387610173 0.037863675911805575 0.01868609818322895
0 0.727318486985313 0.5112428387610173 0.037863675911805575 0.01868609818322895
0 0.6881475374221533 0.543401505580698 0.025290940729444423 0.014540732122152632
0 0.6881475374221533 0.543401505580698 0.025290940729444423 0.014540732122152632
0 0.690347123478195 0.6042752327018807 0.06500805737069441 0.04585437606301603
0 0.690347123478195 0.6042752327018807 0.06500805737069441 0.04585437606301603