0 0.2467385245099533 0.4729912747876857 0.027564494009550168 0.07562471658814811
0 0.2467385245099533 0.4729912747876857 0.027564494009550168 0.07562471658814811
0 0.2648610419331484 0.48931961234657456 0.02060516587924912 0.054765412441111036
0 0.2648610419331484 0.48931961234657456 0.02060516587924912 0.054765412441111036
0 0.2920510245099533 0.4690269447216672 0.02076885698624169 0.05945291244111104
0 0.2920510245099533 0.4690269447216672 0.02076885698624169 0.05945291244111104
0 0.6848784199707822 0.32717588656861246 0.008685519237293705 0.025683505183796206
0 0.6848784199707822 0.32717588656861246 0.008685519237293705 0.025683505183796206
0 0.5994047114405946 0.32141319359037157 0.02409226442797028 0.020800515551388798
0 0.5994047114405946 0.32141319359037157 0.02409226442797028 0.020800515551388798
0 0.5833357673383771 0.29088565499472335 0.013809528855940556 0.03859360829407406