0 0.3513137076597367 0.6921769613297583 0.028953794191141212 0.012247442927905361
0 0.3513137076597367 0.6921769613297583 0.028953794191141212 0.012247442927905361
0 0.3287516234266392 0.7209183914373821 0.038565592531467185 0.01580909057054054
0 0.3287516234266392 0.7209183914373821 0.038565592531467185 0.01580909057054054
0 0.3179441779907426 0.7290391064911941 0.05021348755244537 0.025693512820281584
0 0.3179441779907426 0.7290391064911941 0.05021348755244537 0.025693512820281584
0 0.43243273048025355 0.7390755401134745 0.042519386722608486 0.026892139784752446
0 0.43243273048025355 0.7390755401134745 0.042519386722608486 0.026892139784752446
0 0.5084526240513391 0.6359912355225794 0.04720688672260849 0.027110463606069855
0 0.5084526240513391 0.6359912355225794 0.04720688672260849 0.027110463606069855
0 0.5032737522750852 0.3111710179875681 0.037358290041956364 0.020423815963434677
0 0.5032737522750852 0.3111710179875681 0.037358290041956364 0.020423815963434677
0 0.4947867460513078 0.2990156203449329 0.032433991701630305 0.017080492142117088