0 0.41112339723285957 0.77916604793923 0.04669521753501123 0.030214758672817865
0 0.41112339723285957 0.77916604793923 0.04669521753501123 0.030214758672817865
0 0.40184044251812984 0.7605342266072755 0.029071069892376223 0.02063976400381797
0 0.40184044251812984 0.7605342266072755 0.029071069892376223 0.02063976400381797
0 0.377514684660247 0.7295842186107754 0.08216183664159918 0.05405224801081765
0 0.377514684660247 0.7295842186107754 0.08216183664159918 0.05405224801081765
0 0.37241196174855223 0.6882597846117298 0.0414255206781645 0.017660214672181596
0 0.37241196174855223 0.6882597846117298 0.0414255206781645 0.017660214672181596
0 0.35746551199622123 0.5900495512810479 0.06373716832079959 0.027289753341817758
0 0.35746551199622123 0.5900495512810479 0.06373716832079959 0.027289753341817758
0 0.5499399181159118 0.36371267592300355 0.027144696856846905 0.01280908267027261
0 0.5499399181159118 0.36371267592300355 0.027144696856846905 0.01280908267027261