0 0.24056330826174682 0.7034249622528236 0.051953385440423536 0.07169863421305553
0 0.24056330826174682 0.7034249622528236 0.051953385440423536 0.07169863421305553
0 0.269324112516473 0.7309539314328698 0.02519998789975162 0.03656221658814811
0 0.269324112516473 0.7309539314328698 0.02519998789975162 0.03656221658814811
0 0.35805079011137425 0.6621150400097677 0.015797716822512697 0.031054510367592415
0 0.35805079011137425 0.6621150400097677 0.015797716822512697 0.031054510367592415
0 0.6306434075978169 0.6969068709242581 0.026907933645025396 0.06169891762490742
0 0.6306434075978169 0.6969068709242581 0.026907933645025396 0.06169891762490742
0 0.6408587449318345 0.6876391776631932 0.01580680718159222 0.03261701036759259
0 0.6408587449318345 0.6876391776631932 0.01580680718159222 0.03261701036759259
0 0.6193700851927182 0.6193191131485636 0.018977258976990364 0.04070291244111104
0 0.6193700851927182 0.6193191131485636 0.018977258976990364 0.04070291244111104
0 0.6917308985226306 0.676456961357869 0.0535704275949012 0.08121033524981484
0 0.6917308985226306 0.676456961357869 0.0535704275949012 0.08121033524981484
0 0.7379342537124332 0.5272962914238875 0.020521578258831143 0.03771461347787035
0 0.7379342537124332 0.5272962914238875 0.020521578258831143 0.03771461347787035
0 0.6053121303722581 0.6173075538177303 0.018940897540672096 0.03445291244111104