0 0.4448045281374394 0.2696689866040241 0.04438666996194396 0.016388659090609537
0 0.4448045281374394 0.2696689866040241 0.04438666996194396 0.016388659090609537
0 0.4211030898867068 0.37167181736714483 0.052390170950527094 0.02121252678536125
0 0.4211030898867068 0.37167181736714483 0.052390170950527094 0.02121252678536125
0 0.41359433741524887 0.38326783644186835 0.03839133794672147 0.022529564934808198
0 0.41359433741524887 0.38326783644186835 0.03839133794672147 0.022529564934808198
0 0.4087039075674731 0.4457269261334428 0.03332183596955503 0.013072744317957153
0 0.4087039075674731 0.4457269261334428 0.03332183596955503 0.013072744317957153
0 0.4144273255522508 0.439572383519769 0.018941000988583312 0.005014782467404011
0 0.4144273255522508 0.439572383519769 0.018941000988583312 0.005014782467404011
0 0.38337364372730875 0.5109564598186629 0.031632001977166355 0.009920470779006863
0 0.38337364372730875 0.5109564598186629 0.031632001977166355 0.009920470779006863
0 0.40318212494422845 0.600428062902918 0.02850700197716627 0.009865923701106106
0 0.40318212494422845 0.600428062902918 0.02850700197716627 0.009865923701106106
0 0.4312660211801761 0.6978621704514 0.02225700197716627 0.009756829545304768
0 0.4312660211801761 0.6978621704514 0.02225700197716627 0.009756829545304768
0 0.4356351861992042 0.705756491068251 0.02219333498097207 0.008194329545304769
0 0.4356351861992042 0.705756491068251 0.02219333498097207 0.008194329545304769
0 0.46782826228292756 0.7407178721556833 0.028634335969555023 0.012990923701106105
0 0.46782826228292756 0.7407178721556833 0.028634335969555023 0.012990923701106105
0 0.3240384530051182 0.6240643859554009 0.027071835969555112 0.012963650162155815
0 0.3240384530051182 0.6240643859554009 0.027071835969555112 0.012963650162155815