0 0.24489868691381228 0.6207297611676518 0.033996491701630306 0.01715326674922295
0 0.24489868691381228 0.6207297611676518 0.033996491701630306 0.01715326674922295
0 0.2265388506061224 0.6472751445422633 0.030634693361304245 0.013882717535011224
0 0.2265388506061224 0.6472751445422633 0.030634693361304245 0.013882717535011224
0 0.18508321118422164 0.7628659112914862 0.05009508838228234 0.024131012820281583
0 0.18508321118422164 0.7628659112914862 0.05009508838228234 0.024131012820281583
0 0.20398749915158546 0.7394091406133219 0.023532588382282338 0.022893844499482084
0 0.20398749915158546 0.7394091406133219 0.023532588382282338 0.022893844499482084
0 0.09718139209797118 0.731149338503626 0.03723989087179327 0.018861315963434676
0 0.09718139209797118 0.731149338503626 0.03723989087179327 0.018861315963434676
0 0.10056650122617791 0.7481185146823084 0.038565592531467185 0.015809090570540717