0 0.23359375 0.4453125 0.01171875 0.03515625
0 0.23359375 0.4453125 0.01171875 0.03515625
0 0.2484375 0.4453125 0.01640625 0.0484375
0 0.2484375 0.4453125 0.01640625 0.0484375
0 0.2828125 0.46640625 0.00859375 0.0296875
0 0.2828125 0.46640625 0.00859375 0.0296875
0 0.29375 0.465625 0.01328125 0.04609375
0 0.29375 0.465625 0.01328125 0.04609375
0 0.32421875 0.48359375 0.015625 0.04453125
0 0.32421875 0.48359375 0.015625 0.04453125
0 0.33359375 0.48359375 0.00859375 0.028125
0 0.33359375 0.48359375 0.00859375 0.028125
0 0.3625 0.49140625 0.00859375 0.03125
0 0.3625 0.49140625 0.00859375 0.03125
0 0.615625 0.48984375 0.021875 0.06484375
0 0.615625 0.48984375 0.021875 0.06484375
0 0.69453125 0.45390625 0.00546875 0.01875
0 0.69453125 0.45390625 0.00546875 0.01875
0 0.7015625 0.4546875 0.00546875 0.0203125
0 0.7015625 0.4546875 0.00546875 0.0203125
0 0.73125 0.5484375 0.009375 0.0296875
0 0.73125 0.5484375 0.009375 0.0296875
0 0.63203125 0.56328125 0.00703125 0.02578125
0 0.63203125 0.56328125 0.00703125 0.02578125
0 0.353125 0.57265625 0.01015625 0.0296875
0 0.353125 0.57265625 0.01015625 0.0296875
0 0.25625 0.5578125 0.01015625 0.04296875
0 0.25625 0.5578125 0.01015625 0.04296875
0 0.3734375 0.58046875 0.0078125 0.01875
0 0.3734375 0.58046875 0.0078125 0.01875