0 0.47866777862869314 0.2530539949098417 0.08871155575957416 0.061497171057196987
0 0.47866777862869314 0.2530539949098417 0.08871155575957416 0.061497171057196987
0 0.4860180219607334 0.2884367562408006 0.07480855242559432 0.04306934941909377
0 0.4860180219607334 0.2884367562408006 0.07480855242559432 0.04306934941909377
0 0.38219242285942057 0.5569371655931293 0.07924096091032524 0.040409470033382536
0 0.38219242285942057 0.5569371655931293 0.07924096091032524 0.040409470033382536
0 0.3689596149738145 0.7383422057978922 0.026403003333979845 0.019668143276206605
0 0.3689596149738145 0.7383422057978922 0.026403003333979845 0.019668143276206605
0 0.3112747896694029 0.7696345486311905 0.023278003333979846 0.019358062866680827
0 0.3112747896694029 0.7696345486311905 0.023278003333979846 0.019358062866680827
0 0.30178821936596123 0.7797193275049945 0.02589282030344169 0.013418143276206607
0 0.30178821936596123 0.7797193275049945 0.02589282030344169 0.013418143276206607
0 0.2941192405777885 0.7868341465835614 0.045790732122152546 0.029341125733361294
0 0.2941192405777885 0.7868341465835614 0.045790732122152546 0.029341125733361294
0 0.4059178678487525 0.8451821217360166 0.026658094849248925 0.022793143276206608
0 0.4059178678487525 0.8451821217360166 0.026658094849248925 0.022793143276206608
0 0.6096951537736252 0.44247273395279213 0.030962957576345394 0.01857076389049528
0 0.6096951537736252 0.44247273395279213 0.030962957576345394 0.01857076389049528
0 0.6149566096829806 0.4359066045670808 0.027582866061076315 0.01513568348096932
0 0.6149566096829806 0.4359066045670808 0.027582866061076315 0.01513568348096932
0 0.6102530052908339 0.38739763344088485 0.04384559484924892 0.024498585528598495
0 0.6102530052908339 0.38739763344088485 0.04384559484924892 0.024498585528598495
0 0.6179219840790066 0.3802828143623179 0.03890300333397985 0.02090846491430982
0 0.6179219840790066 0.3802828143623179 0.03890300333397985 0.02090846491430982
0 0.6000327245361089 0.3099884612908744 0.05449605242559432 0.04105382675717593
0 0.6000327245361089 0.3099884612908744 0.05449605242559432 0.04105382675717593
0 0.6003197669597635 0.32576850149563724 0.024330320303441687 0.013263103071443539