0 0.228125 0.5383016301046155 0.0265625 0.06513568348096932
0 0.228125 0.5383016301046155 0.0265625 0.06513568348096932
0 0.2546875 0.530978446623646 0.04375 0.08715362573336147
0 0.2546875 0.530978446623646 0.04375 0.08715362573336147
0 0.4703125 0.5298953983663648 0.0125 0.027802821638103124
0 0.4703125 0.5298953983663648 0.0125 0.027802821638103124
0 0.55546875 0.4925394572067863 0.0125 0.029365321638103303
0 0.55546875 0.4925394572067863 0.0125 0.029365321638103303
0 0.74765625 0.5172195120209487 0.015625 0.021862902047629085
0 0.74765625 0.5172195120209487 0.015625 0.021862902047629085
0 0.61875 0.5761040789138885 0.0140625 0.031082861842866193
0 0.61875 0.5761040789138885 0.0140625 0.031082861842866193
0 0.4109375 0.6810994261473553 0.0203125 0.027015522661917757