0 0.3671875 0.46953125 0.03125 0.05390625
0 0.3671875 0.46953125 0.03125 0.05390625
0 0.3953125 0.45625 0.02421875 0.04453125
0 0.3953125 0.45625 0.02421875 0.04453125
0 0.45859375 0.48984375 0.021875 0.07421875
0 0.45859375 0.48984375 0.021875 0.07421875
0 0.50546875 0.5109375 0.00703125 0.0375
0 0.50546875 0.5109375 0.00703125 0.0375
0 0.5984375 0.60703125 0.02890625 0.05546875
0 0.5984375 0.60703125 0.02890625 0.05546875
0 0.28125 0.56875 0.03984375 0.06171875
0 0.28125 0.56875 0.03984375 0.06171875
0 0.2515625 0.53046875 0.0140625 0.02578125