0 0.60234375 0.23454173715695714 0.0578125 0.04371981057118699
0 0.60234375 0.23454173715695714 0.0578125 0.04371981057118699
0 0.59140625 0.24695156618393846 0.0609375 0.04570297600746738
0 0.59140625 0.24695156618393846 0.0609375 0.04570297600746738
0 0.51796875 0.34199345393652736 0.0546875 0.0386116451349066
0 0.51796875 0.34199345393652736 0.0546875 0.0386116451349066
0 0.5078125 0.3558606166044386 0.0578125 0.04371981057118699
0 0.5078125 0.3558606166044386 0.0578125 0.04371981057118699
0 0.4234375 0.5414373333840088 0.065625 0.04320897416188778
0 0.4234375 0.5414373333840088 0.065625 0.04320897416188778
0 0.3296875 0.5767135464724202 0.025 0.0221153234902431
0 0.3296875 0.5767135464724202 0.025 0.0221153234902431
0 0.3296875 0.5657760464724202 0.0265625 0.017638156208383292
0 0.3296875 0.5657760464724202 0.0265625 0.017638156208383292
0 0.3328125 0.5262928810361398 0.0328125 0.02472948708094407
0 0.3328125 0.5262928810361398 0.0328125 0.02472948708094407
0 0.32734375 0.5176540455496305 0.028125 0.017848488926523486
0 0.32734375 0.5176540455496305 0.028125 0.017848488926523486
0 0.31953125 0.47495570914033125 0.0265625 0.019200656208383293
0 0.31953125 0.47495570914033125 0.0265625 0.019200656208383293
0 0.4359375 0.24600467163888728 0.025 0.0221153234902431
0 0.4359375 0.24600467163888728 0.025 0.0221153234902431
0 0.50703125 0.19971578296350867 0.0484375 0.04870781426234587