0 0.4131074253717408 0.6443950995852762 0.05624335594746519 0.037049145134906605
0 0.4131074253717408 0.6443950995852762 0.05624335594746519 0.037049145134906605
0 0.328298656149864 0.5507504646010565 0.049420145861557074 0.025270314262345828
0 0.328298656149864 0.5507504646010565 0.049420145861557074 0.025270314262345828
0 0.4063827125722991 0.5604858505080659 0.03182321008590829 0.015144154362803697
0 0.4063827125722991 0.5604858505080659 0.03182321008590829 0.015144154362803697
0 0.4040102278374471 0.3227905131759772 0.05279080732694617 0.030378479698626216
0 0.4040102278374471 0.3227905131759772 0.05279080732694617 0.030378479698626216
0 0.3197137929663095 0.3277336300373369 0.03988137155129756 0.020883317953504666
0 0.3197137929663095 0.3277336300373369 0.03988137155129756 0.020883317953504666
0 0.4017516870188442 0.30929893045783696 0.03864642017181659 0.02692298523536447