0 0.340625 0.4953125 0.01953125 0.0375
0 0.340625 0.4953125 0.01953125 0.0375
0 0.35625 0.52890625 0.0140625 0.03203125
0 0.35625 0.52890625 0.0140625 0.03203125
0 0.3796875 0.54140625 0.01328125 0.0296875
0 0.3796875 0.54140625 0.01328125 0.0296875
0 0.4328125 0.70703125 0.0203125 0.06796875
0 0.4328125 0.70703125 0.0203125 0.06796875
0 0.59921875 0.540625 0.015625 0.06796875
0 0.59921875 0.540625 0.015625 0.06796875
0 0.915625 0.5203125 0.0328125 0.0671875
0 0.915625 0.5203125 0.0328125 0.0671875
0 0.88203125 0.546875 0.02265625 0.071875
0 0.88203125 0.546875 0.02265625 0.071875
0 0.90625 0.65546875 0.02578125 0.0421875
0 0.90625 0.65546875 0.02578125 0.0421875
0 0.846875 0.69140625 0.01015625 0.02109375
0 0.846875 0.69140625 0.01015625 0.02109375
0 0.8359375 0.68828125 0.009375 0.03125
0 0.8359375 0.68828125 0.009375 0.03125