0 0.26640625 0.36796875 0.028125 0.0765625
0 0.26640625 0.36796875 0.028125 0.0765625
0 0.3109375 0.41015625 0.0078125 0.028125
0 0.3109375 0.41015625 0.0078125 0.028125
0 0.34765625 0.4265625 0.0171875 0.04609375
0 0.34765625 0.4265625 0.0171875 0.04609375
0 0.32109375 0.41015625 0.00703125 0.02265625
0 0.32109375 0.41015625 0.00703125 0.02265625
0 0.36484375 0.421875 0.02890625 0.1
0 0.36484375 0.421875 0.02890625 0.1
0 0.590625 0.43984375 0.01953125 0.05234375
0 0.590625 0.43984375 0.01953125 0.05234375
0 0.6625 0.4109375 0.00859375 0.02421875
0 0.6625 0.4109375 0.00859375 0.02421875
0 0.6703125 0.40859375 0.00859375 0.02578125
0 0.6703125 0.40859375 0.00859375 0.02578125
0 0.7171875 0.4734375 0.0296875 0.0390625
0 0.7171875 0.4734375 0.0296875 0.0390625
0 0.63515625 0.54296875 0.040625 0.0484375
0 0.63515625 0.54296875 0.040625 0.0484375
0 0.309375 0.509375 0.0375 0.04453125
0 0.309375 0.509375 0.0375 0.04453125
0 0.27734375 0.4671875 0.034375 0.05546875