0 0.37978350600036526 0.8181108452776072 0.03412244292790545 0.03196023120612708
0 0.37978350600036526 0.8181108452776072 0.03412244292790545 0.03196023120612708
0 0.3836362520714238 0.8028511053924763 0.038591619106587774 0.027820621378430842
0 0.3836362520714238 0.8028511053924763 0.038591619106587774 0.027820621378430842
0 0.3786063037668349 0.7590605201340207 0.0543621683207995 0.03277192195277685
0 0.3786063037668349 0.7590605201340207 0.0543621683207995 0.03277192195277685
0 0.38153225062368173 0.7468344652201726 0.04498716832079959 0.03167614160816914
0 0.38153225062368173 0.7468344652201726 0.04498716832079959 0.03167614160816914
0 0.40670353267438564 0.6280235909381052 0.05977741439185813 0.0489448121250808
0 0.40670353267438564 0.6280235909381052 0.05977741439185813 0.0489448121250808
0 0.5468941548813454 0.33335031056159165 0.06453768899896399 0.05105520229738456
0 0.5468941548813454 0.33335031056159165 0.06453768899896399 0.05105520229738456
0 0.4412285057909683 0.2746550865986033 0.03590326674922295 0.03683036126356143
0 0.4412285057909683 0.2746550865986033 0.03590326674922295 0.03683036126356143
0 0.39487573656054586 0.34228901001915146 0.036956344499482 0.026075491320996135
0 0.39487573656054586 0.34228901001915146 0.036956344499482 0.026075491320996135
0 0.3920953389179107 0.3513900649329995 0.030488020678164408 0.02065747109125766
0 0.3920953389179107 0.3513900649329995 0.030488020678164408 0.02065747109125766
0 0.3712712626153938 0.39372975424378415 0.036956344499482 0.026075491320996135
0 0.3712712626153938 0.39372975424378415 0.036956344499482 0.026075491320996135
0 0.33209960070473504 0.39150775280791883 0.04222604135632881 0.03912338149329999
0 0.33209960070473504 0.39150775280791883 0.04222604135632881 0.03912338149329999
0 0.290898750209397 0.5846388366305092 0.043351893713693725 0.02993101155073461
0 0.290898750209397 0.5846388366305092 0.043351893713693725 0.02993101155073461
0 0.2877887127820095 0.6345475216017918 0.04647689371369372 0.03029627166560367
0 0.2877887127820095 0.6345475216017918 0.04647689371369372 0.03029627166560367
0 0.27619624131805687 0.6473316111997496 0.06729881596343468 0.0436079624122538
0 0.27619624131805687 0.6473316111997496 0.06729881596343468 0.0436079624122538
0 0.28725786580132817 0.6965402166879439 0.040081344499481995 0.026440751435865373
0 0.28725786580132817 0.6965402166879439 0.040081344499481995 0.026440751435865373
0 0.285258718158693 0.7057325866305092 0.03368579528527036 0.022585231206126898
0 0.285258718158693 0.7057325866305092 0.03368579528527036 0.022585231206126898
0 0.271810494213541 0.758360426228467 0.05607021753501131 0.036079552010211555
0 0.271810494213541 0.758360426228467 0.05607021753501131 0.036079552010211555
0 0.2631974735353765 0.7746347759412939 0.06907963978475226 0.04847809246968833
0 0.2631974735353765 0.7746347759412939 0.06907963978475226 0.04847809246968833
0 0.39290855231909283 0.7049614955647803 0.043206344499482 0.02680601155073461