0 0.27578125 0.4953125 0.01640625 0.03671875
0 0.27578125 0.4953125 0.01640625 0.03671875
0 0.315625 0.54609375 0.0078125 0.02734375
0 0.315625 0.54609375 0.0078125 0.02734375
0 0.43359375 0.571875 0.01015625 0.046875
0 0.43359375 0.571875 0.01015625 0.046875
0 0.45625 0.56015625 0.01953125 0.08046875
0 0.45625 0.56015625 0.01953125 0.08046875
0 0.484375 0.59140625 0.0265625 0.02265625
0 0.484375 0.59140625 0.0265625 0.02265625
0 0.58828125 0.5171875 0.0078125 0.04140625
0 0.58828125 0.5171875 0.0078125 0.04140625
0 0.603125 0.540625 0.0265625 0.078125
0 0.603125 0.540625 0.0265625 0.078125
0 0.609375 0.678125 0.00703125 0.04921875
0 0.609375 0.678125 0.00703125 0.04921875
0 0.3390625 0.66640625 0.0078125 0.04140625
0 0.3390625 0.66640625 0.0078125 0.04140625