0 0.5628952304425934 0.3256925689523076 0.04470690725731465 0.016826816107925247
0 0.5628952304425934 0.3256925689523076 0.04470690725731465 0.016826816107925247
0 0.41726966361888956 0.29588450989376575 0.06367152073518519 0.039452976007467375
0 0.41726966361888956 0.29588450989376575 0.06367152073518519 0.039452976007467375
0 0.42998569415601934 0.39762735183980313 0.05904280933083328 0.02184481057118699
0 0.42998569415601934 0.39762735183980313 0.05904280933083328 0.02184481057118699
0 0.37911767832180665 0.5025250852295883 0.06033190725731483 0.018930143289327184
0 0.37911767832180665 0.5025250852295883 0.06033190725731483 0.018930143289327184
0 0.31851378605023284 0.648107899491934 0.08214811866166656 0.0388519686251497
0 0.31851378605023284 0.648107899491934 0.08214811866166656 0.0388519686251497
0 0.40419771635180696 0.6659116009170134 0.08011672695574071 0.05093130318886931
0 0.40419771635180696 0.6659116009170134 0.08011672695574071 0.05093130318886931
0 0.47001749745458465 0.610728458550476 0.08433533524981467 0.0638519686251497
0 0.47001749745458465 0.610728458550476 0.08433533524981467 0.0638519686251497
0 0.48938194359037157 0.5394093804462843 0.03818350518379621 0.01286048523536465