0 0.33671875 0.54140625 0.00859375 0.02890625
0 0.33671875 0.54140625 0.00859375 0.02890625
0 0.34765625 0.56328125 0.009375 0.0265625
0 0.34765625 0.56328125 0.009375 0.0265625
0 0.36953125 0.56953125 0.009375 0.04375
0 0.36953125 0.56953125 0.009375 0.04375
0 0.384375 0.5734375 0.01640625 0.06796875
0 0.384375 0.5734375 0.01640625 0.06796875
0 0.56015625 0.57421875 0.0046875 0.025
0 0.56015625 0.57421875 0.0046875 0.025
0 0.59296875 0.56015625 0.0109375 0.0578125
0 0.59296875 0.56015625 0.0109375 0.0578125
0 0.709375 0.65625 0.0046875 0.01640625
0 0.709375 0.65625 0.0046875 0.01640625
0 0.36484375 0.6921875 0.0140625 0.0453125
0 0.36484375 0.6921875 0.0140625 0.0453125
0 0.32578125 0.68125 0.0046875 0.01640625
0 0.32578125 0.68125 0.0046875 0.01640625
0 0.21640625 0.6234375 0.0078125 0.0203125
0 0.21640625 0.6234375 0.0078125 0.0203125