0 0.2578125 0.46640625 0.02578125 0.08046875
0 0.2578125 0.46640625 0.02578125 0.08046875
0 0.29140625 0.4953125 0.00703125 0.02578125
0 0.29140625 0.4953125 0.00703125 0.02578125
0 0.6296875 0.57109375 0.01015625 0.01953125
0 0.6296875 0.57109375 0.01015625 0.01953125
0 0.65078125 0.55859375 0.0125 0.02890625
0 0.65078125 0.55859375 0.0125 0.02890625
0 0.66953125 0.5359375 0.040625 0.0546875
0 0.66953125 0.5359375 0.040625 0.0546875
0 0.7359375 0.6328125 0.02421875 0.07421875
0 0.7359375 0.6328125 0.02421875 0.07421875
0 0.7171875 0.6515625 0.01875 0.05234375
0 0.7171875 0.6515625 0.01875 0.05234375
0 0.68125 0.68203125 0.01328125 0.03125
0 0.68125 0.68203125 0.01328125 0.03125
0 0.65546875 0.7078125 0.04296875 0.06953125
0 0.65546875 0.7078125 0.04296875 0.06953125
0 0.384375 0.68671875 0.0171875 0.040625
0 0.384375 0.68671875 0.0171875 0.040625
0 0.32109375 0.6390625 0.0109375 0.0171875
0 0.32109375 0.6390625 0.0109375 0.0171875
0 0.29765625 0.62734375 0.015625 0.02109375
0 0.29765625 0.62734375 0.015625 0.02109375
0 0.27265625 0.6109375 0.00859375 0.01875