0 0.5234802935998953 0.571037939984884 0.031468205547083274 0.01119510523343692
0 0.5234802935998953 0.571037939984884 0.031468205547083274 0.01119510523343692
0 0.5278950366660411 0.5824836741998685 0.03768183795590278 0.009996626280124233
0 0.5278950366660411 0.5824836741998685 0.03768183795590278 0.009996626280124233
0 0.5052030722852425 0.5518175031249462 0.04400457313826393 0.013485647326811723
0 0.5052030722852425 0.5518175031249462 0.04400457313826393 0.013485647326811723
0 0.46868565045749955 0.47826588203590636 0.040843205547083275 0.011741136803468066
0 0.46868565045749955 0.47826588203590636 0.040843205547083275 0.011741136803468066
0 0.4747362819163885 0.45294736362005494 0.04091594072944442 0.014866136803468067
0 0.4747362819163885 0.45294736362005494 0.04091594072944442 0.014866136803468067
0 0.533770362272847 0.22949518209237613 0.08194098423243065 0.034419773606936134
0 0.533770362272847 0.22949518209237613 0.08194098423243065 0.034419773606936134
0 0.41170764542350646 0.546340318825257 0.031468205547083274 0.01119510523343692
0 0.41170764542350646 0.546340318825257 0.031468205547083274 0.01119510523343692