0 0.4546875 0.5578125 0.00703125 0.025
0 0.4546875 0.5578125 0.00703125 0.025
0 0.48125 0.58046875 0.01640625 0.03671875
0 0.48125 0.58046875 0.01640625 0.03671875
0 0.503125 0.57734375 0.0125 0.0359375
0 0.503125 0.57734375 0.0125 0.0359375
0 0.58828125 0.64296875 0.0140625 0.02734375
0 0.58828125 0.64296875 0.0140625 0.02734375
0 0.3875 0.6734375 0.01171875 0.02265625
0 0.3875 0.6734375 0.01171875 0.02265625
0 0.37890625 0.64765625 0.00703125 0.0265625
0 0.37890625 0.64765625 0.00703125 0.0265625