0 0.586778462233615 0.31101050620074383 0.03716580732694617 0.025111315963434678
0 0.586778462233615 0.31101050620074383 0.03716580732694617 0.025111315963434678
0 0.5263665846894235 0.34794327191650953 0.05401911465389251 0.04927656203449331
0 0.5263665846894235 0.34794327191650953 0.05401911465389251 0.04927656203449331
0 0.516449352102278 0.3817724623632156 0.0610946302577247 0.035577935070022625
0 0.516449352102278 0.3817724623632156 0.0610946302577247 0.035577935070022625
0 0.4601628098133371 0.5420335661683225 0.04152575870642714 0.019079639784752266
0 0.4601628098133371 0.5420335661683225 0.04152575870642714 0.019079639784752266
0 0.4599890694242756 0.5833306542576637 0.04950203301668665 0.022568512820281585
0 0.4599890694242756 0.5833306542576637 0.04950203301668665 0.022568512820281585
0 0.4808957909301446 0.6848396503287223 0.0687433559474652 0.032816808105551945
0 0.4808957909301446 0.6848396503287223 0.0687433559474652 0.032816808105551945
0 0.5132855670494264 0.7377848678637335 0.02409259724103805 0.01359161910658777
0 0.5132855670494264 0.7377848678637335 0.02409259724103805 0.01359161910658777
0 0.37407590287050363 0.654146114349077 0.017760710085908293 0.011738020678164318
0 0.37407590287050363 0.654146114349077 0.017760710085908293 0.011738020678164318
0 0.3696783299397251 0.6445891778313123 0.014553822930778537 0.010029971463952769
0 0.3696783299397251 0.6445891778313123 0.014553822930778537 0.010029971463952769