0 0.2 0.7265625 0.0203125 0.0625
0 0.2 0.7265625 0.0203125 0.0625
0 0.22109375 0.7484375 0.025 0.0828125
0 0.22109375 0.7484375 0.025 0.0828125
0 0.25390625 0.7421875 0.01796875 0.05078125
0 0.25390625 0.7421875 0.01796875 0.05078125
0 0.27421875 0.740625 0.01328125 0.040625
0 0.27421875 0.740625 0.01328125 0.040625
0 0.67265625 0.70390625 0.0203125 0.03828125
0 0.67265625 0.70390625 0.0203125 0.03828125
0 0.72890625 0.72578125 0.01015625 0.01484375
0 0.72890625 0.72578125 0.01015625 0.01484375
0 0.7421875 0.73828125 0.0109375 0.04140625
0 0.7421875 0.73828125 0.0109375 0.04140625
0 0.6625 0.8765625 0.01171875 0.02734375
0 0.6625 0.8765625 0.01171875 0.02734375
0 0.57890625 0.903125 0.0171875 0.04453125
0 0.57890625 0.903125 0.0171875 0.04453125
0 0.378125 0.90546875 0.01484375 0.06015625
0 0.378125 0.90546875 0.01484375 0.06015625