0 0.31875 0.54453125 0.00703125 0.01875
0 0.31875 0.54453125 0.00703125 0.01875
0 0.34296875 0.5546875 0.00703125 0.025
0 0.34296875 0.5546875 0.00703125 0.025
0 0.3578125 0.55625 0.01015625 0.02734375
0 0.3578125 0.55625 0.01015625 0.02734375
0 0.653125 0.575 0.02109375 0.05703125
0 0.653125 0.575 0.02109375 0.05703125
0 0.67421875 0.5546875 0.02421875 0.0359375
0 0.67421875 0.5546875 0.02421875 0.0359375
0 0.68671875 0.6921875 0.03203125 0.01953125
0 0.68671875 0.6921875 0.03203125 0.01953125
0 0.62890625 0.7109375 0.01484375 0.0171875