0 0.34453125 0.528125 0.02265625 0.075
0 0.34453125 0.528125 0.02265625 0.075
0 0.38984375 0.55546875 0.009375 0.03203125
0 0.38984375 0.55546875 0.009375 0.03203125
0 0.7234375 0.56015625 0.040625 0.0828125
0 0.7234375 0.56015625 0.040625 0.0828125
0 0.6 0.60546875 0.03203125 0.06328125
0 0.6 0.60546875 0.03203125 0.06328125
0 0.57734375 0.61875 0.0171875 0.03359375
0 0.57734375 0.61875 0.0171875 0.03359375
0 0.53828125 0.6109375 0.0203125 0.05546875
0 0.53828125 0.6109375 0.0203125 0.05546875
0 0.4515625 0.55703125 0.0265625 0.03359375