0 0.5039659209747217 0.6263410355865171 0.06162848423243048 0.03466178454774678
0 0.5039659209747217 0.6263410355865171 0.06162848423243048 0.03466178454774678
0 0.37226263250572866 0.5895261749854525 0.03161367591180557 0.01817591515269079
0 0.37226263250572866 0.5895261749854525 0.03161367591180557 0.01817591515269079
0 0.4574747403132634 0.5131712269520048 0.03964438145888884 0.0281886439408634
0 0.4574747403132634 0.5131712269520048 0.03964438145888884 0.0281886439408634
0 0.43314754075010375 0.4863057090741574 0.05708645459715278 0.04052914727484343
0 0.43314754075010375 0.4863057090741574 0.05708645459715278 0.04052914727484343
0 0.4330572749825343 0.4566819819529747 0.05218074905006951 0.030771510001939718
0 0.4330572749825343 0.4566819819529747 0.05218074905006951 0.030771510001939718
0 0.4381993698722913 0.43676809468007105 0.04247844072944442 0.01594373545613248
0 0.4381993698722913 0.43676809468007105 0.04247844072944442 0.01594373545613248
0 0.43923519301055514 0.42576682180125386 0.0377909407294446 0.01556109818322895
0 0.43923519301055514 0.42576682180125386 0.0377909407294446 0.01556109818322895
0 0.45218978790031217 0.40521520574017755 0.0251454703647223 0.008290732122152634
0 0.45218978790031217 0.40521520574017755 0.0251454703647223 0.008290732122152634
0 0.47072288877399276 0.3459997024061977 0.04887391109416672 0.022703918486670638
0 0.47072288877399276 0.3459997024061977 0.04887391109416672 0.022703918486670638
0 0.472557492497465 0.36768338376974585 0.0315409407294446 0.015050915152690702
0 0.472557492497465 0.36768338376974585 0.0315409407294446 0.015050915152690702
0 0.48952809337114556 0.30859542619340047 0.028415940729444422 0.014795823637421624
0 0.48952809337114556 0.30859542619340047 0.028415940729444422 0.014795823637421624
0 0.4732848443210761 0.33643338376974585 0.0284159407294446 0.014795823637421712
0 0.4732848443210761 0.33643338376974585 0.0284159407294446 0.014795823637421712
0 0.5196708414712845 0.2531108296771616 0.03626480832062491 0.01699605242559432
0 0.5196708414712845 0.2531108296771616 0.03626480832062491 0.01699605242559432
0 0.5485420303008679 0.18525377891855724 0.030342116641250173 0.030548369395056164
0 0.5485420303008679 0.18525377891855724 0.030342116641250173 0.030548369395056164
0 0.3817519609623261 0.3158335834701834 0.0903353656913195 0.06195760818516849
0 0.3817519609623261 0.3158335834701834 0.0903353656913195 0.06195760818516849
0 0.36932404293430526 0.34725892665244246 0.03161367591180557 0.0181759151526907
0 0.36932404293430526 0.34725892665244246 0.03161367591180557 0.0181759151526907
0 0.3742836466577774 0.36868751650072157 0.028415940729444422 0.014795823637421712
0 0.3742836466577774 0.36868751650072157 0.028415940729444422 0.014795823637421712
0 0.3725393087018746 0.3766275622583561 0.022093205547083272 0.011160640606883553