0 0.3406307308661771 0.5017957249571111 0.025909282132453627 0.034467358054365606
0 0.3406307308661771 0.5017957249571111 0.025909282132453627 0.034467358054365606
0 0.3237410960681565 0.5701979186123316 0.009966033386094874 0.0215190092703871
0 0.3237410960681565 0.5701979186123316 0.009966033386094874 0.0215190092703871
0 0.6217837909744492 0.5952233379471205 0.016261497492717502 0.0238858487839785
0 0.6217837909744492 0.5952233379471205 0.016261497492717502 0.0238858487839785
0 0.6780792550810719 0.6008998935694427 0.01143760517284953 0.018595094148784953
0 0.6780792550810719 0.6008998935694427 0.01143760517284953 0.018595094148784953
0 0.5218747191876946 0.5792289057296586 0.008267141066226813 0.01663042439198925
0 0.5218747191876946 0.5792289057296586 0.008267141066226813 0.01663042439198925
0 0.5389258268678265 0.5861283393920348 0.005051212852981379 0.01310325463519355
0 0.5389258268678265 0.5861283393920348 0.005051212852981379 0.01310325463519355