0 0.41105917808588055 0.26206106741534596 0.029787493949875808 0.018224210344286274
0 0.41105917808588055 0.26206106741534596 0.029787493949875808 0.018224210344286274
0 0.40922396731349203 0.3088815037130151 0.018813632513557367 0.011592264427970279
0 0.40922396731349203 0.3088815037130151 0.018813632513557367 0.011592264427970279
0 0.41132682279788224 0.35036959926651134 0.02665340359079611 0.016552582939624562
0 0.41132682279788224 0.35036959926651134 0.02665340359079611 0.016552582939624562
0 0.4120580758229443 0.3589906311176768 0.03136817466803503 0.02140377404661713
0 0.4120580758229443 0.3589906311176768 0.03136817466803503 0.02140377404661713
0 0.41656831382089177 0.38962307222466935 0.028234084308955333 0.01973214664195542
0 0.41656831382089177 0.38962307222466935 0.028234084308955333 0.01973214664195542
0 0.41036376561628984 0.38159231741534594 0.017251132513557366 0.011537700725639422
0 0.41036376561628984 0.38159231741534594 0.017251132513557366 0.011537700725639422
0 0.43484561514875164 0.47152783665263964 0.02507272287263689 0.013373019237293704
0 0.43484561514875164 0.47152783665263964 0.02507272287263689 0.013373019237293704
0 0.4633109827333902 0.5483185151457605 0.026635222872636886 0.013427582939624472
0 0.4633109827333902 0.5483185151457605 0.026635222872636886 0.013427582939624472
0 0.4925212388817103 0.6313864754900468 0.02979658430895533 0.019786710344286362
0 0.4925212388817103 0.6313864754900468 0.02979658430895533 0.019786710344286362
0 0.4956053322658519 0.6385268528947086 0.023519313231716587 0.014880955534962936
0 0.4956053322658519 0.6385268528947086 0.023519313231716587 0.014880955534962936
0 0.5071922720591975 0.6615923306621898 0.023510222872636887 0.013318455534962937
0 0.5071922720591975 0.6615923306621898 0.023510222872636887 0.013318455534962937
0 0.510280910622879 0.6679514580668515 0.02039431323171641 0.014771828130301045
0 0.510280910622879 0.6679514580668515 0.02039431323171641 0.014771828130301045
0 0.5614797962596942 0.7322520602437698 0.03451135538619425 0.024637901451278844
0 0.5614797962596942 0.7322520602437698 0.03451135538619425 0.024637901451278844
0 0.4848127571302787 0.7475471888295578 0.020385222872636888 0.013209328130301045
0 0.4848127571302787 0.7475471888295578 0.020385222872636888 0.013209328130301045
0 0.4894729860530399 0.7523983799365505 0.023510222872636887 0.013318455534962937
0 0.4894729860530399 0.7523983799365505 0.023510222872636887 0.013318455534962937
0 0.44454682631392367 0.6844097825689557 0.01258181323171641 0.014499009618646853
0 0.44454682631392367 0.6844097825689557 0.01258181323171641 0.014499009618646853
0 0.3355864794137405 0.34069200970346486 0.029787493949875808 0.018224210344286274
0 0.3355864794137405 0.34069200970346486 0.029787493949875808 0.018224210344286274
0 0.33470069028432486 0.35863347785229943 0.0470568071815924 0.032886911069925695
0 0.33470069028432486 0.35863347785229943 0.0470568071815924 0.032886911069925695
0 0.3498757175098838 0.436522864875608 0.03135908430895542 0.01984127404661713