0 0.5458329241072587 0.8059276689127811 0.01871576674922295 0.03472013947413011
0 0.5458329241072587 0.8059276689127811 0.01871576674922295 0.03472013947413011
0 0.5540991883752822 0.7998502386498462 0.021840766749222952 0.035066983014881356
0 0.5540991883752822 0.7998502386498462 0.021840766749222952 0.035066983014881356
0 0.4470872090534467 0.8050716364939383 0.020423815963434677 0.038018561244505734
0 0.4470872090534467 0.8050716364939383 0.020423815963434677 0.038018561244505734
0 0.6555161391610704 0.8079976537242523 0.015299668320799497 0.02812329593337921
0 0.6555161391610704 0.8079976537242523 0.015299668320799497 0.02812329593337921
0 0.7532451637681763 0.8203990143727197 0.04371576674922295 0.037494887800137634
0 0.7532451637681763 0.8203990143727197 0.04371576674922295 0.037494887800137634
0 0.8256231238595897 0.739052931121118 0.058908427212139715 0.09669476196314157
0 0.8256231238595897 0.739052931121118 0.058908427212139715 0.09669476196314157
0 0.9609013442900849 0.6732374686845355 0.013591619106588126 0.024824874163003764
0 0.9609013442900849 0.6732374686845355 0.013591619106588126 0.024824874163003764
0 0.9670421823794262 0.6715874057660374 0.008540246071058633 0.016492108851877418
0 0.9670421823794262 0.6715874057660374 0.008540246071058633 0.016492108851877418
0 0.6176052243549277 0.9118223050389267 0.018570217535011223 0.031595139474130104
0 0.6176052243549277 0.9118223050389267 0.018570217535011223 0.031595139474130104
0 0.5126458966046685 0.911053835538582 0.016716619106587772 0.025171717703754835