0 0.7075776670333754 0.3119809871882261 0.03845500494291585 0.02804192103385894
0 0.7075776670333754 0.3119809871882261 0.03845500494291585 0.02804192103385894
0 0.709713169999125 0.32585163631181535 0.04827567391627667 0.04013052629232359
0 0.709713169999125 0.32585163631181535 0.04827567391627667 0.04013052629232359
0 0.6082275603407548 0.6099773994133921 0.04183467292769336 0.03467562278668055
0 0.6082275603407548 0.6099773994133921 0.04183467292769336 0.03467562278668055
0 0.5992027288198238 0.6197222546718568 0.04183467292769336 0.03467562278668055
0 0.5992027288198238 0.6197222546718568 0.04183467292769336 0.03467562278668055
0 0.5047205583635883 0.6132645572565042 0.03689250494291585 0.027850070157448135
0 0.5047205583635883 0.6132645572565042 0.03689250494291585 0.027850070157448135
0 0.511369806386422 0.6030262283126555 0.030515170950527092 0.0239576666518051