0 0.36286618265822856 0.8209649148628266 0.09364220364722228 0.07002519970043757
0 0.36286618265822856 0.8209649148628266 0.09364220364722228 0.07002519970043757
0 0.37365886550388827 0.7944502122874512 0.03045121941479172 0.035235869395056164
0 0.37365886550388827 0.7944502122874512 0.03045121941479172 0.035235869395056164
0 0.3727522885659022 0.698882620772182 0.020639808320624998 0.015720594849248926
0 0.3727522885659022 0.698882620772182 0.020639808320624998 0.015720594849248926
0 0.3725886344055897 0.705913870772182 0.02372844072944442 0.014413186364518004
0 0.3725886344055897 0.705913870772182 0.02372844072944442 0.014413186364518004
0 0.4868570350505205 0.4037132551701477 0.07928876291777787 0.0563772878817268
0 0.4868570350505205 0.4037132551701477 0.07928876291777787 0.0563772878817268
0 0.5522664423449651 0.28381508547552914 0.08423083605604162 0.06769742515463033
0 0.5522664423449651 0.28381508547552914 0.08423083605604162 0.06769742515463033
0 0.5584066863610414 0.3226702913848845 0.025436411094166722 0.020790732122152634
0 0.5584066863610414 0.3226702913848845 0.025436411094166722 0.020790732122152634
0 0.4406931627096872 0.26844556380465984 0.018968205547083273 0.010905549091614475
0 0.4406931627096872 0.26844556380465984 0.018968205547083273 0.010905549091614475
0 0.40457317154340255 0.3069820342578828 0.023801175911805573 0.017538186364518003
0 0.40457317154340255 0.3069820342578828 0.023801175911805573 0.017538186364518003
0 0.3981049659963192 0.3158468512273446 0.030087543502986057 0.019610869395056164
0 0.3981049659963192 0.3158468512273446 0.030087543502986057 0.019610869395056164
0 0.3768832762168053 0.3532512563780957 0.02223867591180557 0.017410640606883555
0 0.3768832762168053 0.3532512563780957 0.02223867591180557 0.017410640606883555
0 0.3727951882609025 0.3607448919840094 0.023801175911805573 0.017538186364518003
0 0.3727951882609025 0.3607448919840094 0.023801175911805573 0.017538186364518003
0 0.3589138730064233 0.3854420030441158 0.023764808320624997 0.015975686364518005
0 0.3589138730064233 0.3854420030441158 0.023764808320624997 0.015975686364518005
0 0.26871875199677026 0.6958695778894854 0.026962543502986058 0.019355777879787085