0 0.4390625 0.5359375 0.00859375 0.02890625
0 0.4390625 0.5359375 0.00859375 0.02890625
0 0.55546875 0.56796875 0.009375 0.02890625
0 0.55546875 0.56796875 0.009375 0.02890625
0 0.73984375 0.58515625 0.01328125 0.03828125
0 0.73984375 0.58515625 0.01328125 0.03828125
0 0.34296875 0.66640625 0.025 0.0609375
0 0.34296875 0.66640625 0.025 0.0609375
0 0.3109375 0.64921875 0.01484375 0.02890625
0 0.3109375 0.64921875 0.01484375 0.02890625
0 0.2921875 0.61484375 0.0359375 0.03359375
0 0.2921875 0.61484375 0.0359375 0.03359375