0 0.5825657653863198 0.3955236617822197 0.08074216014423605 0.04577610831306043
0 0.5825657653863198 0.3955236617822197 0.08074216014423605 0.04577610831306043
0 0.6011345806407989 0.4214094509116354 0.04273301386770836 0.023682939695149584
0 0.6011345806407989 0.4214094509116354 0.04273301386770836 0.023682939695149584
0 0.5925804642838894 0.5908679780389983 0.03949891109416655 0.01897725897699054
0 0.5925804642838894 0.5908679780389983 0.03949891109416655 0.01897725897699054
0 0.5378572499030908 0.6225765202916719 0.08077852773541672 0.0473386083130606
0 0.5378572499030908 0.6225765202916719 0.08077852773541672 0.0473386083130606
0 0.5310805730413547 0.6334731136758137 0.07278418977951392 0.039480656517662284
0 0.5310805730413547 0.6334731136758137 0.07278418977951392 0.039480656517662284
0 0.5316825979269797 0.7600219781371942 0.04436824905006951 0.026817030054229286
0 0.5316825979269797 0.7600219781371942 0.04436824905006951 0.026817030054229286
0 0.570817179898959 0.7297850322937245 0.023764808320624907 0.014198855386194253
0 0.570817179898959 0.7297850322937245 0.023764808320624907 0.014198855386194253
0 0.574596143329827 0.7243390081914235 0.020567073138263937 0.011055674668035032
0 0.574596143329827 0.7243390081914235 0.020567073138263937 0.011055674668035032
0 0.6112778725282645 0.6894009268093344 0.03179551386770818 0.023619307181592396
0 0.6112778725282645 0.6894009268093344 0.03179551386770818 0.023619307181592396
0 0.6220517183679519 0.6824333093228916 0.020603440729444422 0.012618174668035031
0 0.6220517183679519 0.6824333093228916 0.020603440729444422 0.012618174668035031
0 0.6755695765567363 0.33044862850653656 0.04298758700597212 0.03462043969514968
0 0.6755695765567363 0.33044862850653656 0.04298758700597212 0.03462043969514968