0 0.5789006009706243 0.7947009446290159 0.035193871551297565 0.017827850092285047
0 0.5789006009706243 0.7947009446290159 0.035193871551297565 0.017827850092285047
0 0.6860679698083884 0.7447288278792928 0.02236632293077854 0.010776813695090582
0 0.6860679698083884 0.7447288278792928 0.02236632293077854 0.010776813695090582
0 0.5949052227490644 0.38694780382059946 0.03165943577564878 0.009815090992986341
0 0.5949052227490644 0.38694780382059946 0.03165943577564878 0.009815090992986341
0 0.5247797512431955 0.2820111775101527 0.04785764586155707 0.02175388648947969
0 0.5247797512431955 0.2820111775101527 0.04785764586155707 0.02175388648947969
0 0.6387570420617983 0.30255181985972845 0.019241322930778536 0.010576554595791876
0 0.6387570420617983 0.30255181985972845 0.019241322930778536 0.010576554595791876
0 0.6383442842598822 0.3095330050849038 0.022202548620519024 0.0076518136950904925
0 0.6383442842598822 0.3095330050849038 0.022202548620519024 0.0076518136950904925