0 0.52734375 0.3125 0.0296875 0.009375
0 0.52734375 0.3125 0.0296875 0.009375
0 0.540625 0.35078125 0.05625 0.0296875
0 0.540625 0.35078125 0.05625 0.0296875
0 0.52890625 0.32265625 0.028125 0.0125
0 0.52890625 0.32265625 0.028125 0.0125
0 0.4765625 0.69375 0.0296875 0.0078125
0 0.4765625 0.69375 0.0296875 0.0078125
0 0.66328125 0.63203125 0.0359375 0.0140625
0 0.66328125 0.63203125 0.0359375 0.0140625
0 0.68671875 0.6203125 0.0390625 0.01875
0 0.68671875 0.6203125 0.0390625 0.01875
0 0.684375 0.38046875 0.0375 0.015625
0 0.684375 0.38046875 0.0375 0.015625
0 0.66796875 0.334375 0.034375 0.0125
0 0.66796875 0.334375 0.034375 0.0125
0 0.64609375 0.27265625 0.0640625 0.0265625