0 0.2390625 0.4953125 0.04453125 0.0578125
0 0.2390625 0.4953125 0.04453125 0.0578125
0 0.265625 0.51015625 0.0109375 0.025
0 0.265625 0.51015625 0.0109375 0.025
0 0.35234375 0.565625 0.009375 0.0328125
0 0.35234375 0.565625 0.009375 0.0328125
0 0.35859375 0.565625 0.009375 0.03515625
0 0.35859375 0.565625 0.009375 0.03515625
0 0.59765625 0.57578125 0.0203125 0.06171875
0 0.59765625 0.57578125 0.0203125 0.06171875
0 0.64140625 0.58359375 0.01484375 0.034375
0 0.64140625 0.58359375 0.01484375 0.034375
0 0.628125 0.69375 0.0109375 0.01796875
0 0.628125 0.69375 0.0109375 0.01796875
0 0.61875 0.68984375 0.0140625 0.040625
0 0.61875 0.68984375 0.0140625 0.040625
0 0.56171875 0.7015625 0.0046875 0.03671875
0 0.56171875 0.7015625 0.0046875 0.03671875
0 0.33203125 0.6859375 0.02578125 0.059375
0 0.33203125 0.6859375 0.02578125 0.059375