0 0.22955791593598693 0.4450469955998315 0.017121798022528622 0.045145361842866195
0 0.22955791593598693 0.4450469955998315 0.017121798022528622 0.045145361842866195
0 0.6086173492240249 0.4718283753305377 0.013122712873234655 0.03233528143334041
0 0.6086173492240249 0.4718283753305377 0.013122712873234655 0.03233528143334041
0 0.6498597082585322 0.47006355990432064 0.016903276735205176 0.04202036184286619
0 0.6498597082585322 0.47006355990432064 0.016903276735205176 0.04202036184286619
0 0.6928502375916274 0.4432987444781036 0.021809298022528623 0.04561048245715486
0 0.6928502375916274 0.4432987444781036 0.021809298022528623 0.04561048245715486
0 0.7073115753388114 0.44729461253285596 0.02148151609154354 0.040922982457154866
0 0.7073115753388114 0.44729461253285596 0.02148151609154354 0.040922982457154866
0 0.6127806893169974 0.5676180938971973 0.010904649011264311 0.022805241228577522
0 0.6127806893169974 0.5676180938971973 0.010904649011264311 0.022805241228577522
0 0.6072573089951664 0.5689419846138675 0.007779649011264311 0.022495160819051563
0 0.6072573089951664 0.5689419846138675 0.007779649011264311 0.022495160819051563
0 0.31156239674235037 0.603713333314057 0.04255884059717552 0.0538760051190728
0 0.31156239674235037 0.603713333314057 0.04255884059717552 0.0538760051190728