0 0.4125 0.57421875 0.021875 0.065625
0 0.4125 0.57421875 0.021875 0.065625
0 0.4234375 0.67109375 0.02109375 0.06328125
0 0.4234375 0.67109375 0.02109375 0.06328125
0 0.49296875 0.590625 0.0109375 0.046875
0 0.49296875 0.590625 0.0109375 0.046875
0 0.621875 0.546875 0.0171875 0.0609375
0 0.621875 0.546875 0.0171875 0.0609375
0 0.7046875 0.53203125 0.01484375 0.053125
0 0.7046875 0.53203125 0.01484375 0.053125
0 0.725 0.51796875 0.01875 0.03515625
0 0.725 0.51796875 0.01875 0.03515625
0 0.421875 0.66875 0.01953125 0.06328125
0 0.421875 0.66875 0.01953125 0.06328125