0 0.2994336419478206 0.37730150351538166 0.05210794000636341 0.048075130508958355
0 0.2994336419478206 0.37730150351538166 0.05210794000636341 0.048075130508958355
0 0.3197188699475024 0.37917247483003447 0.015843176002545346 0.019113675911805572
0 0.3197188699475024 0.37917247483003447 0.015843176002545346 0.019113675911805572
0 0.3683200019494114 0.36398257950343715 0.0348477146721816 0.04142508700597229
0 0.3683200019494114 0.36398257950343715 0.0348477146721816 0.04142508700597229
0 0.40271318328295685 0.36161999249746496 0.012718176002545257 0.01904094072944442
0 0.40271318328295685 0.36161999249746496 0.012718176002545257 0.01904094072944442
0 0.4237978426161842 0.3619102800165274 0.007976132001909164 0.014244337955902787
0 0.4237978426161842 0.3619102800165274 0.007976132001909164 0.014244337955902787
0 0.2998427219525931 0.34214525351538166 0.04900112133990877 0.049564895326597205
0 0.2998427219525931 0.34214525351538166 0.04900112133990877 0.049564895326597205
0 0.349261466621593 0.32381217439319415 0.05525112133990877 0.0497103656913195
0 0.349261466621593 0.32381217439319415 0.05525112133990877 0.0497103656913195
0 0.37280805462286565 0.3138916605254858 0.014353401336727068 0.025327308320625
0 0.37280805462286565 0.3138916605254858 0.014353401336727068 0.025327308320625
0 0.4150773706238201 0.3058784855636108 0.012736357336090798 0.020603440729444422
0 0.4150773706238201 0.3058784855636108 0.012736357336090798 0.020603440729444422
0 0.4228535079567292 0.308821647607708 0.01273635733609062 0.020603440729444422
0 0.4228535079567292 0.308821647607708 0.01273635733609062 0.020603440729444422
0 0.5018773892823205 0.36399815045749956 0.011173857336090798 0.020567073138263937
0 0.5018773892823205 0.36399815045749956 0.011173857336090798 0.020567073138263937
0 0.5065467079487751 0.36545154768395793 0.011137494668999891 0.017442073138263937
0 0.5065467079487751 0.36545154768395793 0.011137494668999891 0.017442073138263937
0 0.5323188672820024 0.3656327324294787 0.009611357336090798 0.02053070554708336
0 0.5323188672820024 0.3656327324294787 0.009611357336090798 0.02053070554708336
0 0.5400950046149114 0.3685758944735759 0.009611357336090798 0.02053070554708336
0 0.5400950046149114 0.3685758944735759 0.009611357336090798 0.02053070554708336
0 0.5626148946133206 0.37976731440145783 0.008012494668999892 0.017369337955902786
0 0.5626148946133206 0.37976731440145783 0.008012494668999892 0.017369337955902786
0 0.5688467132797752 0.3811843440367356 0.012754538669636162 0.022165940729444424
0 0.5688467132797752 0.3811843440367356 0.012754538669636162 0.022165940729444424
0 0.5851984192791388 0.3854899843293398 0.006431813335454351 0.015770470364722212
0 0.5851984192791388 0.3854899843293398 0.006431813335454351 0.015770470364722212
0 0.6304654659452752 0.3883415741851036 0.030160214672181596 0.04131598423243057
0 0.6304654659452752 0.3883415741851036 0.030160214672181596 0.04131598423243057
0 0.6568279712762753 0.4049108251350342 0.025399989337999786 0.034956881458888846
0 0.6568279712762753 0.4049108251350342 0.025399989337999786 0.034956881458888846
0 0.6947819572724573 0.4321448191511106 0.009556813335454351 0.015843205547083274
0 0.6947819572724573 0.4321448191511106 0.009556813335454351 0.015843205547083274
0 0.7033757072724574 0.43194479739961744 0.009574994668999892 0.01740570554708327
0 0.7033757072724574 0.43194479739961744 0.009574994668999892 0.01740570554708327
0 0.732845031269912 0.4500038131671869 0.007921588001272717 0.009556837955902786
0 0.732845031269912 0.4500038131671869 0.007921588001272717 0.009556837955902786
0 0.7389955812778661 0.39128277659805494 0.026889764003817974 0.02874324905006951
0 0.7389955812778661 0.39128277659805494 0.026889764003817974 0.02874324905006951
0 0.7042029579487751 0.3608510473996175 0.011173857336090798 0.020567073138263937
0 0.7042029579487751 0.3608510473996175 0.011173857336090798 0.020567073138263937
0 0.6761688646165023 0.3536931640408675 0.023728401336727066 0.02554551386770836
0 0.6761688646165023 0.3536931640408675 0.023728401336727066 0.02554551386770836
0 0.6622063619510022 0.3454267223614925 0.009574994668999892 0.01740570554708336