0 0.6059655189645644 0.7704256634075024 0.08415375693983033 0.05337459064767121
0 0.6059655189645644 0.7704256634075024 0.08415375693983033 0.05337459064767121
0 0.6133577143687725 0.7525283845336984 0.05991522054263569 0.03854898757622749
0 0.6133577143687725 0.7525283845336984 0.05991522054263569 0.03854898757622749
0 0.5831497802233313 0.7293476407455846 0.05346496144333699 0.03480382675717593
0 0.5831497802233313 0.7293476407455846 0.05346496144333699 0.03480382675717593
0 0.354490547499078 0.3713048136144993 0.02600129549649317 0.018105643276206517
0 0.354490547499078 0.3713048136144993 0.02600129549649317 0.018105643276206517
0 0.37467144200812214 0.4439489656621284 0.045291516039128954 0.05262358552859858
0 0.37467144200812214 0.4439489656621284 0.045291516039128954 0.05262358552859858
0 0.35197442165005655 0.47740582238592194 0.04535207279438911 0.029341125733361294