0 0.1296875 0.49921875 0.01953125 0.0515625
0 0.1296875 0.49921875 0.01953125 0.0515625
0 0.2328125 0.53046875 0.01875 0.0609375
0 0.2328125 0.53046875 0.01875 0.0609375
0 0.3078125 0.5625 0.0109375 0.03828125
0 0.3078125 0.5625 0.0109375 0.03828125
0 0.32890625 0.5609375 0.00546875 0.02734375
0 0.32890625 0.5609375 0.00546875 0.02734375
0 0.33828125 0.5609375 0.00703125 0.025
0 0.33828125 0.5609375 0.00703125 0.025
0 0.36875 0.5625 0.0078125 0.04140625
0 0.36875 0.5625 0.0078125 0.04140625
0 0.378125 0.56640625 0.0078125 0.03671875
0 0.378125 0.56640625 0.0078125 0.03671875
0 0.41484375 0.55390625 0.00625 0.0265625
0 0.41484375 0.55390625 0.00625 0.0265625
0 0.42109375 0.553125 0.00703125 0.03203125
0 0.42109375 0.553125 0.00703125 0.03203125
0 0.6171875 0.484375 0.0484375 0.06875
0 0.6171875 0.484375 0.0484375 0.06875
0 0.634375 0.584375 0.0328125 0.075
0 0.634375 0.584375 0.0328125 0.075
0 0.54921875 0.578125 0.0234375 0.0296875
0 0.54921875 0.578125 0.0234375 0.0296875
0 0.49296875 0.61796875 0.01796875 0.03203125
0 0.49296875 0.61796875 0.01796875 0.03203125
0 0.475 0.62578125 0.01015625 0.03671875
0 0.475 0.62578125 0.01015625 0.03671875
0 0.13046875 0.60390625 0.01015625 0.021875
0 0.13046875 0.60390625 0.01015625 0.021875
0 0.10625 0.56015625 0.06015625 0.0828125