0 0.34507248908840404 0.47440280706290305 0.013518671939110227 0.025947193361304244
0 0.34507248908840404 0.47440280706290305 0.013518671939110227 0.025947193361304244
0 0.38772290410743204 0.4854712842423862 0.030671679847775656 0.06463118506293437
0 0.38772290410743204 0.4854712842423862 0.030671679847775656 0.06463118506293437
0 0.6224188976816414 0.5338183089370029 0.02034167490485981 0.04048329004195637
0 0.6224188976816414 0.5338183089370029 0.02034167490485981 0.04048329004195637
0 0.6678587316740302 0.5341268848717305 0.013837006920082117 0.033759693361304244
0 0.6678587316740302 0.5341268848717305 0.013837006920082117 0.033759693361304244
0 0.676411377909978 0.6319490782330347 0.008703837946721471 0.02246699585081515
0 0.676411377909978 0.6319490782330347 0.008703837946721471 0.02246699585081515
0 0.3149764707996153 0.5591087711701317 0.022349843878220543 0.0515391892121194
0 0.3149764707996153 0.5591087711701317 0.022349843878220543 0.0515391892121194
0 0.345063218822449 0.5707925549883106 0.010775673916276674 0.03508539502097818