0 0.544278212621721 0.4416497185617704 0.06499008293962447 0.028053571238402953
0 0.544278212621721 0.4416497185617704 0.06499008293962447 0.028053571238402953
0 0.5673337667054049 0.452041704694062 0.03988095553496294 0.02434668977951393
0 0.5673337667054049 0.452041704694062 0.03988095553496294 0.02434668977951393
0 0.5677231471052916 0.48559908710288147 0.041170637023308566 0.016570557370694416
0 0.5677231471052916 0.48559908710288147 0.041170637023308566 0.016570557370694416
0 0.5932141873091595 0.7168484338924994 0.05448909255827132 0.04029899810013902
0 0.5932141873091595 0.7168484338924994 0.05448909255827132 0.04029899810013902
0 0.6539731272350258 0.6311278330188189 0.026944445916316083 0.011555749050069508
0 0.6539731272350258 0.6311278330188189 0.026944445916316083 0.011555749050069508
0 0.6379686705189365 0.5752960603173953 0.052380955534962935 0.024637630508958352
0 0.6379686705189365 0.5752960603173953 0.052380955534962935 0.024637630508958352