0 0.32109375 0.55078125 0.01171875 0.02734375
0 0.32109375 0.55078125 0.01171875 0.02734375
0 0.33203125 0.55625 0.0109375 0.03359375
0 0.33203125 0.55625 0.0109375 0.03359375
0 0.5390625 0.52421875 0.0125 0.03125
0 0.5390625 0.52421875 0.0125 0.03125
0 0.68984375 0.5421875 0.00859375 0.0265625
0 0.68984375 0.5421875 0.00859375 0.0265625
0 0.67890625 0.546875 0.0078125 0.02890625
0 0.67890625 0.546875 0.0078125 0.02890625
0 0.67890625 0.63125 0.00703125 0.021875
0 0.67890625 0.63125 0.00703125 0.021875
0 0.67265625 0.634375 0.0046875 0.021875