0 0.5318710917785073 0.3603052105769633 0.06809678213245363 0.04029430688002815
0 0.5318710917785073 0.3603052105769633 0.06809678213245363 0.04029430688002815
0 0.6512264970304991 0.42384158079654755 0.03639214106622681 0.020462652517224456
0 0.6512264970304991 0.42384158079654755 0.03639214106622681 0.020462652517224456
0 0.6562095137235465 0.43462882895096816 0.025318248746358664 0.014302823490243099
0 0.6562095137235465 0.43462882895096816 0.025318248746358664 0.014302823490243099
0 0.6583630471096414 0.45515166166910836 0.012818248746358663 0.012620161745121549
0 0.6583630471096414 0.45515166166910836 0.012818248746358663 0.012620161745121549
0 0.5862680529156291 0.7053621930439588 0.052335389812585474 0.033503479698626215
0 0.5862680529156291 0.7053621930439588 0.052335389812585474 0.033503479698626215
0 0.5852738542484127 0.7246831103258186 0.05863085391920819 0.03590731057118699
0 0.5852738542484127 0.7246831103258186 0.05863085391920819 0.03590731057118699
0 0.5854928145941116 0.7589529439667484 0.03786371285298138 0.01754798523536465
0 0.5854928145941116 0.7589529439667484 0.03786371285298138 0.01754798523536465
0 0.5713908621659713 0.8091933667853464 0.02848871285298138 0.016285988926523488
0 0.5713908621659713 0.8091933667853464 0.02848871285298138 0.016285988926523488
0 0.663942075018953 0.8341029971556176 0.04382420783841638 0.06192898338978523
0 0.663942075018953 0.8341029971556176 0.04382420783841638 0.06192898338978523
0 0.6731208467265652 0.8018764098235289 0.025272784639735944 0.0127403234902431
0 0.6731208467265652 0.8018764098235289 0.025272784639735944 0.0127403234902431
0 0.6900977465682807 0.7434629024412113 0.03179556927947225 0.022956654362803874
0 0.6900977465682807 0.7434629024412113 0.03179556927947225 0.022956654362803874
0 0.6880722453146395 0.7540849033640009 0.02219324874635866 0.013882158053962711
0 0.6880722453146395 0.7540849033640009 0.02219324874635866 0.013882158053962711