0 0.41016664417256365 0.7967025721442321 0.08314438672260831 0.03449676298659998
0 0.41016664417256365 0.7967025721442321 0.08314438672260831 0.03449676298659998
0 0.4416184763310686 0.7664874782067725 0.025473596680652123 0.009172080918953895
0 0.4416184763310686 0.7664874782067725 0.025473596680652123 0.009172080918953895
0 0.5430331466713634 0.43706378599235124 0.019460395020978183 0.011566560689215421
0 0.5430331466713634 0.43706378599235124 0.019460395020978183 0.011566560689215421
0 0.5321315354685641 0.4145089955328743 0.029072193361304243 0.015787341033822955
0 0.5321315354685641 0.4145089955328743 0.029072193361304243 0.015787341033822955
0 0.5108960755105205 0.3931108597000724 0.05776587842423879 0.04701705201021147
0 0.5108960755105205 0.3931108597000724 0.05776587842423879 0.04701705201021147
0 0.6128030402424489 0.33802767326101846 0.07689438672260848 0.03376624275686142
0 0.6128030402424489 0.33802767326101846 0.07689438672260848 0.03376624275686142
0 0.6301322502004927 0.35896923395023383 0.054545790041956366 0.02495942195277685
0 0.6301322502004927 0.35896923395023383 0.054545790041956366 0.02495942195277685
0 0.6578778192867432 0.39846802007020876 0.03219719336130424 0.016152601148692193
0 0.6578778192867432 0.39846802007020876 0.03219719336130424 0.016152601148692193
0 0.6817054829790532 0.42726266601787993 0.07206517676456467 0.05178572252712286
0 0.6817054829790532 0.42726266601787993 0.07206517676456467 0.05178572252712286
0 0.6400694769557684 0.6958909102425126 0.041927390871793334 0.021935881493299902
0 0.6400694769557684 0.6958909102425126 0.041927390871793334 0.021935881493299902
0 0.5876180605641661 0.7536019434907569 0.018016294191141213 0.012946430631780715
0 0.5876180605641661 0.7536019434907569 0.018016294191141213 0.012946430631780715
0 0.5741233230117208 0.7756697180599973 0.023058991701630303 0.01818182080408448
0 0.5741233230117208 0.7756697180599973 0.023058991701630303 0.01818182080408448
0 0.5558226862891124 0.7987521024569338 0.019460395020978183 0.011566560689215244