0 0.4326559214819997 0.4203867855151783 0.030451503954332715 0.018922716822512696
0 0.4326559214819997 0.4203867855151783 0.030451503954332715 0.018922716822512696
0 0.5179699748654911 0.673948122751 0.07015067391627668 0.03477497579950324
0 0.5179699748654911 0.673948122751 0.07015067391627668 0.03477497579950324
0 0.47123423771707246 0.734599276439992 0.021012836958138336 0.01730567466803503
0 0.47123423771707246 0.734599276439992 0.021012836958138336 0.01730567466803503
0 0.28519067247058294 0.42421524658215437 0.03351283695813834 0.017378397540672098
0 0.28519067247058294 0.42421524658215437 0.03351283695813834 0.017378397540672098
0 0.31365391209045956 0.37517375858420693 0.09785917984777566 0.06305451190385672
0 0.31365391209045956 0.37517375858420693 0.09785917984777566 0.06305451190385672
0 0.33264665121604464 0.3237339784317818 0.03539367193911023 0.02519998789975162