0 0.3978531126146688 0.7413872136830213 0.06273634933607006 0.04536096680652087
0 0.3978531126146688 0.7413872136830213 0.06273634933607006 0.04536096680652087
0 0.5529547448336386 0.5242561454219634 0.0517443071815924 0.03515717261537983
0 0.5529547448336386 0.5242561454219634 0.0517443071815924 0.03515717261537983
0 0.5663496243221339 0.5037185024755777 0.05645907825883114 0.040199870125868745
0 0.5663496243221339 0.5037185024755777 0.05645907825883114 0.040199870125868745
0 0.5757973471947707 0.4905081074545996 0.03606476502711473 0.024598180913749525
0 0.5757973471947707 0.4905081074545996 0.03606476502711473 0.024598180913749525
0 0.5968007144848217 0.3702189182424803 0.03606476502711473 0.024598180913749525
0 0.5968007144848217 0.3702189182424803 0.03606476502711473 0.024598180913749525
0 0.5976455969983789 0.3592222186573988 0.02666249394987581 0.01920028589277134
0 0.5976455969983789 0.3592222186573988 0.02666249394987581 0.01920028589277134
0 0.7143154674116878 0.3050889804802535 0.04547612646343317 0.0315585759347277
0 0.7143154674116878 0.3050889804802535 0.04547612646343317 0.0315585759347277
0 0.6966189073032293 0.39389137135204677 0.03605567466803503 0.023035680913749523
0 0.6966189073032293 0.39389137135204677 0.03605567466803503 0.023035680913749523