0 0.28125 0.47890625 0.01953125 0.08046875
0 0.28125 0.47890625 0.01953125 0.08046875
0 0.3734375 0.53046875 0.01640625 0.0609375
0 0.3734375 0.53046875 0.01640625 0.0609375
0 0.35546875 0.53359375 0.00625 0.053125
0 0.35546875 0.53359375 0.00625 0.053125
0 0.56328125 0.565625 0.01484375 0.0484375
0 0.56328125 0.565625 0.01484375 0.0484375
0 0.60703125 0.6 0.0203125 0.0828125
0 0.60703125 0.6 0.0203125 0.0828125
0 0.62421875 0.4984375 0.00703125 0.01640625
0 0.62421875 0.4984375 0.00703125 0.01640625
0 0.6046875 0.4484375 0.0171875 0.0421875