0 0.5430987560470888 0.3751260685197644 0.07687158267027261 0.030574970601357877
0 0.5430987560470888 0.3751260685197644 0.07687158267027261 0.030574970601357877
0 0.5678629460534521 0.4232703194242756 0.03137726933481808 0.012575243102595123
0 0.5678629460534521 0.4232703194242756 0.03137726933481808 0.012575243102595123
0 0.5529946607654045 0.7558814235627185 0.0864829400063634 0.05137879353213641
0 0.5529946607654045 0.7558814235627185 0.0864829400063634 0.05137879353213641
0 0.6055009480824053 0.6383940304146949 0.06448067067154532 0.039294873360319824
0 0.6055009480824053 0.6383940304146949 0.06448067067154532 0.039294873360319824
0 0.6200901594127691 0.6172969583884276 0.0361738573360908 0.022195904567984214
0 0.6200901594127691 0.6172969583884276 0.0361738573360908 0.022195904567984214
0 0.614166876074133 0.5779478533454735 0.058085220003181705 0.0264673247398008
0 0.614166876074133 0.5779478533454735 0.058085220003181705 0.0264673247398008
0 0.5654561087284972 0.48482529511401606 0.03626476400381797 0.030008404567984214