0 0.3576881439230907 0.47574871071756225 0.012101893713693723 0.026342956134875452
0 0.3576881439230907 0.47574871071756225 0.012101893713693723 0.026342956134875452
0 0.6815130957423363 0.344327706491556 0.010321069892376045 0.021463605258464736
0 0.6815130957423363 0.344327706491556 0.010321069892376045 0.021463605258464736
0 0.7276046916895604 0.3720700047610269 0.028454639784752444 0.0438864648989834
0 0.7276046916895604 0.3720700047610269 0.028454639784752444 0.0438864648989834
0 0.6654964516143578 0.221232368761307 0.018424668320799496 0.028672859640518668
0 0.6654964516143578 0.221232368761307 0.018424668320799496 0.028672859640518668
0 0.6762884024001461 0.2230144126264315 0.010321069892376222 0.021463605258464736
0 0.6762884024001461 0.2230144126264315 0.010321069892376222 0.021463605258464736
0 0.6165324127392283 0.2218069213682469 0.012029119106587771 0.02478045613487545
0 0.6165324127392283 0.2218069213682469 0.012029119106587771 0.02478045613487545
0 0.5698222326316044 0.20734587309877592 0.007123295285270359 0.019517403505643127
0 0.5698222326316044 0.20734587309877592 0.007123295285270359 0.019517403505643127