0 0.4814928484677202 0.7282445929456249 0.07438799480421991 0.039704309135968605
0 0.4814928484677202 0.7282445929456249 0.07438799480421991 0.039704309135968605
0 0.48331207458250675 0.71335989936806 0.027545845792955603 0.015454581637205677
0 0.48331207458250675 0.71335989936806 0.027545845792955603 0.015454581637205677
0 0.39134808573037155 0.5702860080290588 0.03837408514929388 0.014465291723114148
0 0.39134808573037155 0.5702860080290588 0.03837408514929388 0.014465291723114148
0 0.41055082584301444 0.3513312901412343 0.0322333457929556 0.015700243102595036
0 0.41055082584301444 0.3513312901412343 0.0322333457929556 0.015700243102595036
0 0.4495311983711751 0.294801329150815 0.047169930942249395 0.028937227498762753
0 0.4495311983711751 0.294801329150815 0.047169930942249395 0.028937227498762753
0 0.4372061609923083 0.33748015208159343 0.04149908514929379 0.014629066033373573
0 0.4372061609923083 0.33748015208159343 0.04149908514929379 0.014629066033373573
0 0.2528097456373991 0.4810265134561257 0.05745186708027905 0.020135437584671047
0 0.2528097456373991 0.4810265134561257 0.05745186708027905 0.020135437584671047
0 0.3240352635705279 0.6757824135015542 0.07315327673520508 0.04430992198083885
0 0.3240352635705279 0.6757824135015542 0.07315327673520508 0.04430992198083885
0 0.3328421810191241 0.7056779534156459 0.03902964901126431 0.02384029172311397
0 0.3328421810191241 0.7056779534156459 0.03902964901126431 0.02384029172311397
0 0.423445037707843 0.6121935470386394 0.0404828883676025 0.02235967887824373