0 0.5129126106097723 0.6420857408446894 0.05277217292769336 0.03148810217691818
0 0.5129126106097723 0.6420857408446894 0.05277217292769336 0.03148810217691818
0 0.5722835879095405 0.3529215479235982 0.02219333498097189 0.00857639183263199
0 0.5722835879095405 0.3529215479235982 0.02219333498097189 0.00857639183263199
0 0.5717888393924152 0.3459175797747637 0.02212966798477751 0.007013891832631991
0 0.5717888393924152 0.3459175797747637 0.02212966798477751 0.007013891832631991
0 0.5634006778334283 0.32202621198874876 0.03156833498097189 0.00890377404661713
0 0.5634006778334283 0.32202621198874876 0.03156833498097189 0.00890377404661713
0 0.5582502628144003 0.31440468494690677 0.03475700197716627 0.010575401451278842
0 0.5582502628144003 0.31440468494690677 0.03475700197716627 0.010575401451278842
0 0.5396249382135515 0.2737077630772079 0.037945668973360824 0.012247028855940556
0 0.5396249382135515 0.2737077630772079 0.037945668973360824 0.012247028855940556
0 0.538444440190718 0.26438732677953874 0.027262836958138338 0.01811508293962456
0 0.538444440190718 0.26438732677953874 0.027262836958138338 0.01811508293962456
0 0.6233632682516077 0.28638632315134166 0.01750583498097207 0.008412700725639422
0 0.6233632682516077 0.28638632315134166 0.01750583498097207 0.008412700725639422
0 0.6207011832706357 0.29428066870483793 0.02525466798477751 0.007123019237293704
0 0.6207011832706357 0.29428066870483793 0.02525466798477751 0.007123019237293704