0 0.37734375 0.54765625 0.028125 0.06171875
0 0.37734375 0.54765625 0.028125 0.06171875
0 0.35703125 0.5421875 0.009375 0.02578125
0 0.35703125 0.5421875 0.009375 0.02578125
0 0.3 0.509375 0.0078125 0.01484375
0 0.3 0.509375 0.0078125 0.01484375
0 0.60703125 0.53046875 0.0234375 0.03359375
0 0.60703125 0.53046875 0.0234375 0.03359375
0 0.7046875 0.55234375 0.0125 0.02265625
0 0.7046875 0.55234375 0.0125 0.02265625
0 0.65625 0.58984375 0.01171875 0.02265625
0 0.65625 0.58984375 0.01171875 0.02265625
0 0.321875 0.60859375 0.015625 0.028125
0 0.321875 0.60859375 0.015625 0.028125
0 0.27734375 0.571875 0.0140625 0.03359375