0 0.4944043018880329 0.8337307286297566 0.05357528589277152 0.02776263050895835
0 0.4944043018880329 0.8337307286297566 0.05357528589277152 0.02776263050895835
0 0.49274671350575067 0.8118557286297566 0.06150618506293455 0.02950696846486096
0 0.49274671350575067 0.8118557286297566 0.06150618506293455 0.02950696846486096
0 0.5061613699253762 0.32787946571197873 0.016216995850815152 0.008176175911805573
0 0.5061613699253762 0.32787946571197873 0.016216995850815152 0.008176175911805573
0 0.652256042540756 0.37613251491454813 0.06775618506293454 0.02965243882958344
0 0.652256042540756 0.37613251491454813 0.06775618506293454 0.02965243882958344
0 0.6493212193053207 0.4200279852792703 0.08129846680652086 0.06428201196784719
0 0.6493212193053207 0.4200279852792703 0.08129846680652086 0.06428201196784719
0 0.6677528332074122 0.48768761075423556 0.05142079004195636 0.019913762917777866
0 0.6677528332074122 0.48768761075423556 0.05142079004195636 0.019913762917777866
0 0.588663787365886 0.8589287907501036 0.032433991701630305 0.016352351823611146
0 0.588663787365886 0.8589287907501036 0.032433991701630305 0.016352351823611146
0 0.58961098072719 0.8714287907501038 0.041808991701630306 0.016570557370694416
0 0.58961098072719 0.8714287907501038 0.041808991701630306 0.016570557370694416
0 0.5703407624707766 0.9063129370266315 0.04491068091374952 0.03691942496187508