0 0.562990221554915 0.5592421189493058 0.042824536831702883 0.01314845318850324
0 0.562990221554915 0.5592421189493058 0.042824536831702883 0.01314845318850324
0 0.5671162794333053 0.5422183932595652 0.031523015785015575 0.006325243102595124
0 0.5671162794333053 0.5422183932595652 0.031523015785015575 0.006325243102595124
0 0.5323933979620963 0.6540256744672297 0.043279563140062295 0.020960953188503238
0 0.5323933979620963 0.6540256744672297 0.043279563140062295 0.020960953188503238
0 0.5190897611586281 0.6940774643813215 0.07396812101845249 0.039704309135968605
0 0.5190897611586281 0.6940774643813215 0.07396812101845249 0.039704309135968605
0 0.5025092059110738 0.709664842830024 0.02545502630835923 0.009122694482076098
0 0.5025092059110738 0.709664842830024 0.02545502630835923 0.009122694482076098
0 0.6047997480044487 0.7024875079134578 0.019205026308359407 0.008795145861557075
0 0.6047997480044487 0.7024875079134578 0.019205026308359407 0.008795145861557075
0 0.6204849321629633 0.6484551051544958 0.021313557878390198 0.018252033016686653
0 0.6204849321629633 0.6484551051544958 0.021313557878390198 0.018252033016686653