0 0.6932197766363837 0.26337091517968225 0.08153180113146803 0.05411905347041017
0 0.6932197766363837 0.26337091517968225 0.08153180113146803 0.05411905347041017
0 0.640276583817976 0.29833577706418124 0.02977840359079629 0.01770095222957302
0 0.640276583817976 0.29833577706418124 0.02977840359079629 0.01770095222957302
0 0.6146725958200286 0.3306073276845999 0.050172716822512696 0.03318384059717552
0 0.6146725958200286 0.3306073276845999 0.050172716822512696 0.03318384059717552
0 0.6379919211519935 0.30865591802967385 0.023510222872636887 0.014138909654925947
0 0.6379919211519935 0.30865591802967385 0.023510222872636887 0.014138909654925947
0 0.6147771349494443 0.3485760776845999 0.10344316256778648 0.061898702481674485
0 0.6147771349494443 0.3485760776845999 0.10344316256778648 0.061898702481674485
0 0.5363259237842722 0.5666483705113483 0.05644089754067192 0.03674588317182241
0 0.5363259237842722 0.5666483705113483 0.05644089754067192 0.03674588317182241
0 0.5445838513791734 0.6426645672930397 0.026653403590796286 0.017482430942249393
0 0.5445838513791734 0.6426645672930397 0.026653403590796286 0.017482430942249393
0 0.5446338483541113 0.6512583172930396 0.026653403590796286 0.017482430942249393
0 0.5446338483541113 0.6512583172930396 0.026653403590796286 0.017482430942249393
0 0.4697929296380048 0.6838465781888029 0.045539758976990544 0.04223105866619044
0 0.4697929296380048 0.6838465781888029 0.045539758976990544 0.04223105866619044
0 0.42468898701598884 0.5885230065331625 0.05812157220870695 0.057167643815484226
0 0.42468898701598884 0.5885230065331625 0.05812157220870695 0.057167643815484226
0 0.5455771621750032 0.2760397960057162 0.05340680113146803 0.05215236188449897
0 0.5455771621750032 0.2760397960057162 0.05340680113146803 0.05215236188449897
0 0.5946868278660478 0.2538480857303716 0.06434430113146802 0.05291718639013112