0 0.46217656739336094 0.37795594663992266 0.04869203866963616 0.028682446680897124
0 0.46217656739336094 0.37795594663992266 0.04869203866963616 0.028682446680897124
0 0.4826617900620426 0.38994496093503034 0.02512726933481808 0.014451020867559805
0 0.4826617900620426 0.38994496093503034 0.02512726933481808 0.014451020867559805
0 0.48900269672976987 0.3968790807181404 0.05025453866963616 0.02890204173511961
0 0.48900269672976987 0.3968790807181404 0.05025453866963616 0.02890204173511961
0 0.5830270587603138 0.6090327700461249 0.02512726933481808 0.014451020867559805
0 0.5830270587603138 0.6090327700461249 0.02512726933481808 0.014451020867559805
0 0.6020492314210414 0.5625378318683438 0.023564769334818082 0.014231425813337317
0 0.6020492314210414 0.5625378318683438 0.023564769334818082 0.014231425813337317
0 0.5877594647517234 0.5449829373563462 0.048837489337999786 0.04118244668089712
0 0.5877594647517234 0.5449829373563462 0.048837489337999786 0.04118244668089712
0 0.6440998240769964 0.4775927178772255 0.03782726400381797 0.03339528130133971
0 0.6440998240769964 0.4775927178772255 0.03782726400381797 0.03339528130133971
0 0.5474413580521794 0.30806571865768595 0.039317038669636165 0.027364876355562194
0 0.5474413580521794 0.30806571865768595 0.039317038669636165 0.027364876355562194
0 0.5041629780394528 0.22024478512169302 0.09131589067472685 0.0721115131449043
0 0.5041629780394528 0.22024478512169302 0.09131589067472685 0.0721115131449043