0 0.4698156546764577 0.6969352706626074 0.009267992142117088 0.03175064774824676
0 0.4698156546764577 0.6969352706626074 0.009267992142117088 0.03175064774824676
0 0.4801174538906694 0.694461112735328 0.00843323821317572 0.04727551819859723
0 0.4801174538906694 0.694461112735328 0.00843323821317572 0.04727551819859723
0 0.7198156546764577 0.7129559986064988 0.013266287427387446 0.050700906847545114
0 0.7198156546764577 0.7129559986064988 0.013266287427387446 0.050700906847545114
0 0.6908494385891885 0.7965101758121096 0.007559942927905539 0.028525518198597232
0 0.6908494385891885 0.7965101758121096 0.007559942927905539 0.028525518198597232
0 0.6369795758927413 0.7922744563492081 0.0038527460710586327 0.015825259099298706
0 0.6369795758927413 0.7922744563492081 0.0038527460710586327 0.015825259099298706
0 0.6314744385891885 0.7927052529254354 0.003925520678164318 0.017387759099298704
0 0.6314744385891885 0.7927052529254354 0.003925520678164318 0.017387759099298704
0 0.523407227464318 0.7912650639996323 0.01268409057054054 0.03820090684754529
0 0.523407227464318 0.7912650639996323 0.01268409057054054 0.03820090684754529
0 0.4923027766785296 0.7861374730066458 0.02035104135632899 0.03557655459579188