0 0.3469273546308198 0.28649151912144794 0.039353401336727066 0.027503238741233015
0 0.3469273546308198 0.28649151912144794 0.039353401336727066 0.027503238741233015
0 0.3098904312937745 0.3114822247046889 0.037645450668363625 0.014903109191583752
0 0.3098904312937745 0.3114822247046889 0.037645450668363625 0.014903109191583752
0 0.3318017939608654 0.30975903839977936 0.021984088001272717 0.010776813695090492
0 0.3318017939608654 0.30975903839977936 0.021984088001272717 0.010776813695090492
0 0.32976438991886736 0.6192341679494288 0.02205681333545444 0.01702681369509058
0 0.32976438991886736 0.6192341679494288 0.02205681333545444 0.01702681369509058
0 0.36913487790423166 0.729650036240311 0.029960220003181704 0.02533996144333699
0 0.36913487790423166 0.729650036240311 0.029960220003181704 0.02533996144333699
0 0.3656553419000955 0.7599185271410125 0.039226132001908984 0.016565738741233106
0 0.3656553419000955 0.7599185271410125 0.039226132001908984 0.016565738741233106
0 0.4261484939131403 0.6676297000276866 0.03606476933481808 0.0132404796419344
0 0.4261484939131403 0.6676297000276866 0.03606476933481808 0.0132404796419344
0 0.4280955386298653 0.2987295057032126 0.026671588001272718 0.011077202344038462
0 0.4280955386298653 0.2987295057032126 0.026671588001272718 0.011077202344038462
0 0.43052110463081983 0.2918484500276866 0.029778406667727353 0.009714961443337078
0 0.43052110463081983 0.2918484500276866 0.029778406667727353 0.009714961443337078
0 0.43936939330045605 0.2705241625507579 0.023673857336090797 0.021814443244739756