0 0.5472608892214081 0.4634340947496856 0.04564438672260849 0.030630376595139452
0 0.5472608892214081 0.4634340947496856 0.04564438672260849 0.030630376595139452
0 0.4848191661911098 0.4051121618097665 0.0741012734452168 0.059048819527902904
0 0.4848191661911098 0.4051121618097665 0.0741012734452168 0.059048819527902904
0 0.3961962193053207 0.48112723422749815 0.08993976099766207 0.08429608343348338
0 0.3961962193053207 0.48112723422749815 0.08993976099766207 0.08429608343348338
0 0.3873899043682551 0.5078446400787133 0.03579579004195628 0.023173867324752528
0 0.3873899043682551 0.5078446400787133 0.03579579004195628 0.023173867324752528
0 0.39485458778080434 0.9126408669027457 0.0706210759347277 0.053959149771107204
0 0.39485458778080434 0.9126408669027457 0.0706210759347277 0.053959149771107204
0 0.4876224282376791 0.9423730822890194 0.07578217261537964 0.06081240440630076
0 0.4876224282376791 0.9423730822890194 0.07578217261537964 0.06081240440630076
0 0.4771459469090111 0.9062114078970301 0.04083848755244528 0.028464621959945903
0 0.4771459469090111 0.9062114078970301 0.04083848755244528 0.028464621959945903
0 0.4800160348670861 0.5561257705865892 0.034351689212119396 0.024535282446354677
0 0.4800160348670861 0.5561257705865892 0.034351689212119396 0.024535282446354677
0 0.5000083035384181 0.5238852513233578 0.04540758838228243 0.027505376595139453