0 0.7364359140932955 0.6141383033113406 0.043538357678314196 0.08077863855894432
0 0.7364359140932955 0.6141383033113406 0.043538357678314196 0.08077863855894432
0 0.7082876033054146 0.5929619852855096 0.027084563487172985 0.06938649749271768
0 0.7082876033054146 0.5929619852855096 0.027084563487172985 0.06938649749271768
0 0.4202431516457407 0.581448857613625 0.02287066016782511 0.07550010517284952
0 0.4202431516457407 0.581448857613625 0.02287066016782511 0.07550010517284952
0 0.2516716730163651 0.5225188238318188 0.014157588382282338 0.02223871285298138
0 0.2516716730163651 0.5225188238318188 0.014157588382282338 0.02223871285298138
0 0.1970307945921265 0.5616435083132701 0.013920790041956278 0.019113712852981378
0 0.1970307945921265 0.5616435083132701 0.013920790041956278 0.019113712852981378
0 0.1841163974965559 0.5667485454602887 0.008144386722608398 0.02518185642649069
0 0.1841163974965559 0.5667485454602887 0.008144386722608398 0.02518185642649069
0 0.17444539957114835 0.5703820108205526 0.020265878424238614 0.04112510517284953
0 0.17444539957114835 0.5703820108205526 0.020265878424238614 0.04112510517284953
0 0.17208018401402725 0.44660353002088254 0.01728258838228234 0.022329641066226813
0 0.17208018401402725 0.44660353002088254 0.01728258838228234 0.022329641066226813
0 0.6266618628531843 0.41989890683483744 0.013068685062934548 0.02844324874635884
0 0.6266618628531843 0.41989890683483744 0.013068685062934548 0.02844324874635884
0 0.6346519616084288 0.4177824773679508 0.009825285892771518 0.026789820533113406
0 0.6346519616084288 0.4177824773679508 0.009825285892771518 0.026789820533113406
0 0.6767443732261466 0.4409304723533859 0.014015878424238615 0.040943248746358664
0 0.6767443732261466 0.4409304723533859 0.014015878424238615 0.040943248746358664
0 0.6864153711515542 0.43729700699312196 0.012216580083912732 0.03777278463973612
0 0.6864153711515542 0.43729700699312196 0.012216580083912732 0.03777278463973612
0 0.7410310935571525 0.4811666789381611 0.03023287427505359 0.04921038981258548
0 0.7410310935571525 0.4811666789381611 0.03023287427505359 0.04921038981258548
0 0.7266609402378046 0.4744847699252457 0.007907588382282426 0.02205685642649069