0 0.4834090485089774 0.5992832068326862 0.04218085594746519 0.0332417269557407
0 0.4834090485089774 0.5992832068326862 0.04218085594746519 0.0332417269557407
0 0.482563600747541 0.49670501097972314 0.05238137155129756 0.020136134213055358
0 0.482563600747541 0.49670501097972314 0.05238137155129756 0.020136134213055358
0 0.6087044561291794 0.2562570852962975 0.07680151741285464 0.04093664976444433
0 0.6087044561291794 0.2562570852962975 0.07680151741285464 0.04093664976444433
0 0.5255544414298583 0.225426041799677 0.07244156603337366 0.04677654665416657
0 0.5255544414298583 0.225426041799677 0.07244156603337366 0.04677654665416657
0 0.45784131897404967 0.27101123534356575 0.08436171189493055 0.06648345391148132
0 0.45784131897404967 0.27101123534356575 0.08436171189493055 0.06648345391148132
0 0.4362695341483406 0.3413332972662972 0.03182321008590829 0.013671520735185183
0 0.4362695341483406 0.3413332972662972 0.03182321008590829 0.013671520735185183