0 0.38956950645628785 0.3547303793927658 0.0623578883676025 0.02421755243632351
0 0.38956950645628785 0.3547303793927658 0.0623578883676025 0.02421755243632351
0 0.3820026609154338 0.41335440777039595 0.04015510643661733 0.018128238741233104
0 0.3820026609154338 0.41335440777039595 0.04015510643661733 0.018128238741233104
0 0.38554827799571284 0.43069210209486986 0.03212408514929379 0.014502590992986342
0 0.38554827799571284 0.43069210209486986 0.03212408514929379 0.014502590992986342
0 0.40855336130342135 0.6818238055186425 0.08049588317182241 0.06115634793281686
0 0.40855336130342135 0.6818238055186425 0.08049588317182241 0.06115634793281686
0 0.44591124967102386 0.704439285160577 0.043498627723940864 0.02145349784053181
0 0.44591124967102386 0.704439285160577 0.043498627723940864 0.02145349784053181
0 0.4717360583372142 0.751203663630492 0.04037362772394086 0.021253238741233103
0 0.4717360583372142 0.751203663630492 0.04037362772394086 0.021253238741233103