0 0.18828125 0.52890625 0.0390625 0.08515625
0 0.18828125 0.52890625 0.0390625 0.08515625
0 0.2171875 0.52734375 0.028125 0.02265625
0 0.2171875 0.52734375 0.028125 0.02265625
0 0.3078125 0.5578125 0.009375 0.01953125
0 0.3078125 0.5578125 0.009375 0.01953125
0 0.30078125 0.55625 0.00546875 0.021875
0 0.30078125 0.55625 0.00546875 0.021875
0 0.6296875 0.54453125 0.0296875 0.07109375
0 0.6296875 0.54453125 0.0296875 0.07109375
0 0.7671875 0.52109375 0.040625 0.0734375
0 0.7671875 0.52109375 0.040625 0.0734375
0 0.7328125 0.503125 0.01171875 0.02265625
0 0.7328125 0.503125 0.01171875 0.02265625
0 0.740625 0.6296875 0.0046875 0.01953125
0 0.740625 0.6296875 0.0046875 0.01953125
0 0.690625 0.6515625 0.00859375 0.021875
0 0.690625 0.6515625 0.00859375 0.021875
0 0.6796875 0.6546875 0.01015625 0.02734375
0 0.6796875 0.6546875 0.01015625 0.02734375
0 0.63671875 0.6625 0.0109375 0.01953125
0 0.63671875 0.6625 0.0109375 0.01953125
0 0.628125 0.6640625 0.009375 0.02265625
0 0.628125 0.6640625 0.009375 0.02265625
0 0.59921875 0.66953125 0.0078125 0.02109375
0 0.59921875 0.66953125 0.0078125 0.02109375
0 0.271875 0.65546875 0.0109375 0.02421875