0 0.5536730259490127 0.7944083350281078 0.02353749394987581 0.018415807326946164
0 0.5536730259490127 0.7944083350281078 0.02353749394987581 0.018415807326946164
0 0.7191469932625048 0.5086390106269911 0.05016362646343318 0.030745388964152198
0 0.7191469932625048 0.5086390106269911 0.05016362646343318 0.030745388964152198
0 0.6997884600850175 0.5373029211878693 0.018822722872636886 0.013482645861557074
0 0.6997884600850175 0.5373029211878693 0.018822722872636886 0.013482645861557074
0 0.7022862253085239 0.42965419549812883 0.02511817466803503 0.0216226944820761
0 0.7022862253085239 0.42965419549812883 0.02511817466803503 0.0216226944820761
0 0.6129197191602038 0.5069769340781681 0.032948855386194256 0.025157130257724702
0 0.6129197191602038 0.5069769340781681 0.032948855386194256 0.025157130257724702
0 0.6124884479847691 0.5670922405006033 0.06273634933607006 0.04390048620519007
0 0.6124884479847691 0.5670922405006033 0.06273634933607006 0.04390048620519007
0 0.5919401195295462 0.6597367639063515 0.03293976502711473 0.0235946302577247
0 0.5919401195295462 0.6597367639063515 0.03293976502711473 0.0235946302577247
0 0.5772599959929792 0.6870838359326189 0.032948855386194256 0.025157130257724702