0 0.21658352725156726 0.574726133993784 0.04170901000193972 0.05330909057054054
0 0.21658352725156726 0.574726133993784 0.04170901000193972 0.05330909057054054
0 0.23523780346436443 0.5575579046719484 0.021428460910325242 0.03368579528527036
0 0.23523780346436443 0.5575579046719484 0.021428460910325242 0.03368579528527036
0 0.5520741013480308 0.44213422766469657 0.02401132697140156 0.04625856989237605
0 0.5520741013480308 0.44213422766469657 0.02401132697140156 0.04625856989237605
0 0.5962545360455589 0.42929177936010754 0.022990960910325244 0.03375856989237604
0 0.5962545360455589 0.42929177936010754 0.022990960910325244 0.03375856989237604
0 0.5598862145341692 0.3272177030575907 0.02375623545613248 0.043133569892376135
0 0.5598862145341692 0.3272177030575907 0.02375623545613248 0.043133569892376135
0 0.28010324862287417 0.37300312220695975 0.04311201333591956 0.07049659057054054
0 0.28010324862287417 0.37300312220695975 0.04311201333591956 0.07049659057054054