0 0.3246141107785919 0.4446205270178229 0.06920028589277143 0.03560680688002815
0 0.3246141107785919 0.4446205270178229 0.06920028589277143 0.03560680688002815
0 0.3209320811095978 0.4827966106587528 0.03844719336130424 0.017547985235364473
0 0.3209320811095978 0.4827966106587528 0.03844719336130424 0.017547985235364473
0 0.2930276109790846 0.7260658643499116 0.028953794191141212 0.014723488926523486
0 0.2930276109790846 0.7260658643499116 0.028953794191141212 0.014723488926523486
0 0.3060002850443569 0.7735868578903837 0.05009508838228234 0.028395314262346004
0 0.3060002850443569 0.7735868578903837 0.05009508838228234 0.028395314262346004
0 0.29261321388351397 0.7315346143499116 0.016216995850815152 0.009915827181401937
0 0.29261321388351397 0.7315346143499116 0.016216995850815152 0.009915827181401937
0 0.38786651429843244 0.7451461601564632 0.05958848755244546 0.03121981057118699
0 0.38786651429843244 0.7451461601564632 0.05958848755244546 0.03121981057118699
0 0.3851200225968022 0.7605608274383231 0.025828794191141213 0.014302823490243099