0 0.3588299643309432 0.6338402314568439 0.026634277594401644 0.04232385538619425
0 0.3588299643309432 0.6338402314568439 0.026634277594401644 0.04232385538619425
0 0.32601746433094314 0.633649333916172 0.02279888257342346 0.03293067466803503
0 0.32601746433094314 0.633649333916172 0.02279888257342346 0.03293067466803503
0 0.5229982854917861 0.5949691498783631 0.009470088382282426 0.021920451795397967
0 0.5229982854917861 0.5949691498783631 0.009470088382282426 0.021920451795397967
0 0.6994890078973844 0.553827041172519 0.015838487552445456 0.023519313231716587
0 0.6994890078973844 0.553827041172519 0.015838487552445456 0.023519313231716587
0 0.7417473628764063 0.5447020260472085 0.018466580083912554 0.03759090359079629
0 0.7417473628764063 0.5447020260472085 0.018466580083912554 0.03759090359079629
0 0.7755895666106727 0.5378707639469601 0.021259693361304243 0.012618174668035031
0 0.7755895666106727 0.5378707639469601 0.021259693361304243 0.012618174668035031
0 0.7494414637062432 0.5431849778426067 0.012713487552445456 0.023501132513557364
0 0.7494414637062432 0.5431849778426067 0.012713487552445456 0.023501132513557364
0 0.791441554787818 0.6543179205628185 0.024716580083912552 0.037627265027114734
0 0.791441554787818 0.6543179205628185 0.024716580083912552 0.037627265027114734
0 0.764654834456812 0.6924264537403056 0.01763778589277152 0.026653403590796286
0 0.764654834456812 0.6924264537403056 0.01763778589277152 0.026653403590796286
0 0.46862120665727336 0.7430248547970191 0.06444285352912935 0.08783634328594588