0 0.296875 0.52421875 0.01015625 0.0375
0 0.296875 0.52421875 0.01015625 0.0375
0 0.69765625 0.6234375 0.00703125 0.01640625
0 0.69765625 0.6234375 0.00703125 0.01640625
0 0.6375 0.64609375 0.0125 0.04375
0 0.6375 0.64609375 0.0125 0.04375
0 0.3828125 0.65546875 0.0125 0.03828125
0 0.3828125 0.65546875 0.0125 0.03828125
0 0.3640625 0.6453125 0.00859375 0.03203125
0 0.3640625 0.6453125 0.00859375 0.03203125
0 0.39375 0.6578125 0.0109375 0.04375
0 0.39375 0.6578125 0.0109375 0.04375
0 0.3125 0.6453125 0.015625 0.0359375
0 0.3125 0.6453125 0.015625 0.0359375