0 0.3575371793798537 0.5215049703219176 0.05070911201270878 0.04705971610873085
0 0.3575371793798537 0.5215049703219176 0.05070911201270878 0.04705971610873085
0 0.4293985426103785 0.5299736247282183 0.0522170649348082 0.0441358009871287
0 0.4293985426103785 0.5299736247282183 0.0522170649348082 0.0441358009871287
0 0.37004113351976897 0.47868294178829923 0.0333034237011061 0.03234778244635468
0 0.37004113351976897 0.47868294178829923 0.0333034237011061 0.03234778244635468
0 0.4484177293004235 0.2798648979041859 0.0331670560063543 0.024535282446354677
0 0.4484177293004235 0.2798648979041859 0.0331670560063543 0.024535282446354677
0 0.5165773940730758 0.299549590114492 0.03319432954530477 0.02609778244635468
0 0.5165773940730758 0.299549590114492 0.03319432954530477 0.02609778244635468
0 0.45726089529089187 0.2506026571745729 0.023955697240056396 0.03270377317596758