0 0.6664760125516145 0.2998002134787014 0.02409259724103805 0.012909103084255058
0 0.6664760125516145 0.2998002134787014 0.02409259724103805 0.012909103084255058
0 0.6617752244465451 0.2405615811734531 0.01915943577564878 0.0081397824674041
0 0.6617752244465451 0.2405615811734531 0.01915943577564878 0.0081397824674041
0 0.6626239942342489 0.3584076002481766 0.02236632293077854 0.009756829545304768
0 0.6626239942342489 0.3584076002481766 0.02236632293077854 0.009756829545304768
0 0.5798978669172001 0.7454360418061902 0.05369156603337366 0.041525026785361165
0 0.5798978669172001 0.7454360418061902 0.05369156603337366 0.041525026785361165
0 0.5644023417024295 0.7730252536567432 0.030424484396167628 0.014580697240056395
0 0.5644023417024295 0.7730252536567432 0.030424484396167628 0.014580697240056395
0 0.5322106394184373 0.7915394744357501 0.049747694482076096 0.025845479707460584