0 0.32734375 0.60546875 0.01015625 0.0296875
0 0.32734375 0.60546875 0.01015625 0.0296875
0 0.33671875 0.609375 0.01171875 0.02734375
0 0.33671875 0.609375 0.01171875 0.02734375
0 0.45546875 0.6015625 0.01328125 0.009375
0 0.45546875 0.6015625 0.01328125 0.009375
0 0.515625 0.60234375 0.00859375 0.0171875
0 0.515625 0.60234375 0.00859375 0.0171875
0 0.53828125 0.59765625 0.025 0.01484375
0 0.53828125 0.59765625 0.025 0.01484375
0 0.6296875 0.6125 0.0109375 0.0296875
0 0.6296875 0.6125 0.0109375 0.0296875
0 0.621875 0.6171875 0.01015625 0.03203125
0 0.621875 0.6171875 0.01015625 0.03203125
0 0.37265625 0.63359375 0.00859375 0.021875