0 0.3904966832079958 0.2722251964259823 0.05309076674922295 0.033712526785361165
0 0.3904966832079958 0.2722251964259823 0.05309076674922295 0.033712526785361165
0 0.3864620006191725 0.2526393993480816 0.02274829528527027 0.01913182954530477
0 0.3864620006191725 0.2526393993480816 0.02274829528527027 0.01913182954530477
0 0.43210414040392486 0.29402805843869106 0.027363020678164495 0.017651150162155814
0 0.43210414040392486 0.29402805843869106 0.027363020678164495 0.017651150162155814
0 0.479616995242489 0.32530137783772617 0.02565497146395259 0.014498876623205436
0 0.479616995242489 0.32530137783772617 0.02565497146395259 0.014498876623205436
0 0.48303309367091246 0.3316059249156268 0.02565497146395259 0.014498876623205436
0 0.48303309367091246 0.3316059249156268 0.02565497146395259 0.014498876623205436
0 0.7020743078961549 0.6265986452875965 0.022748295285270358 0.01913182954530477
0 0.7020743078961549 0.6265986452875965 0.022748295285270358 0.01913182954530477
0 0.7007836356464139 0.6156475085181213 0.02423802067816432 0.017596603084255057
0 0.7007836356464139 0.6156475085181213 0.02423802067816432 0.017596603084255057
0 0.6979839673256143 0.589057734979171 0.02296661910658777 0.023819329545304767
0 0.6979839673256143 0.589057734979171 0.02296661910658777 0.023819329545304767
0 0.5753447181541839 0.28559972402212236 0.06377570967712849 0.06200116801906326
0 0.5753447181541839 0.28559972402212236 0.06377570967712849 0.06200116801906326
0 0.5418044720831252 0.26940197970416524 0.029071069892376223 0.020803423701106105
0 0.5418044720831252 0.26940197970416524 0.029071069892376223 0.020803423701106105