0 0.37881820393475907 0.24536106589869008 0.027746491701630217 0.01857317009638315
0 0.37881820393475907 0.24536106589869008 0.027746491701630217 0.01857317009638315
0 0.3724022605734548 0.25846804209500424 0.023058991701630303 0.01805290478525663
0 0.3724022605734548 0.25846804209500424 0.023058991701630303 0.01805290478525663
0 0.3638784429370969 0.3198390965209429 0.049361382573423464 0.038015153111264334
0 0.3638784429370969 0.3198390965209429 0.049361382573423464 0.038015153111264334
0 0.3728749346387272 0.30334698766906554 0.03747668921211931 0.024301200718636017
0 0.3728749346387272 0.30334698766906554 0.03747668921211931 0.024301200718636017
0 0.3374987387786233 0.6884156747505674 0.029782588382282336 0.0249965918667586
0 0.3374987387786233 0.6884156747505674 0.029782588382282336 0.0249965918667586
0 0.3279111738415577 0.6615913380283835 0.08790366431701005 0.07637885382990035
0 0.3279111738415577 0.6615913380283835 0.08790366431701005 0.07637885382990035
0 0.31440570351055175 0.6251310166173261 0.04083848755244528 0.027773044259386915
0 0.31440570351055175 0.6251310166173261 0.04083848755244528 0.027773044259386915
0 0.32234825807465517 0.6327709468802609 0.037358290041956274 0.02273870071863602
0 0.32234825807465517 0.6327709468802609 0.037358290041956274 0.02273870071863602
0 0.23443939667136332 0.34117764257691985 0.09692346680652095 0.07273188445215321
0 0.23443939667136332 0.34117764257691985 0.09692346680652095 0.07273188445215321