0 0.601805507059629 0.21537249793386143 0.0824775308788123 0.04691977360693613
0 0.601805507059629 0.21537249793386143 0.0824775308788123 0.04691977360693613
0 0.6017971468722145 0.2419805005646974 0.038045569279472245 0.02093412628012441
0 0.6017971468722145 0.2419805005646974 0.038045569279472245 0.02093412628012441
0 0.6708941393503671 0.3036922743128078 0.03417642319868044 0.048786110495108836
0 0.6708941393503671 0.3036922743128078 0.03417642319868044 0.048786110495108836
0 0.5425862490755632 0.6007177347090946 0.055278533386094966 0.023497684158514786
0 0.5425862490755632 0.6007177347090946 0.055278533386094966 0.023497684158514786
0 0.5574132787007343 0.653069189984884 0.02536371285298138 0.013956084186749606
0 0.5574132787007343 0.653069189984884 0.02536371285298138 0.013956084186749606
0 0.6586635416328581 0.6902136032378856 0.04581260517284953 0.01982665258848364
0 0.6586635416328581 0.6902136032378856 0.04581260517284953 0.01982665258848364