0 0.3346503206201463 0.4384964214025827 0.03061480032431163 0.056420013637134045
0 0.3346503206201463 0.4384964214025827 0.03061480032431163 0.056420013637134045
0 0.35272816477594765 0.43025207104326474 0.009865923701106106 0.029165530622252866
0 0.35272816477594765 0.43025207104326474 0.009865923701106106 0.029165530622252866
0 0.4543276209444579 0.37219136685404647 0.006959112012708779 0.04131868708150197
0 0.4543276209444579 0.37219136685404647 0.006959112012708779 0.04131868708150197
0 0.6044288068204287 0.2604037986683761 0.013154564934808021 0.03888737416300385
0 0.6044288068204287 0.2604037986683761 0.013154564934808021 0.03888737416300385
0 0.5946543863657334 0.23965604017581668 0.013018197240056395 0.031074874163003852
0 0.5946543863657334 0.23965604017581668 0.013018197240056395 0.031074874163003852
0 0.35434698620357763 0.2928387819284525 0.013263659090609536 0.045137374163003764
0 0.35434698620357763 0.2928387819284525 0.013263659090609536 0.045137374163003764
0 0.25952936404459903 0.31973704903616884 0.00967500892845372 0.018228030622252867
0 0.25952936404459903 0.31973704903616884 0.00967500892845372 0.018228030622252867
0 0.30711743019722315 0.31835393503971676 0.0069045649348082 0.03819368708150188
0 0.30711743019722315 0.31835393503971676 0.0069045649348082 0.03819368708150188
0 0.24723786972664188 0.3538502123139849 0.027653441558013636 0.06544817009638315