0 0.5453113559393087 0.7829775040922511 0.04814907366340595 0.027630526292323588
0 0.5453113559393087 0.7829775040922511 0.04814907366340595 0.027630526292323588
0 0.4271976637471118 0.6764150348557988 0.051638094710093264 0.034264228045145194
0 0.4271976637471118 0.6764150348557988 0.051638094710093264 0.034264228045145194
0 0.3754061925451327 0.5119016006757781 0.03997255261671846 0.020421271910269746
0 0.3754061925451327 0.5119016006757781 0.03997255261671846 0.020421271910269746
0 0.40028436618030366 0.4630250129455291 0.061286110495108834 0.04010283330360984
0 0.40028436618030366 0.4630250129455291 0.061286110495108834 0.04010283330360984
0 0.4141039424745455 0.44190356995681535 0.06753611049510884 0.04087023680925306
0 0.4141039424745455 0.44190356995681535 0.06753611049510884 0.04087023680925306
0 0.357928808160739 0.3256357849003838 0.04529708944842144 0.03193432453950207
0 0.357928808160739 0.3256357849003838 0.04529708944842144 0.03193432453950207
0 0.3389744108339272 0.3673713506980706 0.03372255261671846 0.019653868404626528
0 0.3389744108339272 0.3673713506980706 0.03372255261671846 0.019653868404626528
0 0.33534888189473205 0.37558139894524895 0.03363154735504663 0.01809136840462653
0 0.33534888189473205 0.37558139894524895 0.03363154735504663 0.01809136840462653
0 0.31846521878290474 0.4222922410575519 0.03730257892507769 0.027850070157448135
0 0.31846521878290474 0.4222922410575519 0.03730257892507769 0.027850070157448135
0 0.31075142932036587 0.43314766211370337 0.030779563140062204 0.022395166651805097
0 0.31075142932036587 0.43314766211370337 0.030779563140062204 0.022395166651805097
0 0.40222150859837946 0.7945212497770747 0.047223610495108835 0.03837617541591278