0 0.5503436385801743 0.8972080347169248 0.04578527868534721 0.02401132697140156
0 0.5503436385801743 0.8972080347169248 0.04578527868534721 0.02401132697140156
0 0.6108070534740632 0.8148098650223062 0.03492051386770818 0.026243506667960048
0 0.6108070534740632 0.8148098650223062 0.03492051386770818 0.026243506667960048
0 0.6019405465402089 0.8023896133553162 0.042696646276527875 0.025318735456132658
0 0.6019405465402089 0.8023896133553162 0.042696646276527875 0.025318735456132658
0 0.4735537880877434 0.41216361289627435 0.0747103656913195 0.06068215060882309
0 0.4735537880877434 0.41216361289627435 0.0747103656913195 0.06068215060882309
0 0.7259949891695145 0.771968273966079 0.03001480832062491 0.01648586939505616
0 0.7259949891695145 0.771968273966079 0.03001480832062491 0.01648586939505616
0 0.7092997580712159 0.8587189748744646 0.05076371941479181 0.036893964244305265