0 0.292355510741542 0.5515625 0.057031797342454116 0.0671875
0 0.292355510741542 0.5515625 0.057031797342454116 0.0671875
0 0.34045665607095127 0.52265625 0.06339088534372675 0.0765625
0 0.34045665607095127 0.52265625 0.06339088534372675 0.0765625
0 0.37880154073836036 0.528125 0.0571954293443631 0.08125
0 0.37880154073836036 0.528125 0.0571954293443631 0.08125
0 0.6303634933959061 0.4609375 0.019131808004454243 0.0328125
0 0.6303634933959061 0.4609375 0.019131808004454243 0.0328125
0 0.6987680480585428 0.43125 0.04289657200827239 0.0609375
0 0.6987680480585428 0.43125 0.04289657200827239 0.0609375
0 0.6427169480426344 0.3140625 0.06804202267663584 0.0734375
0 0.6427169480426344 0.3140625 0.06804202267663584 0.0734375
0 0.5816794507081344 0.30546875 0.060138616008908664 0.065625
0 0.5816794507081344 0.30546875 0.060138616008908664 0.065625
0 0.611448766709089 0.3125 0.015897720003181702 0.0234375
0 0.611448766709089 0.3125 0.015897720003181702 0.0234375
0 0.3656186460454979 0.33515625 0.017587489337999786 0.034375
0 0.3656186460454979 0.33515625 0.017587489337999786 0.034375
0 0.32984477804740686 0.34921875 0.036592028007635946 0.05625
0 0.32984477804740686 0.34921875 0.036592028007635946 0.05625
0 0.3098959047183158 0.38046875 0.049292022676635926 0.0734375