0 0.5828125 0.33414561177026003 0.0703125 0.05204588479802066
0 0.5828125 0.33414561177026003 0.0703125 0.05204588479802066
0 0.56484375 0.34690402454409924 0.0453125 0.031005959092057722
0 0.56484375 0.34690402454409924 0.0453125 0.031005959092057722
0 0.47265625 0.530159142253361 0.0265625 0.016397889812585477
0 0.47265625 0.530159142253361 0.0265625 0.016397889812585477
0 0.47421875 0.7036421063599837 0.0234375 0.013181961599340219
0 0.47421875 0.7036421063599837 0.0234375 0.013181961599340219
0 0.4703125 0.708215946093427 0.015625 0.009829641066226812
0 0.4703125 0.708215946093427 0.015625 0.009829641066226812
0 0.4984375 0.6715343000126353 0.0234375 0.016306961599340218
0 0.4984375 0.6715343000126353 0.0234375 0.016306961599340218
0 0.49296875 0.790125175639456 0.028125 0.021130853919208194
0 0.49296875 0.790125175639456 0.028125 0.021130853919208194
0 0.40234375 0.7593632574553404 0.0484375 0.04203438730530316
0 0.40234375 0.7593632574553404 0.0484375 0.04203438730530316
0 0.38984375 0.727749544602359 0.015625 0.012954641066226813
0 0.38984375 0.727749544602359 0.015625 0.012954641066226813
0 0.39453125 0.373979686922227 0.0390625 0.024574102665567032
0 0.39453125 0.373979686922227 0.0390625 0.024574102665567032
0 0.453125 0.2624033409205775 0.0296875 0.01961381802583091
0 0.453125 0.2624033409205775 0.0296875 0.01961381802583091