0 0.3554737946346732 0.6012842771701944 0.06355655771188111 0.07961756763635783
0 0.3554737946346732 0.6012842771701944 0.06355655771188111 0.07961756763635783
0 0.40298371169504865 0.5710514028951407 0.04598711179556503 0.06737767676456467
0 0.40298371169504865 0.5710514028951407 0.04598711179556503 0.06737767676456467
0 0.38235375316486087 0.5859310416923414 0.04771330290255769 0.07218357593472771
0 0.38235375316486087 0.5859310416923414 0.04771330290255769 0.07218357593472771
0 0.6253720884667382 0.4343522732215021 0.05919643992586625 0.08863737012586874
0 0.6253720884667382 0.4343522732215021 0.05919643992586625 0.08863737012586874
0 0.6618453018062493 0.42453864272267106 0.01482639183263199 0.022940592531467276
0 0.6618453018062493 0.42453864272267106 0.01482639183263199 0.022940592531467276
0 0.6495685018989166 0.31972108815856776 0.05730655771188111 0.07914397095570588
0 0.6495685018989166 0.31972108815856776 0.05730655771188111 0.07914397095570588
0 0.5630952885594054 0.3333234921026156 0.02954365626060227 0.04275618506293437
0 0.5630952885594054 0.3333234921026156 0.02954365626060227 0.04275618506293437
0 0.5539658252198942 0.3410651371235937 0.026309528855940557 0.0393943867226084
0 0.5539658252198942 0.3410651371235937 0.026309528855940557 0.0393943867226084
0 0.3778150421876025 0.43352809210725995 0.05256449400955017 0.07722627344521679
0 0.3778150421876025 0.43352809210725995 0.05256449400955017 0.07722627344521679
0 0.35718508365741475 0.4484077309044608 0.07385914065150559 0.10689046265733601
0 0.35718508365741475 0.4484077309044608 0.07385914065150559 0.10689046265733601