0 0.25625 0.6375 0.0234375 0.03671875
0 0.25625 0.6375 0.0234375 0.03671875
0 0.28203125 0.67578125 0.0109375 0.03828125
0 0.28203125 0.67578125 0.0109375 0.03828125
0 0.2796875 0.65390625 0.0078125 0.02265625
0 0.2796875 0.65390625 0.0078125 0.02265625
0 0.5890625 0.66796875 0.0140625 0.02109375
0 0.5890625 0.66796875 0.0140625 0.02109375
0 0.6984375 0.63359375 0.02265625 0.02890625
0 0.6984375 0.63359375 0.02265625 0.02890625
0 0.72890625 0.63828125 0.0125 0.0390625
0 0.72890625 0.63828125 0.0125 0.0390625
0 0.6359375 0.5734375 0.00859375 0.0359375
0 0.6359375 0.5734375 0.00859375 0.0359375
0 0.26796875 0.55703125 0.0078125 0.0265625
0 0.26796875 0.55703125 0.0078125 0.0265625
0 0.2609375 0.55390625 0.00546875 0.0296875
0 0.2609375 0.55390625 0.00546875 0.0296875
0 0.23984375 0.54453125 0.01796875 0.02109375