0 0.6988253287714498 0.8443804997965565 0.08642839600572713 0.051219895218144275
0 0.6988253287714498 0.8443804997965565 0.08642839600572713 0.051219895218144275
0 0.5491776754057694 0.5906620652419102 0.048637494668999894 0.022278486395681085
0 0.5491776754057694 0.5906620652419102 0.048637494668999894 0.022278486395681085
0 0.5427731340706331 0.5767239137714999 0.06747840133672707 0.03206169080691268
0 0.5427731340706331 0.5767239137714999 0.06747840133672707 0.03206169080691268
0 0.5254305453930427 0.4945307974116723 0.048637494668999894 0.022278486395681085
0 0.5254305453930427 0.4945307974116723 0.048637494668999894 0.022278486395681085
0 0.5627112747055891 0.34551143160173775 0.03452045066836362 0.016112958087257566
0 0.5627112747055891 0.34551143160173775 0.03452045066836362 0.016112958087257566
0 0.5657271867043164 0.33646488233694305 0.037645450668363625 0.01644140882246283
0 0.5657271867043164 0.33646488233694305 0.037645450668363625 0.01644140882246283
0 0.6359440681094496 0.8721043724086502 0.053579533338636055 0.04464616249848916