0 0.5562974496789838 0.5014310952747907 0.06307274431795715 0.03645271046687402
0 0.5562974496789838 0.5014310952747907 0.06307274431795715 0.03645271046687402
0 0.5502520012211113 0.49007636632147805 0.04415910308425506 0.025985647326811724
0 0.5502520012211113 0.49007636632147805 0.04415910308425506 0.025985647326811724
0 0.5163424257329963 0.3312774899707665 0.0441045560063543 0.02286064732681172
0 0.5163424257329963 0.3312774899707665 0.0441045560063543 0.02286064732681172
0 0.4885622991097908 0.3578700820500239 0.03796365016215582 0.02874662628012441
0 0.4885622991097908 0.3578700820500239 0.03796365016215582 0.02874662628012441
0 0.6107839468363147 0.24148767690129147 0.022093188311602674 0.013774073663405861
0 0.6107839468363147 0.24148767690129147 0.022093188311602674 0.013774073663405861
0 0.6134901611224997 0.3100101637471119 0.04100682954530477 0.024241136803468066
0 0.6134901611224997 0.3100101637471119 0.04100682954530477 0.024241136803468066