0 0.5906132003879876 0.2712958214231401 0.06868429802252862 0.044131795081344016
0 0.5906132003879876 0.2712958214231401 0.06868429802252862 0.044131795081344016
0 0.6284623976738819 0.4105219478865732 0.07359031930985208 0.04728406615858276
0 0.6284623976738819 0.4105219478865732 0.07359031930985208 0.04728406615858276
0 0.6453874537421822 0.47387592075921015 0.05174817029858776 0.02529089149054773
0 0.6453874537421822 0.47387592075921015 0.05174817029858776 0.02529089149054773
0 0.6450814511442922 0.4918355804001305 0.047169930942249395 0.026826120413308986
0 0.6450814511442922 0.4918355804001305 0.047169930942249395 0.026826120413308986
0 0.646791416615417 0.5051213755796703 0.045388909654926125 0.023692030054229284
0 0.646791416615417 0.5051213755796703 0.045388909654926125 0.023692030054229284
0 0.6256101853048504 0.5260833153730159 0.0389203883676025 0.020530668617910842
0 0.6256101853048504 0.5260833153730159 0.0389203883676025 0.020530668617910842
0 0.6355368423618863 0.5675304719888741 0.05018567029858776 0.02528180113146803
0 0.6355368423618863 0.5675304719888741 0.05018567029858776 0.02528180113146803
0 0.6141752945914594 0.5970816166026799 0.022639824505632157 0.011064765027114731
0 0.6141752945914594 0.5970816166026799 0.022639824505632157 0.011064765027114731
0 0.6112688158787828 0.6001884358845206 0.029217606436617416 0.015788626463433174
0 0.6112688158787828 0.6001884358845206 0.029217606436617416 0.015788626463433174
0 0.5545324968210322 0.626410047419035 0.04313799480421991 0.03617384933607006
0 0.5545324968210322 0.626410047419035 0.04313799480421991 0.03617384933607006
0 0.5695072867977892 0.6507060654712118 0.029217606436617416 0.015788626463433174
0 0.5695072867977892 0.6507060654712118 0.029217606436617416 0.015788626463433174
0 0.5579906325907448 0.6646958425985747 0.07471577673520499 0.041043156517662285
0 0.5579906325907448 0.6646958425985747 0.07471577673520499 0.041043156517662285
0 0.49220709546397945 0.6955504119786114 0.024530106436617415 0.015761355386194255
0 0.49220709546397945 0.6955504119786114 0.024530106436617415 0.015761355386194255
0 0.5874756728196032 0.7624839028052293 0.037904191585911205 0.028334078258831143
0 0.5874756728196032 0.7624839028052293 0.037904191585911205 0.028334078258831143
0 0.6144041595780514 0.7790401437300429 0.01649908514929379 0.012590903590796287
0 0.6144041595780514 0.7790401437300429 0.01649908514929379 0.012590903590796287
0 0.619140936061155 0.7462685503459012 0.0295453883676025 0.020476126463433175
0 0.619140936061155 0.7462685503459012 0.0295453883676025 0.020476126463433175
0 0.618015478635802 0.7525094599868216 0.014608803218308708 0.00789431323171641
0 0.618015478635802 0.7525094599868216 0.014608803218308708 0.00789431323171641
0 0.628439526406229 0.7228946828594586 0.037215776735205 0.04082498789975162
0 0.628439526406229 0.7228946828594586 0.037215776735205 0.04082498789975162
0 0.6381751593259499 0.7057708153730159 0.025983345792955602 0.014207945745273776
0 0.6381751593259499 0.7057708153730159 0.025983345792955602 0.014207945745273776
0 0.7147169719274127 0.348549188713191 0.03645095222957302 0.029887487899751618
0 0.7147169719274127 0.348549188713191 0.03645095222957302 0.029887487899751618