0 0.590502483831582 0.7321602910064762 0.059451409654925944 0.0254563569862416
0 0.590502483831582 0.7321602910064762 0.059451409654925944 0.0254563569862416
0 0.5683325528893326 0.7048884628761749 0.0482953883676025 0.02194941106992552
0 0.5683325528893326 0.7048884628761749 0.0482953883676025 0.02194941106992552
0 0.5659505980618695 0.6931151491738442 0.03503056386197052 0.010575401451278665
0 0.5659505980618695 0.6931151491738442 0.03503056386197052 0.010575401451278665
0 0.48557577514572126 0.3684400421876025 0.06937271287323465 0.03359623920022674
0 0.48557577514572126 0.3684400421876025 0.06937271287323465 0.03359623920022674
0 0.4914322912372646 0.4076116695922642 0.053310670298587756 0.026800602176918174
0 0.4914322912372646 0.4076116695922642 0.053310670298587756 0.026800602176918174
0 0.4868376263865585 0.41992069663410625 0.08263753737886681 0.04497024881887377
0 0.4868376263865585 0.41992069663410625 0.08263753737886681 0.04497024881887377
0 0.4594014052154506 0.2950471822061359 0.01995186708027923 0.017842264427970277
0 0.4594014052154506 0.2950471822061359 0.01995186708027923 0.017842264427970277
0 0.4656949638816409 0.3404688096107976 0.015045845792955603 0.014553573320977708
0 0.4656949638816409 0.3404688096107976 0.015045845792955603 0.014553573320977708
0 0.32714056227248656 0.33173367195451686 0.056512079953513795 0.05029266587924912
0 0.32714056227248656 0.33173367195451686 0.056512079953513795 0.05029266587924912
0 0.34958899866261767 0.3964236545313217 0.04640510643661733 0.01720734736759475
0 0.34958899866261767 0.3964236545313217 0.04640510643661733 0.01720734736759475
0 0.41714711130342136 0.6715526293035783 0.037248627723940685 0.020004965153609788
0 0.41714711130342136 0.6715526293035783 0.037248627723940685 0.020004965153609788
0 0.39950078939567923 0.6421007422802697 0.027436585149293792 0.013427582939624472
0 0.39950078939567923 0.6421007422802697 0.027436585149293792 0.013427582939624472
0 0.43503373383158206 0.7267312026245559 0.05621714901126431 0.023784729581580066
0 0.43503373383158206 0.7267312026245559 0.05621714901126431 0.023784729581580066
0 0.4304936993027068 0.739821479666398 0.043389367080279226 0.018660719962933215
0 0.4304936993027068 0.739821479666398 0.043389367080279226 0.018660719962933215
0 0.4717960424977724 0.7732168222246694 0.027436585149293792 0.013427582939624472
0 0.4717960424977724 0.7732168222246694 0.027436585149293792 0.013427582939624472
0 0.46870924732523545 0.7847991629688422 0.04851390965492612 0.025074411069925518