0 0.36776390573047923 0.6754789746444849 0.0340879575763454 0.019073732719655113
0 0.36776390573047923 0.6754789746444849 0.0340879575763454 0.019073732719655113
0 0.3669029073974691 0.6670494500120875 0.0340879575763454 0.019073732719654936
0 0.3669029073974691 0.6670494500120875 0.0340879575763454 0.019073732719654936
0 0.44418172407706696 0.318126350932605 0.021077774545807237 0.01150992977883405
0 0.44418172407706696 0.318126350932605 0.021077774545807237 0.01150992977883405
0 0.44429329438050863 0.3072709636164063 0.02614791181871077 0.016690105881641947
0 0.44429329438050863 0.3072709636164063 0.02614791181871077 0.016690105881641947
0 0.45551770786620943 0.2836293614107906 0.03227036606107632 0.01578450735205239
0 0.45551770786620943 0.2836293614107906 0.03227036606107632 0.01578450735205239
0 0.45615543665438213 0.2758168614107906 0.030962957576345394 0.018745281984449757
0 0.45615543665438213 0.2758168614107906 0.030962957576345394 0.018745281984449757
0 0.3032217552908339 0.2895671974358473 0.035395366061076315 0.016112958087257566
0 0.3032217552908339 0.2895671974358473 0.035395366061076315 0.016112958087257566
0 0.24858321315704335 0.6268161413688931 0.09091178454774687 0.06996989521814409
0 0.24858321315704335 0.6268161413688931 0.09091178454774687 0.06996989521814409
0 0.22855788451865192 0.6823646450449192 0.05653678454774695 0.06635693713088635
0 0.22855788451865192 0.6823646450449192 0.05653678454774695 0.06635693713088635