0 0.34717270742894224 0.6168772938915941 0.023477072794389108 0.02742790478525663
0 0.34717270742894224 0.6168772938915941 0.023477072794389108 0.02742790478525663
0 0.38635512337578615 0.626690960517395 0.03475453423772627 0.05815593540750967
0 0.38635512337578615 0.626690960517395 0.03475453423772627 0.05815593540750967
0 0.37430570634920807 0.6351095846803988 0.0210529796419344 0.038018561244505734
0 0.37430570634920807 0.6351095846803988 0.0210529796419344 0.038018561244505734
0 0.679284300581397 0.5690009568016174 0.014202202344038461 0.02794987416300394
0 0.679284300581397 0.5690009568016174 0.014202202344038461 0.02794987416300394
0 0.7163639959856052 0.5460021234274184 0.0421059592838688 0.07603712248901147
0 0.7163639959856052 0.5460021234274184 0.0421059592838688 0.07603712248901147
0 0.7284634777870078 0.5383647492644144 0.02614099784053181 0.04478882655563225
0 0.7284634777870078 0.5383647492644144 0.02614099784053181 0.04478882655563225
0 0.7863074537283145 0.4587716284493954 0.023176684145441228 0.02274040478525663
0 0.7863074537283145 0.4587716284493954 0.023176684145441228 0.02274040478525663
0 0.6993686582318213 0.45268482582004665 0.01732720234403846 0.028296717703754838
0 0.6993686582318213 0.45268482582004665 0.01732720234403846 0.028296717703754838
0 0.7137723172388348 0.4196138972311042 0.017727720542635696 0.03454671770375484