0 0.28125 0.5140625 0.021875 0.06640625
0 0.28125 0.5140625 0.021875 0.06640625
0 0.365625 0.5078125 0.03125 0.046875
0 0.365625 0.5078125 0.03125 0.046875
0 0.39609375 0.5171875 0.0265625 0.053125
0 0.39609375 0.5171875 0.0265625 0.053125
0 0.4390625 0.5359375 0.009375 0.0359375
0 0.4390625 0.5359375 0.009375 0.0359375
0 0.6765625 0.53359375 0.0203125 0.04453125
0 0.6765625 0.53359375 0.0203125 0.04453125
0 0.7015625 0.65546875 0.009375 0.02265625
0 0.7015625 0.65546875 0.009375 0.02265625
0 0.69453125 0.65625 0.00625 0.0265625
0 0.69453125 0.65625 0.00625 0.0265625
0 0.64375 0.66484375 0.00625 0.025
0 0.64375 0.66484375 0.00625 0.025
0 0.63515625 0.66640625 0.009375 0.0265625
0 0.63515625 0.66640625 0.009375 0.0265625
0 0.38515625 0.66171875 0.01171875 0.03203125
0 0.38515625 0.66171875 0.01171875 0.03203125
0 0.34765625 0.665625 0.0109375 0.05546875
0 0.34765625 0.665625 0.0109375 0.05546875
0 0.2953125 0.64921875 0.01484375 0.0359375
0 0.2953125 0.64921875 0.01484375 0.0359375
0 0.2828125 0.64765625 0.0125 0.03203125
0 0.2828125 0.64765625 0.0125 0.03203125