0 0.4786569504495832 0.749413711595094 0.0704321719450391 0.06666023464950506
0 0.4786569504495832 0.749413711595094 0.0704321719450391 0.06666023464950506
0 0.5164297350893192 0.7352126745135458 0.036710389812585655 0.03118745220315038
0 0.5164297350893192 0.7352126745135458 0.036710389812585655 0.03118745220315038
0 0.507316811032709 0.6204151035407285 0.030233069279472245 0.022570612689558976
0 0.507316811032709 0.6204151035407285 0.030233069279472245 0.022570612689558976
0 0.6792613218532616 0.3819126064305573 0.058767246239076344 0.040252640500720104
0 0.6792613218532616 0.3819126064305573 0.058767246239076344 0.040252640500720104
0 0.6773267488128658 0.368151733748154 0.03179556927947225 0.022771697567956828
0 0.6773267488128658 0.368151733748154 0.03179556927947225 0.022771697567956828
0 0.6099490321989606 0.35658642595846013 0.03969899749271768 0.02690212195994608
0 0.6099490321989606 0.35658642595846013 0.03969899749271768 0.02690212195994608
0 0.6952105822781028 0.3152590925249767 0.08146060015828453 0.07119282879828992
0 0.6952105822781028 0.3152590925249767 0.08146060015828453 0.07119282879828992
0 0.598824978754606 0.20390977474243854 0.03661946159934022 0.02806245220315038
0 0.598824978754606 0.20390977474243854 0.03661946159934022 0.02806245220315038
0 0.6018182834526018 0.36852935035044937 0.0334489974927175 0.02609778244635468