0 0.4181667162588414 0.633684847805954 0.01822231969842587 0.02996023538950343
0 0.4181667162588414 0.633684847805954 0.01822231969842587 0.02996023538950343
0 0.7436759812445823 0.5114372954497522 0.01624971658814811 0.025245461850553142
0 0.7436759812445823 0.5114372954497522 0.01624971658814811 0.025245461850553142
0 0.7520264319985177 0.4374776440697805 0.020331623845462943 0.03623750892845372
0 0.7520264319985177 0.4374776440697805 0.020331623845462943 0.03623750892845372
0 0.8153069734688879 0.5009867650109431 0.05601484561740726 0.06962275324641087
0 0.8153069734688879 0.5009867650109431 0.05601484561740726 0.06962275324641087
0 0.7381962522625914 0.618209446829724 0.02290981969842587 0.0300420560063543
0 0.7381962522625914 0.618209446829724 0.02290981969842587 0.0300420560063543
0 0.7170437136669433 0.6350014805149442 0.016386417624907425 0.02680796185055314
0 0.7170437136669433 0.6350014805149442 0.016386417624907425 0.02680796185055314
0 0.7168092678139802 0.641237843745469 0.0145505155513888 0.023655688311602675
0 0.7168092678139802 0.641237843745469 0.0145505155513888 0.023655688311602675
0 0.4991911237989801 0.72168545413662 0.05656164976444433 0.07587275324641088
0 0.4991911237989801 0.72168545413662 0.05656164976444433 0.07587275324641088
0 0.45064631706004493 0.7106973611986346 0.018359020735185184 0.03152273538950325
0 0.45064631706004493 0.7106973611986346 0.018359020735185184 0.03152273538950325