0 0.5851713614337681 0.7129899199779386 0.02988749466899989 0.018570217535011223
0 0.5851713614337681 0.7129899199779386 0.02988749466899989 0.018570217535011223
0 0.58582534209895 0.7020160326743857 0.03144999466899989 0.018642992142117266
0 0.58582534209895 0.7020160326743857 0.03144999466899989 0.018642992142117266
0 0.46204820337363445 0.27551565281443086 0.02514545066836362 0.013664393713693723
0 0.46204820337363445 0.27551565281443086 0.02514545066836362 0.013664393713693723
0 0.46523683804104354 0.28083885360021915 0.026726132001908987 0.015299668320799587
0 0.46523683804104354 0.28083885360021915 0.026726132001908987 0.015299668320799587
0 0.39585958203372573 0.23013468631287687 0.06620680267345422 0.05305653349844599
0 0.39585958203372573 0.23013468631287687 0.06620680267345422 0.05305653349844599
0 0.5673442307049528 0.2557596168347855 0.026726132001908987 0.015299668320799497
0 0.5673442307049528 0.2557596168347855 0.026726132001908987 0.015299668320799497
0 0.5713322967059072 0.2626089303170208 0.028288632001908988 0.01537244292790545
0 0.5713322967059072 0.2626089303170208 0.028288632001908988 0.01537244292790545
0 0.6981424340785873 0.5467034863556581 0.039280676002545256 0.020569365177646404
0 0.6981424340785873 0.5467034863556581 0.039280676002545256 0.020569365177646404
0 0.6729066240849506 0.5947792673729048 0.02988749466899989 0.018570217535011223
0 0.6729066240849506 0.5947792673729048 0.02988749466899989 0.018570217535011223
0 0.676704333426132 0.652446218158693 0.029905676002545435 0.020132717535011224
0 0.676704333426132 0.652446218158693 0.029905676002545435 0.020132717535011224
0 0.675241830760632 0.6611127427657989 0.029851132001908986 0.015445217535011223
0 0.675241830760632 0.6611127427657989 0.029851132001908986 0.015445217535011223