0 0.4320057487571457 0.4091524783205111 0.031395549214211727 0.006409507352052301
0 0.4320057487571457 0.4091524783205111 0.031395549214211727 0.006409507352052301
0 0.432369621792675 0.4169649783205111 0.04106164764263518 0.013644859557668098
0 0.432369621792675 0.4169649783205111 0.04106164764263518 0.013644859557668098
0 0.40424677584545093 0.4536790103049609 0.044113873035529313 0.012410810292873364
0 0.40424677584545093 0.4536790103049609 0.044113873035529313 0.012410810292873364
0 0.43315733395100275 0.5181567917395176 0.044259422249740867 0.015535810292873365
0 0.43315733395100275 0.5181567917395176 0.044259422249740867 0.015535810292873365
0 0.31076429549015805 0.38499696894211144 0.038082196856846905 0.01644140882246283
0 0.31076429549015805 0.38499696894211144 0.038082196856846905 0.01644140882246283
0 0.35096976447291145 0.354863746700642 0.025509422249741044 0.013565105881641948
0 0.35096976447291145 0.354863746700642 0.025509422249741044 0.013565105881641948
0 0.35203780479578295 0.2935156832816355 0.06261131596343468 0.04234228933650215
0 0.35203780479578295 0.2935156832816355 0.06261131596343468 0.04234228933650215