0 0.388616499933493 0.5051783991430978 0.03105142319868044 0.0498207638904951
0 0.388616499933493 0.5051783991430978 0.03105142319868044 0.0498207638904951
0 0.6785618868430847 0.43034218753614295 0.010284282132453627 0.03218024122857734
0 0.6785618868430847 0.43034218753614295 0.010284282132453627 0.03218024122857734
0 0.663536280416594 0.42261930559089544 0.017914925705962936 0.026705442252391975
0 0.663536280416594 0.42261930559089544 0.017914925705962936 0.026705442252391975
0 0.6399934803374517 0.38990247262183325 0.02581835391920819 0.030605643276206428
0 0.6399934803374517 0.38990247262183325 0.02581835391920819 0.030605643276206428
0 0.36329458801758363 0.3577728563787986 0.019841138558944316 0.039360482457154865
0 0.36329458801758363 0.3577728563787986 0.019841138558944316 0.039360482457154865
0 0.33390260471063105 0.36498334248830333 0.022602425705962936 0.027170562866680736
0 0.33390260471063105 0.36498334248830333 0.022602425705962936 0.027170562866680736