0 0.50390625 0.590625 0.03203125 0.0546875
0 0.50390625 0.590625 0.03203125 0.0546875
0 0.48046875 0.628125 0.0390625 0.05859375
0 0.48046875 0.628125 0.0390625 0.05859375
0 0.50859375 0.66171875 0.01953125 0.0484375
0 0.50859375 0.66171875 0.01953125 0.0484375
0 0.53046875 0.6703125 0.01015625 0.03125
0 0.53046875 0.6703125 0.01015625 0.03125
0 0.73125 0.67421875 0.0234375 0.0421875
0 0.73125 0.67421875 0.0234375 0.0421875
0 0.7046875 0.66953125 0.01484375 0.0375
0 0.7046875 0.66953125 0.01484375 0.0375
0 0.76484375 0.6546875 0.04921875 0.03984375
0 0.76484375 0.6546875 0.04921875 0.03984375
0 0.7734375 0.56484375 0.040625 0.0609375