0 0.45859375 0.51953125 0.0109375 0.0421875
0 0.45859375 0.51953125 0.0109375 0.0421875
0 0.4671875 0.5140625 0.01015625 0.02734375
0 0.4671875 0.5140625 0.01015625 0.02734375
0 0.62265625 0.4859375 0.00859375 0.02734375
0 0.62265625 0.4859375 0.00859375 0.02734375
0 0.6328125 0.48125 0.009375 0.04921875
0 0.6328125 0.48125 0.009375 0.04921875
0 0.60078125 0.584375 0.00703125 0.02109375
0 0.60078125 0.584375 0.00703125 0.02109375
0 0.3671875 0.60234375 0.0359375 0.05625
0 0.3671875 0.60234375 0.0359375 0.05625
0 0.34453125 0.603125 0.0078125 0.0390625
0 0.34453125 0.603125 0.0078125 0.0390625