0 0.32890625 0.42018181823782347 0.009375 0.03050770622055552
0 0.32890625 0.42018181823782347 0.009375 0.03050770622055552
0 0.33828125 0.417095774458379 0.0125 0.029218608294074144
0 0.33828125 0.417095774458379 0.0125 0.029218608294074144
0 0.45703125 0.43764130325208245 0.0125 0.010468608294074144
0 0.45703125 0.43764130325208245 0.0125 0.010468608294074144
0 0.5171875 0.4429042931673138 0.009375 0.01800770622055552
0 0.5171875 0.4429042931673138 0.009375 0.01800770622055552
0 0.53984375 0.450355208200323 0.025 0.017812216588147932
0 0.53984375 0.450355208200323 0.025 0.017812216588147932
0 0.63125 0.4450709688507395 0.0109375 0.030644407257314654
0 0.63125 0.4450709688507395 0.0109375 0.030644407257314654
0 0.62421875 0.43976831418532286 0.009375 0.03207020622055552
0 0.62421875 0.43976831418532286 0.009375 0.03207020622055552
0 0.375 0.3968707488222215 0.009375 0.02269520622055552