0 0.3109375 0.5109375 0.00703125 0.0296875
0 0.3109375 0.5109375 0.00703125 0.0296875
0 0.34765625 0.52734375 0.02421875 0.0546875
0 0.34765625 0.52734375 0.02421875 0.0546875
0 0.32109375 0.51328125 0.009375 0.02734375
0 0.32109375 0.51328125 0.009375 0.02734375
0 0.6953125 0.49375 0.0046875 0.0296875
0 0.6953125 0.49375 0.0046875 0.0296875
0 0.6171875 0.67421875 0.0109375 0.03359375
0 0.6171875 0.67421875 0.0109375 0.03359375
0 0.60390625 0.696875 0.015625 0.03828125
0 0.60390625 0.696875 0.015625 0.03828125
0 0.36484375 0.6734375 0.0125 0.0359375
0 0.36484375 0.6734375 0.0125 0.0359375
0 0.3203125 0.653125 0.01015625 0.03359375
0 0.3203125 0.653125 0.01015625 0.03359375
0 0.2609375 0.62578125 0.021875 0.0625