0 0.35935596091547356 0.5628315867639424 0.04353598428423435 0.06368206677218975
0 0.35935596091547356 0.5628315867639424 0.04353598428423435 0.06368206677218975
0 0.3734719648444149 0.5476384957768579 0.022350188998963995 0.044341033386094963
0 0.3734719648444149 0.5476384957768579 0.022350188998963995 0.044341033386094963
0 0.350372605043452 0.43695940855069704 0.01537244292790545 0.028534176959604095
0 0.350372605043452 0.43695940855069704 0.01537244292790545 0.028534176959604095
0 0.37208278515107585 0.4173061380967259 0.023476041356328813 0.0350114974927175
0 0.37208278515107585 0.4173061380967259 0.023476041356328813 0.0350114974927175
0 0.5508948358130297 0.37023622446495696 0.013664393713693813 0.025363712852981467
0 0.5508948358130297 0.37023622446495696 0.013664393713693813 0.025363712852981467
0 0.5778212088485588 0.3788216142775426 0.013664393713693813 0.02536371285298138
0 0.5778212088485588 0.3788216142775426 0.013664393713693813 0.02536371285298138
0 0.5874509199734295 0.3845631489172786 0.01871576674922295 0.03331260517284953
0 0.5874509199734295 0.3845631489172786 0.01871576674922295 0.03331260517284953
0 0.6065091350272414 0.3749752002500621 0.02176799214211709 0.031841033386094786
0 0.6065091350272414 0.3749752002500621 0.02176799214211709 0.031841033386094786
0 0.6402120469379001 0.3782964285424498 0.07489730024766902 0.10048338479802066
0 0.6402120469379001 0.3782964285424498 0.07489730024766902 0.10048338479802066
0 0.7227056774170275 0.5078679197669611 0.016789393713693812 0.025454641066226812
0 0.7227056774170275 0.5078679197669611 0.016789393713693812 0.025454641066226812
0 0.7292831631490039 0.5150810261934519 0.013664393713693813 0.02536371285298138
0 0.7292831631490039 0.5150810261934519 0.013664393713693813 0.02536371285298138
0 0.671160294042416 0.489984086301724 0.013955492142117087 0.03161371285298138
0 0.671160294042416 0.489984086301724 0.013955492142117087 0.03161371285298138
0 0.6640198821317572 0.48743574782192195 0.015372442927905539 0.028534176959604095
0 0.6640198821317572 0.48743574782192195 0.015372442927905539 0.028534176959604095
0 0.6259740725784633 0.47462585926297757 0.027256012820281582 0.04916492570596276
0 0.6259740725784633 0.47462585926297757 0.027256012820281582 0.04916492570596276
0 0.6034997590962279 0.4778728797169487 0.0168621683207995 0.027017141066226814
0 0.6034997590962279 0.4778728797169487 0.0168621683207995 0.027017141066226814
0 0.5433606257216164 0.45973899366528687 0.02227741439185813 0.04277853338609496
0 0.5433606257216164 0.45973899366528687 0.02227741439185813 0.04277853338609496
0 0.5640006114535927 0.46736127705138164 0.01359161910658777 0.02380121285298138
0 0.5640006114535927 0.46736127705138164 0.01359161910658777 0.02380121285298138
0 0.5171427280789812 0.44961383590601256 0.05171235731976367 0.07172188730530316
0 0.5171427280789812 0.44961383590601256 0.05171235731976367 0.07172188730530316
0 0.48200574875714575 0.46575566145369096 0.048005160462916766 0.05913095909205772
0 0.48200574875714575 0.46575566145369096 0.048005160462916766 0.05913095909205772
0 0.45898777977439237 0.4908322178010394 0.03663101282028158 0.04943771034569906
0 0.45898777977439237 0.4908322178010394 0.03663101282028158 0.04943771034569906