0 0.4782446603915398 0.7360526921310366 0.058121075934727706 0.04563066256778665
0 0.4782446603915398 0.7360526921310366 0.058121075934727706 0.04563066256778665
0 0.4709407232540128 0.711802125874258 0.03615098755244546 0.02363748789975162
0 0.4709407232540128 0.711802125874258 0.03615098755244546 0.02363748789975162
0 0.5046706475197779 0.3840180143397436 0.04744368506293437 0.028388620413308897
0 0.5046706475197779 0.3840180143397436 0.04744368506293437 0.028388620413308897
0 0.5122929707552132 0.3403316468533009 0.03626938672260849 0.02519998789975162
0 0.5122929707552132 0.3403316468533009 0.03626938672260849 0.02519998789975162
0 0.4023968298834199 0.3225123668972675 0.04420028589277134 0.026807939695149673
0 0.4023968298834199 0.3225123668972675 0.04420028589277134 0.026807939695149673
0 0.32228789047080797 0.584430583916172 0.07398287427505376 0.04884656615858276
0 0.32228789047080797 0.584430583916172 0.07398287427505376 0.04884656615858276