0 0.38240004549975637 0.6230083546820108 0.030123911094166723 0.021173369395056162
0 0.38240004549975637 0.6230083546820108 0.030123911094166723 0.021173369395056162
0 0.38756032418510367 0.602313217409107 0.018931837955902787 0.009343049091614476
0 0.38756032418510367 0.602313217409107 0.018931837955902787 0.009343049091614476
0 0.5482848443210762 0.33031118740328813 0.036301175911805574 0.018558552425594323
0 0.5482848443210762 0.33031118740328813 0.036301175911805574 0.018558552425594323
0 0.5480484549784025 0.34046743740328816 0.02688980832062491 0.016230777879787085
0 0.5480484549784025 0.34046743740328816 0.02688980832062491 0.016230777879787085
0 0.4693733686380203 0.604992065133294 0.03161367591180557 0.01817591515269079
0 0.4693733686380203 0.604992065133294 0.03161367591180557 0.01817591515269079
0 0.47317116907486056 0.575830723618025 0.0174784407294446 0.013903003333979846
0 0.47317116907486056 0.575830723618025 0.0174784407294446 0.013903003333979846