0 0.2961875397178946 0.5708563444983318 0.05586710485118864 0.07478716837349922
0 0.2961875397178946 0.5708563444983318 0.05586710485118864 0.07478716837349922
0 0.32364286002133635 0.5833409339467532 0.02857128121376693 0.04520608418674961
0 0.32364286002133635 0.5833409339467532 0.02857128121376693 0.04520608418674961
0 0.3687002685060673 0.5828550865352369 0.0266261439408634 0.04042757892507769
0 0.3687002685060673 0.5828550865352369 0.0266261439408634 0.04042757892507769
0 0.42887249396026006 0.577029291740439 0.051849284547746774 0.06366765785015538
0 0.42887249396026006 0.577029291740439 0.051849284547746774 0.06366765785015538
0 0.4571728371425191 0.5903406338196963 0.029368506667959694 0.035922089448421346
0 0.4571728371425191 0.5903406338196963 0.029368506667959694 0.035922089448421346
0 0.6790639415346658 0.5558346441312785 0.0235011439408634 0.04024556840173403
0 0.6790639415346658 0.5558346441312785 0.0235011439408634 0.04024556840173403
0 0.722256090017457 0.5039228046122699 0.06635806576151389 0.10805469468185844
0 0.722256090017457 0.5039228046122699 0.06635806576151389 0.10805469468185844
0 0.7741853807741217 0.48284373613994874 0.019610869395056164 0.0306885578783902
0 0.7741853807741217 0.48284373613994874 0.019610869395056164 0.0306885578783902