0 0.3640625 0.56953125 0.01171875 0.02890625
0 0.3640625 0.56953125 0.01171875 0.02890625
0 0.38359375 0.55078125 0.01484375 0.0390625
0 0.38359375 0.55078125 0.01484375 0.0390625
0 0.3859375 0.64296875 0.01015625 0.01953125
0 0.3859375 0.64296875 0.01015625 0.01953125
0 0.615625 0.54609375 0.015625 0.0421875
0 0.615625 0.54609375 0.015625 0.0421875
0 0.64453125 0.53828125 0.03515625 0.07265625
0 0.64453125 0.53828125 0.03515625 0.07265625
0 0.7328125 0.58828125 0.02578125 0.03828125
0 0.7328125 0.58828125 0.02578125 0.03828125