0 0.2984375 0.44453125 0.0390625 0.065625
0 0.2984375 0.44453125 0.0390625 0.065625
0 0.353125 0.4515625 0.0234375 0.06015625
0 0.353125 0.4515625 0.0234375 0.06015625
0 0.32890625 0.446875 0.02109375 0.06640625
0 0.32890625 0.446875 0.02109375 0.06640625
0 0.6078125 0.47734375 0.02890625 0.0796875
0 0.6078125 0.47734375 0.02890625 0.0796875
0 0.64453125 0.4703125 0.00625 0.02265625
0 0.64453125 0.4703125 0.00625 0.02265625
0 0.67578125 0.57109375 0.03046875 0.06875
0 0.67578125 0.57109375 0.03046875 0.06875
0 0.59296875 0.596875 0.01640625 0.03828125
0 0.59296875 0.596875 0.01640625 0.03828125
0 0.58203125 0.59375 0.01171875 0.0359375
0 0.58203125 0.59375 0.01171875 0.0359375
0 0.38671875 0.58828125 0.0265625 0.06796875
0 0.38671875 0.58828125 0.0265625 0.06796875
0 0.36171875 0.58359375 0.03671875 0.09296875
0 0.36171875 0.58359375 0.03671875 0.09296875