0 0.5790170466757184 0.240625 0.056983323637421535 0.028125
0 0.5790170466757184 0.240625 0.056983323637421535 0.028125
0 0.576656934407664 0.36484375 0.042028003333980025 0.0171875
0 0.576656934407664 0.36484375 0.042028003333980025 0.0171875
0 0.6043986524449909 0.5515625 0.022640274545807238 0.009375
0 0.6043986524449909 0.5515625 0.022640274545807238 0.009375
0 0.5719207344173624 0.62265625 0.0875636439408634 0.0390625
0 0.5719207344173624 0.62265625 0.0875636439408634 0.0390625
0 0.5573794865433943 0.75078125 0.06285068636451818 0.0234375
0 0.5573794865433943 0.75078125 0.06285068636451818 0.0234375
0 0.5550037856350086 0.76953125 0.04891573212215263 0.025
0 0.5550037856350086 0.76953125 0.04891573212215263 0.025
0 0.45844765002909504 0.7734375 0.03003818636451818 0.0234375
0 0.45844765002909504 0.7734375 0.03003818636451818 0.0234375
0 0.4413878247246834 0.73671875 0.03396041181871077 0.0140625
0 0.4413878247246834 0.73671875 0.03396041181871077 0.0140625
0 0.44338114623607316 0.63671875 0.03396041181871077 0.0140625
0 0.44338114623607316 0.63671875 0.03396041181871077 0.0140625
0 0.4584968657712122 0.3625 0.04021041181871077 0.0140625
0 0.4584968657712122 0.3625 0.04021041181871077 0.0140625
0 0.45219906834658763 0.35234375 0.029017820303441865 0.0109375
0 0.45219906834658763 0.35234375 0.029017820303441865 0.0109375
0 0.4477508133456179 0.3265625 0.06922823212215264 0.025
0 0.4477508133456179 0.3265625 0.06922823212215264 0.025
0 0.4442751269810999 0.303125 0.09186850666795969 0.034375
0 0.4442751269810999 0.303125 0.09186850666795969 0.034375
0 0.4879617409161442 0.1875 0.026785640606883376 0.021875
0 0.4879617409161442 0.1875 0.026785640606883376 0.021875
0 0.5738035171289415 0.20546875 0.05098841515269079 0.03125