0 0.23850605434038874 0.6722331047058129 0.03070647095570589 0.05515115016215581
0 0.23850605434038874 0.6722331047058129 0.03070647095570589 0.05515115016215581
0 0.3463786765408501 0.6217030450460105 0.04140717261537983 0.0522170649348082
0 0.3463786765408501 0.6217030450460105 0.04140717261537983 0.0522170649348082
0 0.7055886557949257 0.588858911926688 0.01451278589277134 0.026780688311602675
0 0.7055886557949257 0.588858911926688 0.01451278589277134 0.026780688311602675
0 0.6461921902378045 0.46422137621287307 0.017992983403260433 0.03152273538950343
0 0.6461921902378045 0.46422137621287307 0.017992983403260433 0.03152273538950343
0 0.6368055348438643 0.45388784820969585 0.021473180913749522 0.03626478246740419
0 0.6368055348438643 0.45388784820969585 0.021473180913749522 0.03626478246740419
0 0.6152973877482937 0.4589884054338663 0.026539189212119396 0.020748876623205348
0 0.6152973877482937 0.4589884054338663 0.026539189212119396 0.020748876623205348
0 0.5980982323543532 0.4485185097359373 0.021473180913749702 0.036264782467404014
0 0.5980982323543532 0.4485185097359373 0.021473180913749702 0.036264782467404014
0 0.5883680348438641 0.45304236850223534 0.01787458423309758 0.02996023538950343
0 0.5883680348438641 0.45304236850223534 0.01787458423309758 0.02996023538950343
0 0.33379801139864745 0.4986649655007057 0.023390878424238613 0.04097955600635448
0 0.33379801139864745 0.4986649655007057 0.023390878424238613 0.04097955600635448
0 0.32291971098372896 0.49769280072805333 0.018111382573423464 0.033085235389503434
0 0.32291971098372896 0.49769280072805333 0.018111382573423464 0.033085235389503434
0 0.279086277995387 0.5290013019458695 0.021473180913749522 0.03626478246740419
0 0.279086277995387 0.5290013019458695 0.021473180913749522 0.03626478246740419
0 0.27037412882522394 0.5304137974816425 0.01920028589277143 0.02686250892845372