0 0.29375 0.45625 0.021875 0.05234375
0 0.29375 0.45625 0.021875 0.05234375
0 0.30703125 0.46328125 0.02109375 0.05625
0 0.30703125 0.46328125 0.02109375 0.05625
0 0.41015625 0.50859375 0.015625 0.05234375
0 0.41015625 0.50859375 0.015625 0.05234375
0 0.425 0.51484375 0.0203125 0.0546875
0 0.425 0.51484375 0.0203125 0.0546875
0 0.61640625 0.54453125 0.015625 0.0640625
0 0.61640625 0.54453125 0.015625 0.0640625
0 0.665625 0.62734375 0.01171875 0.021875
0 0.665625 0.62734375 0.01171875 0.021875
0 0.65546875 0.63046875 0.0078125 0.02421875
0 0.65546875 0.63046875 0.0078125 0.02421875
0 0.6171875 0.6390625 0.0109375 0.03203125
0 0.6171875 0.6390625 0.0109375 0.03203125
0 0.609375 0.646875 0.00703125 0.028125
0 0.609375 0.646875 0.00703125 0.028125
0 0.56953125 0.6671875 0.01015625 0.02421875
0 0.56953125 0.6671875 0.01015625 0.02421875
0 0.33203125 0.61796875 0.01171875 0.021875
0 0.33203125 0.61796875 0.01171875 0.021875
0 0.27578125 0.5609375 0.03125 0.03984375