0 0.4296875 0.3146733415594064 0.0265625 0.02060594293276328
0 0.4296875 0.3146733415594064 0.0265625 0.02060594293276328
0 0.55234375 0.770302254513637 0.040625 0.03335320683834393
0 0.55234375 0.770302254513637 0.040625 0.03335320683834393
0 0.56875 0.7778823957368143 0.053125 0.04433688586552655
0 0.56875 0.7778823957368143 0.053125 0.04433688586552655
0 0.46640625 0.7990863362017556 0.021875 0.018440188297569902
0 0.46640625 0.7990863362017556 0.021875 0.018440188297569902
0 0.45546875 0.7937724920529707 0.0234375 0.018641273175967577
0 0.45546875 0.7937724920529707 0.0234375 0.018641273175967577
0 0.34296875 0.6847631308083262 0.05 0.03924721610873085
0 0.34296875 0.6847631308083262 0.05 0.03924721610873085
0 0.359375 0.3048432720315036 0.0765625 0.06454065904149422