0 0.4097320870311577 0.382698375300739 0.032013891832631994 0.02424298340326043
0 0.4097320870311577 0.382698375300739 0.032013891832631994 0.02424298340326043
0 0.39125739474303883 0.3092967640979398 0.012772818511654283 0.008759693361304244
0 0.39125739474303883 0.3092967640979398 0.012772818511654283 0.008759693361304244
0 0.37931046624991804 0.33903180828908097 0.014335318511654283 0.008878092531467274
0 0.37931046624991804 0.33903180828908097 0.014335318511654283 0.008878092531467274
0 0.37261403294747375 0.37460245538465153 0.014335318511654283 0.008878092531467274
0 0.37261403294747375 0.37460245538465153 0.014335318511654283 0.008878092531467274
0 0.4188714740544663 0.3664221798648423 0.03497520072563951 0.019792281743586493
0 0.4188714740544663 0.3664221798648423 0.03497520072563951 0.019792281743586493
0 0.3731224644358195 0.38235575579957004 0.019022818511654282 0.009233290041956365
0 0.3731224644358195 0.38235575579957004 0.019022818511654282 0.009233290041956365
0 0.41072163503957404 0.6444287806946793 0.012772818511654193 0.008759693361304244
0 0.41072163503957404 0.6444287806946793 0.012772818511654193 0.008759693361304244
0 0.4085961398488974 0.6383563794499238 0.014280754809323426 0.007315592531467274
0 0.4085961398488974 0.6383563794499238 0.014280754809323426 0.007315592531467274