0 0.5766114578662094 0.415668595561183 0.06425368969849785 0.048827976007467376
0 0.5766114578662094 0.415668595561183 0.06425368969849785 0.048827976007467376
0 0.5238214266524425 0.45279311493976715 0.02614791181871077 0.017427823490243098
0 0.5238214266524425 0.45279311493976715 0.02614791181871077 0.017427823490243098
0 0.5240287207430872 0.4599295312988373 0.02614791181871077 0.017427823490243098
0 0.5240287207430872 0.4599295312988373 0.02614791181871077 0.017427823490243098
0 0.4747299645341692 0.3672013034457904 0.021332866061076317 0.015234325335822429
0 0.4747299645341692 0.3672013034457904 0.021332866061076317 0.015234325335822429
0 0.46243725862481383 0.3726550580597389 0.04435577787978708 0.03224148338978505
0 0.46243725862481383 0.3726550580597389 0.04435577787978708 0.03224148338978505
0 0.43957384347212314 0.4011707327239165 0.04617336939505616 0.03557681610792525
0 0.43957384347212314 0.4011707327239165 0.04617336939505616 0.03557681610792525
0 0.437054750289864 0.4126791500057763 0.024840503333980024 0.020342490772102907
0 0.437054750289864 0.4126791500057763 0.024840503333980024 0.020342490772102907
0 0.4243953825617979 0.43230057097879493 0.024585411818710767 0.017217490772102904
0 0.4243953825617979 0.43230057097879493 0.024585411818710767 0.017217490772102904
0 0.3294662934624248 0.6469942677899259 0.024585411818710767 0.017217490772102904
0 0.3294662934624248 0.6469942677899259 0.024585411818710767 0.017217490772102904
0 0.3256079698250032 0.6749089350717856 0.031090503333979846 0.021183821644663682
0 0.3256079698250032 0.6749089350717856 0.031090503333979846 0.021183821644663682
0 0.3182100580062923 0.6881301041992247 0.05462359818322886 0.04444097969862622
0 0.3182100580062923 0.6881301041992247 0.05462359818322886 0.04444097969862622
0 0.3146865742171498 0.7216186878401547 0.03772314060688346 0.026712652517224454
0 0.3146865742171498 0.7216186878401547 0.03772314060688346 0.026712652517224454
0 0.31556354800435266 0.739902936917365 0.05774859818322886 0.044861645134906605
0 0.31556354800435266 0.739902936917365 0.05774859818322886 0.044861645134906605
0 0.3989501328516619 0.7827212364150753 0.027837957576345395 0.019200656208383293
0 0.3989501328516619 0.7827212364150753 0.027837957576345395 0.019200656208383293
0 0.4011503616398347 0.7751190691332155 0.024585411818710767 0.017217490772102904
0 0.4011503616398347 0.7751190691332155 0.024585411818710767 0.017217490772102904
0 0.4036853013383325 0.7343889027741455 0.03278054909161447 0.022956654362803874
0 0.4036853013383325 0.7343889027741455 0.03278054909161447 0.022956654362803874
0 0.401389348762957 0.723811987337865 0.022895366061076318 0.015444658053962713
0 0.401389348762957 0.723811987337865 0.022895366061076318 0.015444658053962713