0 0.4045956314113769 0.7154168413763683 0.0348660733209778 0.01787777894826057
0 0.4045956314113769 0.7154168413763683 0.0348660733209778 0.01787777894826057
0 0.4058952365835201 0.7004863804911805 0.04909226442797028 0.02412607488163978
0 0.4058952365835201 0.7004863804911805 0.04909226442797028 0.02412607488163978
0 0.43050585618363346 0.6642913039355484 0.030069445916316086 0.014232513637134047
0 0.43050585618363346 0.6642913039355484 0.030069445916316086 0.014232513637134047
0 0.43010655209994947 0.6534405148207361 0.047420637023308565 0.020827653111264333
0 0.43010655209994947 0.6534405148207361 0.047420637023308565 0.020827653111264333
0 0.4506472305930703 0.6223664926910426 0.04435020072563951 0.022043309570513436
0 0.4506472305930703 0.6223664926910426 0.04435020072563951 0.022043309570513436
0 0.4517558628070555 0.6129047818058548 0.028506945916316084 0.0140590918667586
0 0.4517558628070555 0.6129047818058548 0.028506945916316084 0.0140590918667586
0 0.4621402913001763 0.582958001183602 0.03163194591631609 0.014405935407509497
0 0.4621402913001763 0.582958001183602 0.03163194591631609 0.014405935407509497
0 0.48267107922660946 0.3293135879057859 0.0680605192372937 0.032457136126145515
0 0.48267107922660946 0.3293135879057859 0.0680605192372937 0.032457136126145515
0 0.453477141747814 0.2516187341984832 0.019022818511654195 0.009893561244505734
0 0.453477141747814 0.2516187341984832 0.019022818511654195 0.009893561244505734
0 0.45528517840830285 0.24441406242810776 0.020585318511654193 0.010066983014881181
0 0.45528517840830285 0.24441406242810776 0.020585318511654193 0.010066983014881181
0 0.5506621657944312 0.20970329532039136 0.030069445916316086 0.014232513637134047
0 0.5506621657944312 0.20970329532039136 0.030069445916316086 0.014232513637134047
0 0.5573536206964217 0.30779480381295077 0.025272818511654194 0.010587248326007704
0 0.5573536206964217 0.30779480381295077 0.025272818511654194 0.010587248326007704
0 0.5421179679791985 0.588089280009265 0.030069445916316086 0.014232513637134047
0 0.5421179679791985 0.588089280009265 0.030069445916316086 0.014232513637134047
0 0.5192583321370163 0.6855695521389584 0.044131945916316084 0.015793309570513437
0 0.5192583321370163 0.6855695521389584 0.044131945916316084 0.015793309570513437
0 0.5514210461094997 0.5668229602721998 0.01907738221398514 0.011456061244505733
0 0.5514210461094997 0.5668229602721998 0.01907738221398514 0.011456061244505733