0 0.46466142548954814 0.8276643457378295 0.061286110495108834 0.03870402778099056
0 0.46466142548954814 0.8276643457378295 0.061286110495108834 0.03870402778099056
0 0.4696751491811888 0.8193092050211593 0.03059755261671846 0.018570763890495102
0 0.4696751491811888 0.8193092050211593 0.03059755261671846 0.018570763890495102
0 0.5756396389401938 0.5070610288448896 0.03684755261671846 0.019190924709546843
0 0.5756396389401938 0.5070610288448896 0.03684755261671846 0.019190924709546843
0 0.6522021389401937 0.4994640588115072 0.028853042093374803 0.015290723685732388
0 0.6522021389401937 0.4994640588115072 0.028853042093374803 0.015290723685732388
0 0.6479241626177171 0.5069604294257959 0.03372255261671846 0.01888084430002106
0 0.6479241626177171 0.5069604294257959 0.03372255261671846 0.01888084430002106
0 0.6279665203408158 0.6904524634186726 0.06808214206513981 0.04869918860004212
0 0.6279665203408158 0.6904524634186726 0.06808214206513981 0.04869918860004212
0 0.6118325571019314 0.7777017561829718 0.07707771046687384 0.06978688962385675
0 0.6118325571019314 0.7777017561829718 0.07707771046687384 0.06978688962385675