0 0.460020140346991 0.20386605593573023 0.03850129549649317 0.01606135200509069
0 0.460020140346991 0.20386605593573023 0.03850129549649317 0.01606135200509069
0 0.48468017890365384 0.23324447326545766 0.07680233189368782 0.02899770401018138
0 0.48468017890365384 0.23324447326545766 0.07680233189368782 0.02899770401018138
0 0.5796494108619401 0.6029564419160038 0.01915051819859741 0.0064681760025454334
0 0.5796494108619401 0.6029564419160038 0.01915051819859741 0.0064681760025454334
0 0.5785177074381675 0.6084342825827767 0.01915051819859741 0.0064681760025454334
0 0.5785177074381675 0.6084342825827767 0.01915051819859741 0.0064681760025454334
0 0.5926791394241404 0.5458161039147311 0.025600777297895762 0.009665901336727244
0 0.5926791394241404 0.5458161039147311 0.025600777297895762 0.009665901336727244
0 0.6167452999723133 0.42609394991250404 0.03205103639719446 0.012863626670908878
0 0.6167452999723133 0.42609394991250404 0.03205103639719446 0.012863626670908878