0 0.4051559952469983 0.6602587193053207 0.04320634449948209 0.025071777594401646
0 0.4051559952469983 0.6602587193053207 0.04320634449948209 0.025071777594401646
0 0.40074247705003324 0.63718807220975 0.024019696856846906 0.014275987552445458
0 0.40074247705003324 0.63718807220975 0.024019696856846906 0.014275987552445458
0 0.4510315372224996 0.38227635187874415 0.030488020678164317 0.019437084233097403
0 0.4510315372224996 0.38227635187874415 0.030488020678164317 0.019437084233097403
0 0.46124344520421695 0.36501799689972236 0.03993579528527036 0.021709979254075584
0 0.46124344520421695 0.36501799689972236 0.03993579528527036 0.021709979254075584
0 0.3933496238640988 0.32459298382746776 0.01918664764263518 0.010795790041956277
0 0.3933496238640988 0.32459298382746776 0.01918664764263518 0.010795790041956277
0 0.4000919294884513 0.2976636309230383 0.020821922249741043 0.012476689212119307
0 0.4000919294884513 0.2976636309230383 0.020821922249741043 0.012476689212119307
0 0.35039583643671135 0.3715146054032291 0.01762414764263518 0.010677390871793336
0 0.35039583643671135 0.3715146054032291 0.01762414764263518 0.010677390871793336
0 0.3144924538906694 0.6878849666060283 0.03197774607105863 0.017992983403260433