0 0.5437831976050918 0.2742360982190265 0.05771434091247105 0.0385573858558109
0 0.5437831976050918 0.2742360982190265 0.05771434091247105 0.0385573858558109
0 0.5387310112943444 0.7632087069865321 0.024074169961943958 0.016716619106587772
0 0.5387310112943444 0.7632087069865321 0.024074169961943958 0.016716619106587772
0 0.5475157622829275 0.7589214673256143 0.023883168973360826 0.012029119106587771
0 0.5475157622829275 0.7589214673256143 0.023883168973360826 0.012029119106587771
0 0.5989283650583967 0.668953592842343 0.023883168973360826 0.012029119106587771
0 0.5989283650583967 0.668953592842343 0.023883168973360826 0.012029119106587771
0 0.6557300992782469 0.35067878184130696 0.024074169961943958 0.01671661910658786
0 0.6557300992782469 0.35067878184130696 0.024074169961943958 0.01671661910658786
0 0.6442315251716899 0.30631019768090717 0.03026050296574958 0.015445217535011314
0 0.6442315251716899 0.30631019768090717 0.03026050296574958 0.015445217535011314
0 0.6242691936507591 0.296770377788531 0.019132001977166267 0.010248295285270359
0 0.6242691936507591 0.296770377788531 0.019132001977166267 0.010248295285270359
0 0.6066015325860638 0.26933458250326076 0.027262836958138338 0.018424668320799586