0 0.5426904522863774 0.27514413919818614 0.026626132513557367 0.012950285892771429
0 0.5426904522863774 0.27514413919818614 0.026626132513557367 0.012950285892771429
0 0.5449023920797229 0.2976227904429416 0.017242042154477843 0.010677390871793247
0 0.5449023920797229 0.2976227904429416 0.017242042154477843 0.010677390871793247
0 0.5788592355620605 0.36689300869935504 0.03443863251355737 0.013542281743586492
0 0.5788592355620605 0.36689300869935504 0.03443863251355737 0.013542281743586492
0 0.5796904825369984 0.35824005911427353 0.03600113251355737 0.013660680913749524
0 0.5796904825369984 0.35824005911427353 0.03600113251355737 0.013660680913749524
0 0.5228263624182772 0.6022869796550608 0.026626132513557367 0.012950285892771519
0 0.5228263624182772 0.6022869796550608 0.026626132513557367 0.012950285892771519
0 0.6430161425707024 0.614263993552508 0.045439765027114734 0.025308575934727705
0 0.6430161425707024 0.614263993552508 0.045439765027114734 0.025308575934727705
0 0.6438701154433393 0.6017047939674265 0.028188632513557365 0.013068685062934548
0 0.6438701154433393 0.6017047939674265 0.028188632513557365 0.013068685062934548
0 0.6558524858566481 0.5555043001912038 0.021938632513557366 0.012595088382282427
0 0.6558524858566481 0.5555043001912038 0.021938632513557366 0.012595088382282427
0 0.634319416083828 0.22993653774364925 0.02820681323171641 0.016193685062934372
0 0.634319416083828 0.22993653774364925 0.02820681323171641 0.016193685062934372
0 0.6234364582383057 0.22139033193479038 0.034456813231716586 0.016667281743586494
0 0.6234364582383057 0.22139033193479038 0.034456813231716586 0.016667281743586494