0 0.3565314256394559 0.4630312229497228 0.04074467194503919 0.061230025918981565
0 0.3565314256394559 0.4630312229497228 0.04074467194503919 0.061230025918981565
0 0.372429210279192 0.47103921258213033 0.01648881802583091 0.031054510367592592
0 0.372429210279192 0.47103921258213033 0.01648881802583091 0.031054510367592592
0 0.4641824527573446 0.528803902968473 0.015244566772189749 0.04185530933083328
0 0.4641824527573446 0.528803902968473 0.015244566772189749 0.04185530933083328
0 0.5958536530739138 0.6394694179542141 0.021449102665567033 0.04083961347787035
0 0.5958536530739138 0.6394694179542141 0.021449102665567033 0.04083961347787035
0 0.5815782044066973 0.660299327803427 0.019659282132453625 0.03289041244111104
0 0.5815782044066973 0.660299327803427 0.019659282132453625 0.03289041244111104
0 0.3497993555020539 0.6085193802070377 0.023193459092057722 0.047226314514629664
0 0.3497993555020539 0.6085193802070377 0.023193459092057722 0.047226314514629664
0 0.25817414515635495 0.5820730403390746 0.013045569279472247 0.019843608294074146
0 0.25817414515635495 0.5820730403390746 0.013045569279472247 0.019843608294074146
0 0.3059895195295343 0.5833724087179173 0.015153638558944315 0.03873030933083328
0 0.3059895195295343 0.5833724087179173 0.015153638558944315 0.03873030933083328
0 0.2524864348106559 0.5481081434493523 0.0394094924781526 0.06890582488222208