0 0.31328125 0.57734375 0.0078125 0.04375
0 0.31328125 0.57734375 0.0078125 0.04375
0 0.69609375 0.65625 0.00625 0.01875
0 0.69609375 0.65625 0.00625 0.01875
0 0.68828125 0.65390625 0.00546875 0.0140625
0 0.68828125 0.65390625 0.00546875 0.0140625
0 0.63984375 0.66328125 0.00546875 0.01875
0 0.63984375 0.66328125 0.00546875 0.01875
0 0.63671875 0.66015625 0.0046875 0.02265625
0 0.63671875 0.66015625 0.0046875 0.02265625
0 0.60078125 0.67421875 0.00703125 0.0125
0 0.60078125 0.67421875 0.00703125 0.0125
0 0.34609375 0.671875 0.0109375 0.0265625
0 0.34609375 0.671875 0.0109375 0.0265625
0 0.334375 0.67734375 0.00859375 0.01953125
0 0.334375 0.67734375 0.00859375 0.01953125
0 0.28359375 0.6703125 0.0046875 0.02421875
0 0.28359375 0.6703125 0.0046875 0.02421875
0 0.27890625 0.66953125 0.00625 0.0265625
0 0.27890625 0.66953125 0.00625 0.0265625