0 0.37265625 0.60703125 0.01171875 0.0171875
0 0.37265625 0.60703125 0.01171875 0.0171875
0 0.3921875 0.61328125 0.02578125 0.03125
0 0.3921875 0.61328125 0.02578125 0.03125
0 0.3859375 0.66796875 0.00859375 0.0203125
0 0.3859375 0.66796875 0.00859375 0.0203125
0 0.3140625 0.6625 0.01171875 0.0109375
0 0.3140625 0.6625 0.01171875 0.0109375
0 0.34375 0.67265625 0.01015625 0.0140625
0 0.34375 0.67265625 0.01015625 0.0140625
0 0.41328125 0.66640625 0.00625 0.0140625
0 0.41328125 0.66640625 0.00625 0.0140625
0 0.53515625 0.62734375 0.015625 0.01953125
0 0.53515625 0.62734375 0.015625 0.01953125
0 0.68046875 0.61875 0.00625 0.0171875
0 0.68046875 0.61875 0.00625 0.0171875