0 0.35 0.5121459941331087 0.03125 0.07966330409525817
0 0.35 0.5121459941331087 0.03125 0.07966330409525817
0 0.371875 0.527162931266428 0.01875 0.047172982457154865
0 0.371875 0.527162931266428 0.01875 0.047172982457154865
0 0.62109375 0.5860277686067443 0.0078125 0.022650201023814633
0 0.62109375 0.5860277686067443 0.0078125 0.022650201023814633
0 0.5890625 0.6001435928043838 0.0140625 0.04202036184286619
0 0.5890625 0.6001435928043838 0.0140625 0.04202036184286619
0 0.63125 0.5904887572757853 0.0109375 0.02296028143334041
0 0.63125 0.5904887572757853 0.0109375 0.02296028143334041
0 0.5703125 0.6090353252615387 0.0109375 0.026085281433340414
0 0.5703125 0.6090353252615387 0.0109375 0.026085281433340414
0 0.3828125 0.6159213998330877 0.0109375 0.026085281433340414
0 0.3828125 0.6159213998330877 0.0109375 0.026085281433340414
0 0.24765625 0.5668323775450791 0.0109375 0.024522781433340413
0 0.24765625 0.5668323775450791 0.0109375 0.024522781433340413
0 0.29375 0.5911649415045733 0.0109375 0.02296028143334041