0 0.31833732643728146 0.5748788801605549 0.03189845318850333 0.04478481969842587
0 0.31833732643728146 0.5748788801605549 0.03189845318850333 0.04478481969842587
0 0.3419043012225108 0.604409846748703 0.025239017412854548 0.0364255155513888
0 0.3419043012225108 0.604409846748703 0.025239017412854548 0.0364255155513888
0 0.36822113975712156 0.6114212643736103 0.02203213025772479 0.03458961347787035
0 0.36822113975712156 0.6114212643736103 0.02203213025772479 0.03458961347787035
0 0.46237285221787905 0.761713081762962 0.04439180913596843 0.0754292269557407
0 0.46237285221787905 0.761713081762962 0.04439180913596843 0.0754292269557407
0 0.5804179245828307 0.5609208527809711 0.03962242198083885 0.07345662384546295
0 0.5804179245828307 0.5609208527809711 0.03962242198083885 0.07345662384546295
0 0.881090711217562 0.46950149821009085 0.055411196291098364 0.07794863421305553
0 0.881090711217562 0.46950149821009085 0.055411196291098364 0.07794863421305553
0 0.8557698066495778 0.503388482658702 0.047680583446228296 0.07882762902925933
0 0.8557698066495778 0.503388482658702 0.047680583446228296 0.07882762902925933
0 0.9069837466090981 0.6044034699820353 0.04003850180902226 0.051718324882222076
0 0.9069837466090981 0.6044034699820353 0.04003850180902226 0.051718324882222076
0 0.8589280269122513 0.6527828899160169 0.016853307326946166 0.02480451036759259
0 0.8589280269122513 0.6527828899160169 0.016853307326946166 0.02480451036759259
0 0.8472092769122513 0.6517576321403225 0.020469630257724702 0.03445291244111104
0 0.8472092769122513 0.6517576321403225 0.020469630257724702 0.03445291244111104