0 0.3603497783926044 0.6066672410575519 0.011537700725639333 0.018530456134875452
0 0.3603497783926044 0.6066672410575519 0.011537700725639333 0.018530456134875452
0 0.36916178320192783 0.6139724208778112 0.013209328130301045 0.021847307011286433
0 0.36916178320192783 0.6139724208778112 0.013209328130301045 0.021847307011286433
0 0.6827555464487718 0.7504923198453527 0.0285813569862416 0.06107396489898349
0 0.6827555464487718 0.7504923198453527 0.0285813569862416 0.06107396489898349
0 0.5504440434535468 0.7708078199122304 0.02976191106992552 0.050328315775394115
0 0.5504440434535468 0.7708078199122304 0.02976191106992552 0.050328315775394115
0 0.3048016720393349 0.6644125086303527 0.010029764427970277 0.019901105258464825
0 0.3048016720393349 0.6644125086303527 0.010029764427970277 0.019901105258464825
0 0.2992237946346732 0.660616030562915 0.011865082939624561 0.02790545613487545
0 0.2992237946346732 0.660616030562915 0.011865082939624561 0.02790545613487545