0 0.22004225088376278 0.5887943155388197 0.03786361436318471 0.06337282218833344
0 0.22004225088376278 0.5887943155388197 0.03786361436318471 0.06337282218833344
0 0.4341598139190876 0.4500084917349657 0.02842498184962743 0.05221711664125017
0 0.4341598139190876 0.4500084917349657 0.02842498184962743 0.05221711664125017
0 0.45375924161218484 0.43874433662472256 0.03470225292686635 0.05705008700597212
0 0.45375924161218484 0.43874433662472256 0.03470225292686635 0.05705008700597212
0 0.46709048858712265 0.43045971114975734 0.020521578258831143 0.03641027868534721
0 0.46709048858712265 0.43045971114975734 0.020521578258831143 0.03641027868534721
0 0.5867035518188392 0.41917933187506995 0.020521578258831143 0.03641027868534721
0 0.5867035518188392 0.41917933187506995 0.020521578258831143 0.03641027868534721
0 0.5984223018188393 0.4194520888089241 0.015779536104353474 0.026926175911805572
0 0.5984223018188393 0.4194520888089241 0.015779536104353474 0.026926175911805572
0 0.6498671480316514 0.3065715355222922 0.026826120413308986 0.04593074905006951
0 0.6498671480316514 0.3065715355222922 0.026826120413308986 0.04593074905006951
0 0.5615131751590143 0.31701676662059075 0.01895907825883114 0.036373911094166725
0 0.5615131751590143 0.31701676662059075 0.01895907825883114 0.036373911094166725