0 0.44782123290005044 0.30812352272837984 0.053638452229573017 0.032389776119281774
0 0.44782123290005044 0.30812352272837984 0.053638452229573017 0.032389776119281774
0 0.3867748362345747 0.4241889360027914 0.03924817029858776 0.02696529172311397
0 0.3867748362345747 0.4241889360027914 0.03924817029858776 0.02696529172311397
0 0.3647305914303548 0.46115002544191325 0.0436078883676025 0.02252345318850324
0 0.3647305914303548 0.46115002544191325 0.0436078883676025 0.02252345318850324
0 0.3603437401895175 0.5127534690194782 0.03837408514929388 0.014465291723114148
0 0.3603437401895175 0.5127534690194782 0.03837408514929388 0.014465291723114148
0 0.35455256209725955 0.4842566547951269 0.05040419158591121 0.030663501809022265
0 0.35455256209725955 0.4842566547951269 0.05040419158591121 0.030663501809022265
0 0.3807712186500925 0.5879648309598373 0.043826409654926034 0.02564845318850324
0 0.3807712186500925 0.5879648309598373 0.043826409654926034 0.02564845318850324
0 0.40024248448953426 0.6211934107880207 0.01617130321830871 0.008631371551297562
0 0.40024248448953426 0.6211934107880207 0.01617130321830871 0.008631371551297562
0 0.4199104922832045 0.6738713534610744 0.024202324505632155 0.012165807326946165
0 0.4199104922832045 0.6738713534610744 0.024202324505632155 0.012165807326946165
0 0.29070359352404174 0.6292692616471033 0.08808986188449897 0.057546906377006476
0 0.29070359352404174 0.6292692616471033 0.08808986188449897 0.057546906377006476
0 0.28747468671910725 0.5975246166900575 0.037030106436617326 0.017508404567984213
0 0.28747468671910725 0.5975246166900575 0.037030106436617326 0.017508404567984213
0 0.2974888250867098 0.5767617373368438 0.027545845792955603 0.015454581637205677
0 0.2974888250867098 0.5767617373368438 0.027545845792955603 0.015454581637205677
0 0.2910585086268494 0.5685364795349278 0.01617130321830871 0.008631371551297562
0 0.2910585086268494 0.5685364795349278 0.01617130321830871 0.008631371551297562
0 0.3309397354979405 0.33215192220798145 0.01617130321830871 0.008631371551297562
0 0.3309397354979405 0.33215192220798145 0.01617130321830871 0.008631371551297562
0 0.3211494722563887 0.3163188822938897 0.047169930942249486 0.028937227498762753
0 0.3211494722563887 0.3163188822938897 0.047169930942249486 0.028937227498762753
0 0.3408117622331456 0.29115843000989755 0.04895095222957293 0.03214411465389251
0 0.3408117622331456 0.29115843000989755 0.04895095222957293 0.03214411465389251