0 0.328125 0.46640625 0.0078125 0.0421875
0 0.328125 0.46640625 0.0078125 0.0421875
0 0.34140625 0.46953125 0.021875 0.065625
0 0.34140625 0.46953125 0.021875 0.065625
0 0.3703125 0.4859375 0.00859375 0.02109375
0 0.3703125 0.4859375 0.00859375 0.02109375
0 0.45390625 0.53203125 0.00625 0.0171875
0 0.45390625 0.53203125 0.00625 0.0171875
0 0.48125 0.51171875 0.0078125 0.0390625
0 0.48125 0.51171875 0.0078125 0.0390625
0 0.49140625 0.5359375 0.0109375 0.02421875
0 0.49140625 0.5359375 0.0109375 0.02421875
0 0.51171875 0.53828125 0.01328125 0.0171875
0 0.51171875 0.53828125 0.01328125 0.0171875
0 0.60625 0.4984375 0.0078125 0.03359375
0 0.60625 0.4984375 0.0078125 0.03359375
0 0.64140625 0.4921875 0.01015625 0.0296875
0 0.64140625 0.4921875 0.01015625 0.0296875
0 0.71953125 0.53203125 0.04296875 0.07265625
0 0.71953125 0.53203125 0.04296875 0.07265625
0 0.628125 0.56484375 0.0078125 0.025
0 0.628125 0.56484375 0.0078125 0.025
0 0.63515625 0.5609375 0.00703125 0.02109375
0 0.63515625 0.5609375 0.00703125 0.02109375
0 0.365625 0.575 0.0109375 0.02734375
0 0.365625 0.575 0.0109375 0.02734375
0 0.27109375 0.5625 0.0109375 0.01953125
0 0.27109375 0.5625 0.0109375 0.01953125