0 0.5266032243173597 0.7040425754193746 0.0675579383600926 0.05926720364722229
0 0.5266032243173597 0.7040425754193746 0.0675579383600926 0.05926720364722229
0 0.48905470617407276 0.6775170962209371 0.027519407257314655 0.011555749050069508
0 0.48905470617407276 0.6775170962209371 0.027519407257314655 0.011555749050069508
0 0.40467368689949 0.34833939570784694 0.05076141762490742 0.027689895326597203
0 0.40467368689949 0.34833939570784694 0.05076141762490742 0.027689895326597203
0 0.3995569599437494 0.3077507632990275 0.11640554147037019 0.06508209897381949
0 0.3995569599437494 0.3077507632990275 0.11640554147037019 0.06508209897381949
0 0.4254851814328699 0.26409102906659687 0.06339811866166656 0.029543336056041713
0 0.4254851814328699 0.26409102906659687 0.06339811866166656 0.029543336056041713
0 0.4985802203113419 0.3211027888502427 0.019706907257314655 0.011373911094166722