0 0.2952867820641413 0.4855292226060911 0.03314569994353027 0.06162458423309758
0 0.2952867820641413 0.4855292226060911 0.03314569994353027 0.06162458423309758
0 0.3143175031249461 0.4926429829790532 0.014957142065139895 0.043134693361304245
0 0.3143175031249461 0.4926429829790532 0.014957142065139895 0.043134693361304245
0 0.3313846348079167 0.6002419954266078 0.011013094710093263 0.028835395020978184
0 0.3313846348079167 0.6002419954266078 0.011013094710093263 0.028835395020978184
0 0.35887259797621374 0.6090483103636734 0.019098610495108838 0.034114890871793334
0 0.35887259797621374 0.6090483103636734 0.019098610495108838 0.034114890871793334
0 0.5480639005929322 0.5791562103590291 0.009268584186749607 0.025591995850815154
0 0.5480639005929322 0.5791562103590291 0.009268584186749607 0.025591995850815154
0 0.5708944558404866 0.5610923719767467 0.009268584186749607 0.025591995850815154
0 0.5708944558404866 0.5610923719767467 0.009268584186749607 0.025591995850815154
0 0.5784262347796818 0.551965825711013 0.014320105233436919 0.03219719336130424
0 0.5784262347796818 0.551965825711013 0.014320105233436919 0.03219719336130424
0 0.60021022951801 0.5518707373287308 0.017445105233436918 0.032433991701630305
0 0.60021022951801 0.5518707373287308 0.017445105233436918 0.032433991701630305
0 0.6306712742422207 0.5363399030956333 0.060056810438639016 0.09633147095570589
0 0.6306712742422207 0.5363399030956333 0.060056810438639016 0.09633147095570589
0 0.6657882688393745 0.3874521172028619 0.012302578925077867 0.024266294191141215
0 0.6657882688393745 0.3874521172028619 0.012302578925077867 0.024266294191141215
0 0.6694137977785697 0.3786215688625359 0.00917757892507769 0.024029495850815152
0 0.6694137977785697 0.3786215688625359 0.00917757892507769 0.024029495850815152
0 0.6224254057134297 0.424183445212182 0.00963260523343692 0.03184199585081515
0 0.6224254057134297 0.424183445212182 0.00963260523343692 0.03184199585081515
0 0.6159023899284142 0.4293445418928341 0.011013094710093263 0.028835395020978184
0 0.6159023899284142 0.4293445418928341 0.011013094710093263 0.028835395020978184
0 0.5840230583725006 0.455872075711013 0.020008663111827297 0.049739890871793334
0 0.5840230583725006 0.455872075711013 0.020008663111827297 0.049739890871793334
0 0.5610937925874849 0.462276363678377 0.012393584186749606 0.025828794191141213
0 0.5610937925874849 0.462276363678377 0.012393584186749606 0.025828794191141213
0 0.5089551689381965 0.5027838871235938 0.014866136803468067 0.041572193361304244
0 0.5089551689381965 0.5027838871235938 0.014866136803468067 0.041572193361304244
0 0.5269617162932432 0.4874189962518004 0.009086573663405772 0.02246699585081515
0 0.5269617162932432 0.4874189962518004 0.009086573663405772 0.02246699585081515
0 0.4875961084289703 0.522291826335713 0.039850726251889415 0.0699106809137497
0 0.4875961084289703 0.522291826335713 0.039850726251889415 0.0699106809137497
0 0.4479798715831499 0.5214047551748701 0.04059417889684287 0.05596658008391273
0 0.4479798715831499 0.5214047551748701 0.04059417889684287 0.05596658008391273
0 0.4175944215690325 0.5089289885781306 0.02920165258848364 0.04732528589277134
0 0.4175944215690325 0.5089289885781306 0.02920165258848364 0.04732528589277134