0 0.3041142056748941 0.540625 0.014874727498762752 0.0453125
0 0.3041142056748941 0.540625 0.014874727498762752 0.0453125
0 0.41363529059146026 0.4390625 0.021206614653892685 0.046875
0 0.41363529059146026 0.4390625 0.021206614653892685 0.046875
0 0.5786494589542546 0.4125 0.00977779172311415 0.0375
0 0.5786494589542546 0.4125 0.00977779172311415 0.0375
0 0.6264218956344144 0.44453125 0.024822937584671044 0.05625
0 0.6264218956344144 0.44453125 0.024822937584671044 0.05625
0 0.6468539043408417 0.46171875 0.02358798620519007 0.0625
0 0.6468539043408417 0.46171875 0.02358798620519007 0.0625
0 0.7635567254625979 0.42265625 0.02087906603337366 0.040625
0 0.7635567254625979 0.42265625 0.02087906603337366 0.040625
0 0.7231840309805218 0.39765625 0.011012743102595124 0.03125
0 0.7231840309805218 0.39765625 0.011012743102595124 0.03125
0 0.7151258695151326 0.39296875 0.009450243102595124 0.03125
0 0.7151258695151326 0.39296875 0.009450243102595124 0.03125
0 0.6693253686106214 0.36875 0.018907130257724704 0.0328125
0 0.6693253686106214 0.36875 0.018907130257724704 0.0328125
0 0.6586777956798429 0.359375 0.013973968792335612 0.028125
0 0.6586777956798429 0.359375 0.013973968792335612 0.028125
0 0.297361837402957 0.396875 0.027129066033373485 0.040625