0 0.5053468953663236 0.3919959859780474 0.08655823821317572 0.05129690637700657
0 0.5053468953663236 0.3919959859780474 0.08655823821317572 0.05129690637700657
0 0.5736537855653606 0.2856884322691458 0.030342471463952768 0.015618355947465279
0 0.5736537855653606 0.2856884322691458 0.030342471463952768 0.015618355947465279
0 0.6063421610820893 0.33494148179417593 0.032050520678164315 0.018825243102595035
0 0.6063421610820893 0.33494148179417593 0.032050520678164315 0.018825243102595035
0 0.6329795897419711 0.371407926276252 0.027363020678164318 0.018579581637205855
0 0.6329795897419711 0.371407926276252 0.027363020678164318 0.018579581637205855
0 0.6105202388323482 0.32424964325956523 0.02423802067816432 0.018415807326946254
0 0.6105202388323482 0.32424964325956523 0.02423802067816432 0.018415807326946254
0 0.7016419683590717 0.7077858395506635 0.08841183664159917 0.057628793532136416