0 0.2765625 0.48046875 0.02890625 0.0671875
0 0.2765625 0.48046875 0.02890625 0.0671875
0 0.303125 0.51484375 0.01640625 0.03515625
0 0.303125 0.51484375 0.01640625 0.03515625
0 0.67890625 0.5390625 0.03359375 0.07421875
0 0.67890625 0.5390625 0.03359375 0.07421875
0 0.74765625 0.44765625 0.03046875 0.04296875
0 0.74765625 0.44765625 0.03046875 0.04296875
0 0.68671875 0.60390625 0.0328125 0.0484375
0 0.68671875 0.60390625 0.0328125 0.0484375
0 0.596875 0.6421875 0.0265625 0.028125
0 0.596875 0.6421875 0.0265625 0.028125
0 0.28359375 0.58671875 0.02265625 0.059375