0 0.2648161237989801 0.6892178115048029 0.03689440725731483 0.015350070157448137
0 0.2648161237989801 0.6892178115048029 0.03689440725731483 0.015350070157448137
0 0.28061607252666515 0.7615042062463381 0.030781108294074055 0.0161451666518051
0 0.28061607252666515 0.7615042062463381 0.030781108294074055 0.0161451666518051
0 0.17699632917106384 0.4796905000668776 0.043964613477870354 0.025492473663091354
0 0.17699632917106384 0.4796905000668776 0.043964613477870354 0.025492473663091354
0 0.25241811979296236 0.3038153246732572 0.027929510367592593 0.0188864648989834
0 0.25241811979296236 0.3038153246732572 0.027929510367592593 0.0188864648989834
0 0.2617835578702309 0.2845036185383817 0.04240211347787035 0.02530062278668055
0 0.2617835578702309 0.2845036185383817 0.04240211347787035 0.02530062278668055
0 0.23248632860541601 0.3196865615048029 0.031327912441111036 0.02239516665180492