0 0.5506711239293504 0.31967036000099863 0.07686248184962743 0.05602175782192065
0 0.5506711239293504 0.31967036000099863 0.07686248184962743 0.05602175782192065
0 0.41383718179831375 0.7345001574972196 0.07530907220870695 0.05749325256024882
0 0.41383718179831375 0.7345001574972196 0.07530907220870695 0.05749325256024882
0 0.33091611837020546 0.6140063759977756 0.040761355386194256 0.025803636803468068
0 0.33091611837020546 0.6140063759977756 0.040761355386194256 0.025803636803468068
0 0.335780880372258 0.5838106417827913 0.03293067466803503 0.022223610495108837
0 0.335780880372258 0.5838106417827913 0.03293067466803503 0.022223610495108837
0 0.42445808187306844 0.3865631864364148 0.02667158430895533 0.020297089448421436
0 0.42445808187306844 0.3865631864364148 0.02667158430895533 0.020297089448421436
0 0.4260842143866258 0.37571669169808664 0.018822722872636886 0.013592063140062205
0 0.4260842143866258 0.37571669169808664 0.018822722872636886 0.013592063140062205