0 0.33671875 0.54609375 0.02578125 0.05
0 0.33671875 0.54609375 0.02578125 0.05
0 0.4546875 0.5875 0.02109375 0.0359375
0 0.4546875 0.5875 0.02109375 0.0359375
0 0.49296875 0.603125 0.01640625 0.03984375
0 0.49296875 0.603125 0.01640625 0.03984375
0 0.54375 0.5984375 0.01015625 0.03828125
0 0.54375 0.5984375 0.01015625 0.03828125
0 0.51640625 0.609375 0.0234375 0.04609375
0 0.51640625 0.609375 0.0234375 0.04609375
0 0.61796875 0.56484375 0.01875 0.03984375
0 0.61796875 0.56484375 0.01875 0.03984375
0 0.64921875 0.5390625 0.00703125 0.01640625
0 0.64921875 0.5390625 0.00703125 0.01640625
0 0.70078125 0.51015625 0.00859375 0.02265625
0 0.70078125 0.51015625 0.00859375 0.02265625
0 0.66328125 0.64765625 0.0453125 0.0796875
0 0.66328125 0.64765625 0.0453125 0.0796875
0 0.63203125 0.65625 0.0125 0.03515625
0 0.63203125 0.65625 0.0125 0.03515625
0 0.6109375 0.65 0.0109375 0.02578125
0 0.6109375 0.65 0.0109375 0.02578125
0 0.603125 0.6578125 0.00703125 0.01640625
0 0.603125 0.6578125 0.00703125 0.01640625
0 0.36640625 0.659375 0.00546875 0.01484375
0 0.36640625 0.659375 0.00546875 0.01484375
0 0.3515625 0.671875 0.02109375 0.04453125
0 0.3515625 0.671875 0.02109375 0.04453125
0 0.32578125 0.65625 0.02578125 0.04453125
0 0.32578125 0.65625 0.02578125 0.04453125