0 0.70703125 0.54140625 0.025 0.06640625
0 0.70703125 0.54140625 0.025 0.06640625
0 0.64921875 0.6546875 0.01171875 0.03359375
0 0.64921875 0.6546875 0.01171875 0.03359375
0 0.6390625 0.65859375 0.01015625 0.02421875
0 0.6390625 0.65859375 0.01015625 0.02421875
0 0.61875 0.65859375 0.009375 0.0125
0 0.61875 0.65859375 0.009375 0.0125
0 0.365625 0.55625 0.02265625 0.05078125
0 0.365625 0.55625 0.02265625 0.05078125
0 0.34609375 0.553125 0.0234375 0.05546875
0 0.34609375 0.553125 0.0234375 0.05546875
0 0.3125 0.54921875 0.01015625 0.03671875
0 0.3125 0.54921875 0.01015625 0.03671875
0 0.26171875 0.5296875 0.0109375 0.0265625
0 0.26171875 0.5296875 0.0109375 0.0265625
0 0.240625 0.6203125 0.053125 0.03671875
0 0.240625 0.6203125 0.053125 0.03671875
0 0.2734375 0.6328125 0.0078125 0.025
0 0.2734375 0.6328125 0.0078125 0.025
0 0.3328125 0.65703125 0.01640625 0.0296875
0 0.3328125 0.65703125 0.01640625 0.0296875
0 0.321875 0.65390625 0.01015625 0.02265625
0 0.321875 0.65390625 0.01015625 0.02265625