0 0.42972833396874943 0.7605347327825838 0.05207164627652787 0.028510800987128705
0 0.42972833396874943 0.7605347327825838 0.05207164627652787 0.028510800987128705
0 0.43158308111895777 0.6808472327825837 0.03001480832062491 0.01788311268955898
0 0.43158308111895777 0.6808472327825837 0.03001480832062491 0.01788311268955898
0 0.3808265470183678 0.3365877998426647 0.05029094072944442 0.01893471610873094
0 0.3808265470183678 0.3365877998426647 0.05029094072944442 0.01893471610873094
0 0.5986303364372914 0.43905897525756143 0.06151938145888884 0.03284231025751581
0 0.5986303364372914 0.43905897525756143 0.06151938145888884 0.03284231025751581
0 0.615145036000451 0.4701771589199376 0.0440409407294446 0.018130376595139452
0 0.615145036000451 0.4701771589199376 0.0440409407294446 0.018130376595139452
0 0.5704988043334717 0.7723823718383895 0.015879573138263936 0.012948348783978325