0 0.18405374483271347 0.4789624360279987 0.03274403349844599 0.06597044533736351
0 0.18405374483271347 0.4789624360279987 0.03274403349844599 0.06597044533736351
0 0.20689193135047815 0.47531981536440765 0.015954639784752266 0.040788632001908985
0 0.20689193135047815 0.47531981536440765 0.015954639784752266 0.040788632001908985
0 0.3026731581911143 0.5334964893777707 0.01402826674922295 0.03295795066836362
0 0.3026731581911143 0.5334964893777707 0.01402826674922295 0.03295795066836362
0 0.29344370740532605 0.530262401376498 0.013737168320799497 0.026707950668363623
0 0.29344370740532605 0.530262401376498 0.013737168320799497 0.026707950668363623
0 0.37136965426217294 0.5186623773869975 0.015736315963434677 0.03610113200190899
0 0.37136965426217294 0.5186623773869975 0.015736315963434677 0.03610113200190899
0 0.44654728267438576 0.5828526940642698 0.010393844499482085 0.02198408800127254
0 0.44654728267438576 0.5828526940642698 0.010393844499482085 0.02198408800127254
0 0.4402972826743857 0.582779968730088 0.010612168320799498 0.026671588001272718
0 0.4402972826743857 0.582779968730088 0.010612168320799498 0.026671588001272718
0 0.568514327959656 0.5655117474140418 0.01380994292790554 0.028270450668363624
0 0.568514327959656 0.5655117474140418 0.01380994292790554 0.028270450668363624
0 0.5789252890845266 0.5601611760820872 0.011883569892376045 0.02043976933481808
0 0.5789252890845266 0.5601611760820872 0.011883569892376045 0.02043976933481808
0 0.7349420026905964 0.5166395374363135 0.037140435070022446 0.05977498933799978
0 0.7349420026905964 0.5166395374363135 0.037140435070022446 0.05977498933799978
0 0.7207446079434453 0.6368520401018135 0.03982878742738727 0.05043635200509069
0 0.7207446079434453 0.6368520401018135 0.03982878742738727 0.05043635200509069
0 0.6437604228734227 0.6953634267584048 0.01380994292790536 0.028270450668363624
0 0.6437604228734227 0.6953634267584048 0.01380994292790536 0.028270450668363624
0 0.5820416728734228 0.6946452640833598 0.008685795285270359 0.018840906667727354