0 0.3873548025947722 0.47721736468395043 0.026339101517208797 0.056473140606883555
0 0.3873548025947722 0.47721736468395043 0.026339101517208797 0.056473140606883555
0 0.6911333778991837 0.4893835563393024 0.009343049091614476 0.01938772878817261
0 0.6911333778991837 0.4893835563393024 0.009343049091614476 0.01938772878817261
0 0.7176321050203665 0.48643402845951533 0.01766573212215263 0.026275457576345217
0 0.7176321050203665 0.48643402845951533 0.01766573212215263 0.026275457576345217
0 0.7386940330499348 0.46505336497381455 0.011670823637421534 0.028890274545807237
0 0.7386940330499348 0.46505336497381455 0.011670823637421534 0.028890274545807237
0 0.7501576915346657 0.46097177179155546 0.019993506667959692 0.03577800333398003
0 0.7501576915346657 0.46097177179155546 0.019993506667959692 0.03577800333398003
0 0.7843570904764989 0.5234559252753166 0.011160640606883376 0.022640274545807238
0 0.7843570904764989 0.5234559252753166 0.011160640606883376 0.022640274545807238
0 0.6765284860843522 0.5802316969461858 0.011415732122152633 0.025765274545807237
0 0.6765284860843522 0.5802316969461858 0.011415732122152633 0.025765274545807237
0 0.6413562606301595 0.5925402493717802 0.012723140606883376 0.02276782030344169
0 0.6413562606301595 0.5925402493717802 0.012723140606883376 0.02276782030344169
0 0.6142676021454285 0.5978973001303846 0.012723140606883376 0.022767820303441866
0 0.6142676021454285 0.5978973001303846 0.012723140606883376 0.022767820303441866
0 0.3545260692646716 0.5664072815036312 0.029719193032477786 0.059853232122152634
0 0.3545260692646716 0.5664072815036312 0.029719193032477786 0.059853232122152634
0 0.3230209777494025 0.5658331966563217 0.04933006242753395 0.0909437354561323
0 0.3230209777494025 0.5658331966563217 0.04933006242753395 0.0909437354561323
0 0.3036332489612299 0.5595512457479362 0.01868609818322877 0.038775457576345394
0 0.3036332489612299 0.5595512457479362 0.01868609818322877 0.038775457576345394
0 0.2572207635050974 0.5208712540828859 0.016230777879787085 0.027710411818710767