0 0.5903821515322798 0.7969793145360802 0.019514824505632154 0.012358290041956366
0 0.5903821515322798 0.7969793145360802 0.019514824505632154 0.012358290041956366
0 0.5937531699696116 0.7451683608018138 0.0431708457929556 0.017259277594401823
0 0.5937531699696116 0.7451683608018138 0.0431708457929556 0.017259277594401823
0 0.5830288374182079 0.7140484153659172 0.03390510643661741 0.018111382573423464
0 0.5830288374182079 0.7140484153659172 0.03390510643661741 0.018111382573423464
0 0.6294396616717384 0.6553963883962155 0.061450952229573017 0.0341866684661948
0 0.6294396616717384 0.6553963883962155 0.061450952229573017 0.0341866684661948
0 0.6250646100429136 0.3372267288530903 0.030998627723940863 0.0209995842330974
0 0.6250646100429136 0.3372267288530903 0.030998627723940863 0.0209995842330974
0 0.666782216479531 0.35593010727732893 0.04059214901126431 0.024834979254075584
0 0.666782216479531 0.35593010727732893 0.04059214901126431 0.024834979254075584
0 0.7015721157428968 0.4533737923402633 0.037139367080279054 0.0199106809137497
0 0.7015721157428968 0.4533737923402633 0.037139367080279054 0.0199106809137497