0 0.2453125 0.4765625 0.03203125 0.06484375
0 0.2453125 0.4765625 0.03203125 0.06484375
0 0.2671875 0.4953125 0.01171875 0.0421875
0 0.2671875 0.4953125 0.01171875 0.0421875
0 0.31171875 0.50625 0.0125 0.0375
0 0.31171875 0.50625 0.0125 0.0375
0 0.37265625 0.51640625 0.03046875 0.053125
0 0.37265625 0.51640625 0.03046875 0.053125
0 0.39453125 0.5359375 0.0171875 0.03203125
0 0.39453125 0.5359375 0.0171875 0.03203125
0 0.62421875 0.56015625 0.009375 0.0375
0 0.62421875 0.56015625 0.009375 0.0375
0 0.68671875 0.52265625 0.028125 0.1015625
0 0.68671875 0.52265625 0.028125 0.1015625
0 0.7453125 0.51640625 0.01015625 0.02890625
0 0.7453125 0.51640625 0.01015625 0.02890625