0 0.5017142273752941 0.32931103180585486 0.024202324505632155 0.013538826555632166
0 0.5017142273752941 0.32931103180585486 0.024202324505632155 0.013538826555632166
0 0.5646666035097512 0.6553575266612801 0.02096806386197052 0.01162948301488136
0 0.5646666035097512 0.6553575266612801 0.02096806386197052 0.01162948301488136
0 0.6160705663829859 0.6811447408944526 0.04237317029858776 0.029508966029762364
0 0.6160705663829859 0.6811447408944526 0.04237317029858776 0.029508966029762364
0 0.44174255573932414 0.6989187682913184 0.027764367080279052 0.020135670096383153
0 0.44174255573932414 0.6989187682913184 0.027764367080279052 0.020135670096383153
0 0.45015598927946365 0.706645409439441 0.020968063861970344 0.01162948301488118
0 0.45015598927946365 0.706645409439441 0.020968063861970344 0.01162948301488118
0 0.41446450771679555 0.6578568057321382 0.024202324505632155 0.013538826555632256
0 0.41446450771679555 0.6578568057321382 0.024202324505632155 0.013538826555632256
0 0.3752873932344065 0.6267759673359621 0.019187042574646894 0.008331061244505732
0 0.3752873932344065 0.6267759673359621 0.019187042574646894 0.008331061244505732