0 0.2828125 0.52734375 0.028125 0.071875
0 0.2828125 0.52734375 0.028125 0.071875
0 0.72578125 0.50078125 0.03125 0.06953125
0 0.72578125 0.50078125 0.03125 0.06953125
0 0.64765625 0.6203125 0.009375 0.03984375
0 0.64765625 0.6203125 0.009375 0.03984375
0 0.6171875 0.62734375 0.00859375 0.03203125
0 0.6171875 0.62734375 0.00859375 0.03203125
0 0.396875 0.61796875 0.0109375 0.025
0 0.396875 0.61796875 0.0109375 0.025
0 0.38671875 0.6203125 0.00703125 0.0171875
0 0.38671875 0.6203125 0.00703125 0.0171875