0 0.4487531067669829 0.533685496603914 0.030098676882026075 0.05023983189368782
0 0.4487531067669829 0.533685496603914 0.030098676882026075 0.05023983189368782
0 0.4717767712917193 0.5250311898486538 0.015081171939110228 0.02590116594684382
0 0.4717767712917193 0.5250311898486538 0.015081171939110228 0.02590116594684382
0 0.4819011877936221 0.5249007819213745 0.03172484387822046 0.05190246144333699
0 0.4819011877936221 0.5249007819213745 0.03172484387822046 0.05190246144333699
0 0.7226508631927735 0.5816268530177205 0.015081171939110228 0.02590116594684382
0 0.7226508631927735 0.5816268530177205 0.015081171939110228 0.02590116594684382
0 0.6944966882879137 0.540862150673682 0.015017504942915849 0.024338665946843818
0 0.6944966882879137 0.540862150673682 0.015017504942915849 0.024338665946843818
0 0.6703416052841081 0.5408726426541175 0.04266234387822045 0.052603368290882455
0 0.6703416052841081 0.5408726426541175 0.04266234387822045 0.052603368290882455
0 0.6467820884781942 0.4598834585086764 0.03446784190105419 0.0427277205426357
0 0.6467820884781942 0.4598834585086764 0.03446784190105419 0.0427277205426357
0 0.44061300152005584 0.4295289227297907 0.029780341901054184 0.04242733189368782
0 0.44061300152005584 0.4295289227297907 0.029780341901054184 0.04242733189368782
0 0.3384774985543063 0.4089580020025848 0.07413251977166349 0.09825582973421945
0 0.3384774985543063 0.4089580020025848 0.07413251977166349 0.09825582973421945