0 0.2140625 0.46015625 0.01796875 0.02421875
0 0.2140625 0.46015625 0.01796875 0.02421875
0 0.27109375 0.52265625 0.01015625 0.02734375
0 0.27109375 0.52265625 0.01015625 0.02734375
0 0.64765625 0.5515625 0.01953125 0.06015625
0 0.64765625 0.5515625 0.01953125 0.06015625
0 0.7359375 0.48984375 0.03359375 0.05859375
0 0.7359375 0.48984375 0.03359375 0.05859375
0 0.7046875 0.52734375 0.0078125 0.02109375
0 0.7046875 0.52734375 0.0078125 0.02109375
0 0.709375 0.525 0.0078125 0.0265625
0 0.709375 0.525 0.0078125 0.0265625
0 0.73359375 0.603125 0.06484375 0.09453125
0 0.73359375 0.603125 0.06484375 0.09453125
0 0.69140625 0.64453125 0.046875 0.08515625
0 0.69140625 0.64453125 0.046875 0.08515625
0 0.65703125 0.62578125 0.0109375 0.03359375
0 0.65703125 0.62578125 0.0109375 0.03359375
0 0.65234375 0.6625 0.01171875 0.02265625
0 0.65234375 0.6625 0.01171875 0.02265625
0 0.6265625 0.67734375 0.0109375 0.021875
0 0.6265625 0.67734375 0.0109375 0.021875
0 0.61796875 0.68125 0.009375 0.0359375
0 0.61796875 0.68125 0.009375 0.0359375
0 0.3796875 0.68671875 0.01328125 0.0484375
0 0.3796875 0.68671875 0.01328125 0.0484375
0 0.36875 0.6828125 0.0109375 0.040625
0 0.36875 0.6828125 0.0109375 0.040625
0 0.34453125 0.66484375 0.0140625 0.03359375
0 0.34453125 0.66484375 0.0140625 0.03359375