0 0.4577941972591347 0.6497978042138317 0.02614099784053181 0.044650880514039315
0 0.4577941972591347 0.6497978042138317 0.02614099784053181 0.044650880514039315
0 0.44075689158360865 0.6456475751702029 0.017527461443337167 0.031329753676026154
0 0.44075689158360865 0.6456475751702029 0.017527461443337167 0.031329753676026154
0 0.556512299510888 0.668038615056598 0.032491127390180986 0.04687028198444985
0 0.556512299510888 0.668038615056598 0.032491127390180986 0.04687028198444985
0 0.5984995404115894 0.6755976999818687 0.06115634793281668 0.08247461323369443
0 0.5984995404115894 0.6755976999818687 0.06115634793281668 0.08247461323369443
0 0.6186315677094854 0.6682755170769015 0.01722707279438911 0.02664225367602633
0 0.6186315677094854 0.6682755170769015 0.01722707279438911 0.02664225367602633
0 0.5681926742801754 0.7557825941002269 0.013801684145441228 0.021626302940820887
0 0.5681926742801754 0.7557825941002269 0.013801684145441228 0.021626302940820887
0 0.5131745072535974 0.7429213435503338 0.023376943244739934 0.025736655146436683
0 0.5131745072535974 0.7429213435503338 0.023376943244739934 0.025736655146436683