0 0.7588148275996213 0.638488387483527 0.03408795757634522 0.01581589754067192
0 0.7588148275996213 0.638488387483527 0.03408795757634522 0.01581589754067192
0 0.7773255826005911 0.664365086253863 0.030707866061076318 0.012672716822512697
0 0.7773255826005911 0.664365086253863 0.030707866061076318 0.012672716822512697
0 0.8194489229079123 0.7786184837945349 0.050223140606883376 0.022156801131468028
0 0.8194489229079123 0.7786184837945349 0.050223140606883376 0.022156801131468028
0 0.8004120094222115 0.7558622398446591 0.023660640606883377 0.02200226502711473
0 0.8004120094222115 0.7558622398446591 0.023660640606883377 0.02200226502711473
0 0.907140370482318 0.7432082246211529 0.03734050333398002 0.01739657825883114
0 0.907140370482318 0.7432082246211529 0.03734050333398002 0.01739657825883114
0 0.9038558738162978 0.7603684535439139 0.038647911818710766 0.01428066861791084