0 0.5543422047599531 0.23448041919991072 0.049941211404351905 0.023994946680897123
0 0.5543422047599531 0.23448041919991072 0.049941211404351905 0.023994946680897123
0 0.5780038801605549 0.2699069334950185 0.02894520622055552 0.01332771097600478
0 0.5780038801605549 0.2699069334950185 0.02894520622055552 0.01332771097600478
0 0.6181121788409717 0.18597533186834384 0.01800770622055552 0.011790545596447367
0 0.6181121788409717 0.18597533186834384 0.01800770622055552 0.011790545596447367
0 0.6352210578702309 0.22785877390745268 0.020117010367592593 0.018260140650669852
0 0.6352210578702309 0.22785877390745268 0.020117010367592593 0.018260140650669852
0 0.6128778746939346 0.1803841170310113 0.01644520622055552 0.011570950542224878
0 0.6128778746939346 0.1803841170310113 0.01644520622055552 0.011570950542224878
0 0.6442440348259716 0.26771519121767395 0.014609304147036895 0.00822635548800239
0 0.6442440348259716 0.26771519121767395 0.014609304147036895 0.00822635548800239
0 0.6414218311973141 0.26257583379900773 0.012773402073518448 0.004881760433779902
0 0.6414218311973141 0.26257583379900773 0.012773402073518448 0.004881760433779902
0 0.6189582367112025 0.5029896977901261 0.017871005183796206 0.010228045596447365
0 0.6189582367112025 0.5029896977901261 0.017871005183796206 0.010228045596447365
0 0.621858352780971 0.5270986502630148 0.02269520622055552 0.01244933075911483
0 0.621858352780971 0.5270986502630148 0.02269520622055552 0.01244933075911483
0 0.6810077603211098 0.6065707634736728 0.022421804147037074 0.009324330759114829
0 0.6810077603211098 0.6065707634736728 0.022421804147037074 0.009324330759114829
0 0.678253907210832 0.6022126560550065 0.022558505183796207 0.01088683075911483
0 0.678253907210832 0.6022126560550065 0.022558505183796207 0.01088683075911483