0 0.39094733757931194 0.6484448809230383 0.0527083377489479 0.03671967261537965
0 0.39094733757931194 0.6484448809230383 0.0527083377489479 0.03671967261537965
0 0.5187921177011969 0.3745715182703466 0.057395837748947895 0.03707487012586892
0 0.5187921177011969 0.3745715182703466 0.057395837748947895 0.03707487012586892
0 0.5237524362128512 0.3671142157808357 0.044623019237293705 0.028315176764564676
0 0.5237524362128512 0.3671142157808357 0.044623019237293705 0.028315176764564676
0 0.5337822006408214 0.34907461080181384 0.07184028366526399 0.049077962657336105
0 0.5337822006408214 0.34907461080181384 0.07184028366526399 0.049077962657336105
0 0.5419766465571374 0.33872910665262895 0.03826389183263199 0.024716580083912552
0 0.5419766465571374 0.33872910665262895 0.03826389183263199 0.024716580083912552
0 0.5519617709665743 0.29953655208852564 0.030342264427970278 0.0209995842330974
0 0.5519617709665743 0.29953655208852564 0.030342264427970278 0.0209995842330974
0 0.43703866461330476 0.2258128643262988 0.04053571996293304 0.045147479254075584
0 0.43703866461330476 0.2258128643262988 0.04053571996293304 0.045147479254075584
0 0.4202306213293939 0.2809380722097501 0.025709328130301044 0.0222068867226084
0 0.4202306213293939 0.2809380722097501 0.025709328130301044 0.0222068867226084
0 0.4148685095338288 0.34476377386942403 0.03670139183263199 0.024598180913749525
0 0.4148685095338288 0.34476377386942403 0.03670139183263199 0.024598180913749525
0 0.41068944102217453 0.35228027594401645 0.03988095553496294 0.026397479254075585
0 0.41068944102217453 0.35228027594401645 0.03988095553496294 0.026397479254075585
0 0.3244815785936373 0.5329606682657022 0.033521828130301135 0.02279888257342346
0 0.3244815785936373 0.5329606682657022 0.033521828130301135 0.02279888257342346
0 0.28664427269585474 0.5622095377668712 0.06564484736759484 0.05016686597668389
0 0.28664427269585474 0.5622095377668712 0.06564484736759484 0.05016686597668389
0 0.29377472641671903 0.5823327836176864 0.026036710344286184 0.03158188672260849
0 0.29377472641671903 0.5823327836176864 0.026036710344286184 0.03158188672260849
0 0.2797568664352525 0.6024201406713006 0.033521828130301135 0.02279888257342346
0 0.2797568664352525 0.6024201406713006 0.033521828130301135 0.02279888257342346
0 0.27315220237010196 0.6121027939906485 0.043060519237293704 0.028196777594401645