0 0.6664288100731784 0.5275394297934813 0.03299431333545435 0.016197744317956973
0 0.6664288100731784 0.5275394297934813 0.03299431333545435 0.016197744317956973
0 0.6655202907383603 0.5166155665629566 0.04707499466899989 0.018005706168510115
0 0.6655202907383603 0.5166155665629566 0.04707499466899989 0.018005706168510115
0 0.7237669533736345 0.2843018985438933 0.051835220003181706 0.024337526785361163
0 0.7237669533736345 0.2843018985438933 0.051835220003181706 0.024337526785361163
0 0.8008476213796797 0.3274967451353266 0.028270450668363624 0.012990923701106105
0 0.8008476213796797 0.3274967451353266 0.028270450668363624 0.012990923701106105
0 0.788175446053452 0.3800723202164045 0.01569772533418181 0.006522735389503431
0 0.788175446053452 0.3800723202164045 0.01569772533418181 0.006522735389503431
0 0.7874578307208612 0.3855547069858797 0.017278406667727352 0.008112508928453721
0 0.7874578307208612 0.3855547069858797 0.017278406667727352 0.008112508928453721
0 0.7675913207351787 0.4913916497617093 0.0392988573360908 0.02099433847375849
0 0.7675913207351787 0.4913916497617093 0.0392988573360908 0.02099433847375849
0 0.7577805160725422 0.5212564277648865 0.03780908267027261 0.027217064934808022