0 0.484375 0.63046875 0.0078125 0.0359375
0 0.484375 0.63046875 0.0078125 0.0359375
0 0.50390625 0.63828125 0.0125 0.04375
0 0.50390625 0.63828125 0.0125 0.04375
0 0.515625 0.6421875 0.0109375 0.04453125
0 0.515625 0.6421875 0.0109375 0.04453125
0 0.57734375 0.6421875 0.0140625 0.04609375
0 0.57734375 0.6421875 0.0140625 0.04609375
0 0.8 0.51015625 0.02109375 0.0234375
0 0.8 0.51015625 0.02109375 0.0234375
0 0.7625 0.64765625 0.01015625 0.01953125
0 0.7625 0.64765625 0.01015625 0.01953125
0 0.75078125 0.66015625 0.01484375 0.03515625
0 0.75078125 0.66015625 0.01484375 0.03515625
0 0.69453125 0.6875 0.0078125 0.025
0 0.69453125 0.6875 0.0078125 0.025