0 0.3841986600890868 0.6584407765381879 0.02986931333545444 0.015797716822512697
0 0.3841986600890868 0.6584407765381879 0.02986931333545444 0.015797716822512697
0 0.36027990209258665 0.6840811259724537 0.039280676002545346 0.01897725897699054
0 0.36027990209258665 0.6840811259724537 0.039280676002545346 0.01897725897699054
0 0.34786171809354116 0.6910396530998169 0.050345445337363515 0.029978391490547728
0 0.34786171809354116 0.6910396530998169 0.050345445337363515 0.029978391490547728
0 0.46062534742995015 0.7143504089535494 0.044095445337363516 0.029942030054229463
0 0.46062534742995015 0.7143504089535494 0.044095445337363516 0.029942030054229463
0 0.5439094674172235 0.6210912883438487 0.047238626670908876 0.03152271077238851
0 0.5439094674172235 0.6210912883438487 0.047238626670908876 0.03152271077238851
0 0.562002750039771 0.29621855337096337 0.0377727200031817 0.023655668617910842
0 0.562002750039771 0.29621855337096337 0.0377727200031817 0.023655668617910842
0 0.5540357087046346 0.28289185157556523 0.033048857336090795 0.02050339754067192