0 0.24375 0.49921875 0.028125 0.0484375
0 0.24375 0.49921875 0.028125 0.0484375
0 0.28203125 0.51484375 0.0171875 0.02734375
0 0.28203125 0.51484375 0.0171875 0.02734375
0 0.3015625 0.5203125 0.015625 0.0484375
0 0.3015625 0.5203125 0.015625 0.0484375
0 0.2796875 0.609375 0.06484375 0.07578125
0 0.2796875 0.609375 0.06484375 0.07578125
0 0.32421875 0.63984375 0.03671875 0.05078125
0 0.32421875 0.63984375 0.03671875 0.05078125
0 0.5 0.640625 0.01328125 0.040625
0 0.5 0.640625 0.01328125 0.040625
0 0.52734375 0.64765625 0.0109375 0.02890625
0 0.52734375 0.64765625 0.0109375 0.02890625
0 0.55546875 0.65390625 0.01953125 0.0484375
0 0.55546875 0.65390625 0.01953125 0.0484375
0 0.56796875 0.634375 0.0140625 0.0296875
0 0.56796875 0.634375 0.0140625 0.0296875
0 0.56796875 0.53203125 0.0109375 0.02734375
0 0.56796875 0.53203125 0.0109375 0.02734375
0 0.559375 0.53828125 0.0046875 0.02734375
0 0.559375 0.53828125 0.0046875 0.02734375
0 0.6109375 0.51640625 0.01484375 0.034375
0 0.6109375 0.51640625 0.01484375 0.034375
0 0.646875 0.51328125 0.02734375 0.046875