0 0.379916739850435 0.5466564204641758 0.03840002678536116 0.055724622489011465
0 0.379916739850435 0.5466564204641758 0.03840002678536116 0.055724622489011465
0 0.6475969379012703 0.7385514105428193 0.016197744317957154 0.03454671770375484
0 0.6475969379012703 0.7385514105428193 0.016197744317957154 0.03454671770375484
0 0.632026484979171 0.7399421928390645 0.022365923701106283 0.03055290478525663
0 0.632026484979171 0.7399421928390645 0.022365923701106283 0.03055290478525663
0 0.6043378616023765 0.761820600972306 0.03182274431795697 0.0362809354075095
0 0.6043378616023765 0.761820600972306 0.03182274431795697 0.0362809354075095
0 0.3315355612780649 0.678520212926973 0.02727161201270878 0.04357317009638315
0 0.3315355612780649 0.678520212926973 0.02727161201270878 0.04357317009638315
0 0.30470032588856155 0.6599470428305898 0.027080697240056396 0.03263567009638315
0 0.30470032588856155 0.6599470428305898 0.027080697240056396 0.03263567009638315