0 0.2959949924974649 0.4391373093663121 0.024855836056041712 0.06340088051403932
0 0.2959949924974649 0.4391373093663121 0.024855836056041712 0.06340088051403932
0 0.3512461901607636 0.42066644723240376 0.01809668977951393 0.04086897904362878
0 0.3512461901607636 0.42066644723240376 0.01809668977951393 0.04086897904362878
0 0.36847005775194414 0.42091042627603253 0.01482621941479163 0.03429052830842352
0 0.36847005775194414 0.42091042627603253 0.01482621941479163 0.03429052830842352
0 0.6157457544653122 0.39599467167344515 0.06119337955902786 0.08436556396889952
0 0.6157457544653122 0.39599467167344515 0.06119337955902786 0.08436556396889952
0 0.6431615864372914 0.4294194782902923 0.02285692496187508 0.04448665514643668
0 0.6431615864372914 0.4294194782902923 0.02285692496187508 0.04448665514643668
0 0.6921075795034372 0.44631132736977486 0.02122168977951393 0.04119742977883405
0 0.6921075795034372 0.44631132736977486 0.02122168977951393 0.04119742977883405