0 0.3955848219147257 0.7058109839845621 0.03206887155129756 0.01854231281194636
0 0.3955848219147257 0.7058109839845621 0.03206887155129756 0.01854231281194636
0 0.39377333842306905 0.6954359355236661 0.03363137155129756 0.0186881784525438
0 0.39377333842306905 0.6954359355236661 0.03363137155129756 0.0186881784525438
0 0.4467090671650273 0.4044054608980018 0.02409259724103805 0.01468798460895968
0 0.4467090671650273 0.4044054608980018 0.02409259724103805 0.01468798460895968
0 0.49002969923177436 0.32680210191293485 0.057969630257724704 0.03806366306150357
0 0.49002969923177436 0.32680210191293485 0.057969630257724704 0.03806366306150357
0 0.37987344923177446 0.3165185742508237 0.049577276119281775 0.05593846921791963
0 0.37987344923177446 0.3165185742508237 0.049577276119281775 0.05593846921791963
0 0.33305600294067605 0.38594476913439735 0.028861984396167807 0.016688081530751832
0 0.33305600294067605 0.38594476913439735 0.028861984396167807 0.016688081530751832
0 0.2768248558359236 0.6499751468382696 0.030260710085908294 0.013708947171349095
0 0.2768248558359236 0.6499751468382696 0.030260710085908294 0.013708947171349095
0 0.2805297099743666 0.6691627437600616 0.0852691146538925 0.054605878951657874
0 0.2805297099743666 0.6691627437600616 0.0852691146538925 0.054605878951657874
0 0.28534668475959596 0.697089956322451 0.0481851944820761 0.02937596921791972
0 0.28534668475959596 0.697089956322451 0.0481851944820761 0.02937596921791972
0 0.2912348366140468 0.7345380345254375 0.042098968792335524 0.0319175066555303
0 0.2912348366140468 0.7345380345254375 0.042098968792335524 0.0319175066555303
0 0.28950191825125254 0.7076838032442428 0.027135710085908295 0.013417215890154387