0 0.5533366300693519 0.6596064312540036 0.020821922249741043 0.011173857336090798
0 0.5533366300693519 0.6596064312540036 0.020821922249741043 0.011173857336090798
0 0.5584436610865985 0.63377972792014 0.025509422249741044 0.011228401336727246
0 0.5584436610865985 0.63377972792014 0.025509422249741044 0.011228401336727246
0 0.5575725198541042 0.6189541592536856 0.03041524607105863 0.015970445337363515
0 0.5575725198541042 0.6189541592536856 0.03041524607105863 0.015970445337363515
0 0.5227438713828995 0.3273302805935943 0.060976041356328815 0.03506589067472685
0 0.5227438713828995 0.3273302805935943 0.060976041356328815 0.03506589067472685
0 0.49925286745395797 0.3119870912635487 0.04215326674922295 0.033285214672181596
0 0.49925286745395797 0.3119870912635487 0.04215326674922295 0.033285214672181596
0 0.6325041691493691 0.2674911092457313 0.026601041356328993 0.03466590133672707
0 0.6325041691493691 0.2674911092457313 0.026601041356328993 0.03466590133672707
0 0.6613526071148759 0.3186899825748224 0.02118579528527036 0.018986357336090796