0 0.20998655537098423 0.5319473673135504 0.032491127390180986 0.044613818025830906
0 0.20998655537098423 0.5319473673135504 0.032491127390180986 0.044613818025830906
0 0.22430987122554305 0.5518052262473236 0.03944203423772628 0.0557331744523216
0 0.22430987122554305 0.5518052262473236 0.03944203423772628 0.0557331744523216
0 0.24419157464931565 0.5457681749145401 0.029366127390180984 0.044522889812585655
0 0.24419157464931565 0.5457681749145401 0.029366127390180984 0.044522889812585655
0 0.31633788248431005 0.5881171477966514 0.019089961443337168 0.03018760517284953
0 0.31633788248431005 0.5881171477966514 0.019089961443337168 0.03018760517284953
0 0.6080223396087104 0.4657801803913234 0.026241127390180984 0.04443196159934022
0 0.6080223396087104 0.4657801803913234 0.026241127390180984 0.04443196159934022
0 0.6519411227667025 0.38886232772575646 0.04911742288667433 0.06069345909205772
0 0.6519411227667025 0.38886232772575646 0.04911742288667433 0.06069345909205772
0 0.6749978909652998 0.3819530981797275 0.03515505243632351 0.06184678213245363
0 0.6749978909652998 0.3819530981797275 0.03515505243632351 0.06184678213245363
0 0.6631418337486144 0.5304587943396616 0.03944203423772628 0.055733174452321774
0 0.6631418337486144 0.5304587943396616 0.03944203423772628 0.055733174452321774
0 0.6531963348283485 0.5518025969260864 0.03425388648947951 0.04778428213245363
0 0.6531963348283485 0.5518025969260864 0.03425388648947951 0.04778428213245363
0 0.34545608112772064 0.6691481874509524 0.051080441085271475 0.06698892319868044
0 0.34545608112772064 0.6691481874509524 0.051080441085271475 0.06698892319868044