0 0.24202506494725115 0.47153925758604365 0.01904493094224957 0.027965503333980023
0 0.24202506494725115 0.47153925758604365 0.01904493094224957 0.027965503333980023
0 0.24745561011978817 0.4837681906165818 0.01871714901126431 0.023278003333980023
0 0.24745561011978817 0.4837681906165818 0.01871714901126431 0.023278003333980023
0 0.28992733338458304 0.5280920175879833 0.03921531930985207 0.04980855242559432
0 0.28992733338458304 0.5280920175879833 0.03921531930985207 0.04980855242559432
0 0.2840433201430313 0.511111811678628 0.024387994804219916 0.03772314060688338
0 0.2840433201430313 0.511111811678628 0.024387994804219916 0.03772314060688338
0 0.5663266703754624 0.7777243242656414 0.02551345222957302 0.031600686364518
0 0.5663266703754624 0.7777243242656414 0.02551345222957302 0.031600686364518
0 0.537185473593771 0.7674884548705853 0.07621257475773362 0.09011455909355419
0 0.537185473593771 0.7674884548705853 0.07621257475773362 0.09011455909355419
0 0.49816117842123403 0.7525172880509047 0.029294016091543362 0.04123077787978709
0 0.49816117842123403 0.7525172880509047 0.029294016091543362 0.04123077787978709
0 0.5099345587430649 0.7526926312331637 0.022825494804219915 0.037595594849248924
0 0.5099345587430649 0.7526926312331637 0.022825494804219915 0.037595594849248924
0 0.20911473993741594 0.6275661169791602 0.07363387797604241 0.09767196757828493
0 0.20911473993741594 0.6275661169791602 0.07363387797604241 0.09767196757828493