0 0.7161560900699968 0.43680480536434557 0.03361247867599957 0.07239185717788495
0 0.7161560900699968 0.43680480536434557 0.03361247867599957 0.07239185717788495
0 0.6745782120862233 0.5611051540496711 0.017605670671545327 0.037845139474130284
0 0.6745782120862233 0.5611051540496711 0.017605670671545327 0.037845139474130284
0 0.6644855967536324 0.5677011455571117 0.01280908267027261 0.02794987416300394
0 0.6644855967536324 0.5677011455571117 0.01280908267027261 0.02794987416300394
0 0.6449816187539505 0.5722126676868052 0.011101132001908987 0.015276452392628315
0 0.6449816187539505 0.5722126676868052 0.011101132001908987 0.015276452392628315
0 0.3800918680776328 0.5304271968802609 0.028724984006999677 0.0546840918667586
0 0.3800918680776328 0.5304271968802609 0.028724984006999677 0.0546840918667586
0 0.3605606180776328 0.5325949690099543 0.030378390674726852 0.06267001363713405
0 0.3605606180776328 0.5325949690099543 0.030378390674726852 0.06267001363713405
0 0.3261856180776328 0.5364102479582149 0.014517033338636142 0.04062329593337921
0 0.3261856180776328 0.5364102479582149 0.014517033338636142 0.04062329593337921
0 0.2736873267424965 0.5289386272657934 0.014389764003817973 0.02968579593337921
0 0.2736873267424965 0.5289386272657934 0.014389764003817973 0.02968579593337921
0 0.2646037754216778 0.622253368773234 0.0583215773392725 0.050166605503892646
0 0.2646037754216778 0.622253368773234 0.0583215773392725 0.050166605503892646
0 0.2990787727561777 0.6270318398249735 0.011228401336727067 0.026213952392628314
0 0.2990787727561777 0.6270318398249735 0.011228401336727067 0.026213952392628314
0 0.3609975174251776 0.6373691798951422 0.01911362667090888 0.03333106124450573
0 0.3609975174251776 0.6373691798951422 0.01911362667090888 0.03333106124450573
0 0.3500327454248594 0.6362393822877704 0.012772720003181703 0.024824874163003764
0 0.3500327454248594 0.6362393822877704 0.012772720003181703 0.024824874163003764