0 0.6249290739468313 0.72901148715146 0.030752033016686654 0.02256208423309758
0 0.6249290739468313 0.72901148715146 0.030752033016686654 0.02256208423309758
0 0.6305649202833582 0.7177663338321121 0.040208920171816584 0.024834979254075584
0 0.6305649202833582 0.7177663338321121 0.040208920171816584 0.024834979254075584
0 0.6919749745580868 0.4492899435850187 0.033795145861557074 0.02123638257342364
0 0.6919749745580868 0.4492899435850187 0.033795145861557074 0.02123638257342364
0 0.6904567401619189 0.43516824399993725 0.03223264586155707 0.02111798340326061
0 0.6904567401619189 0.43516824399993725 0.03223264586155707 0.02111798340326061
0 0.5974160690855912 0.3822073421304819 0.020885710085908116 0.012476689212119307
0 0.5974160690855912 0.3822073421304819 0.020885710085908116 0.012476689212119307
0 0.5988524163266293 0.3947665417155634 0.028861984396167807 0.016193685062934372
0 0.5988524163266293 0.3947665417155634 0.028861984396167807 0.016193685062934372
0 0.5897308011069098 0.5473704008437702 0.030424484396167805 0.01631208423309758
0 0.5897308011069098 0.5473704008437702 0.030424484396167805 0.01631208423309758
0 0.5878374304601235 0.5557865520885257 0.033549484396167804 0.01654888257342364