0 0.3765625 0.540625 0.025 0.07578125
0 0.3765625 0.540625 0.025 0.07578125
0 0.39609375 0.565625 0.0125 0.03984375
0 0.39609375 0.565625 0.0125 0.03984375
0 0.5625 0.6 0.00859375 0.03828125
0 0.5625 0.6 0.00859375 0.03828125
0 0.60859375 0.55546875 0.0265625 0.07421875
0 0.60859375 0.55546875 0.0265625 0.07421875
0 0.62109375 0.5515625 0.0203125 0.06796875
0 0.62109375 0.5515625 0.0203125 0.06796875
0 0.74296875 0.584375 0.01484375 0.040625
0 0.74296875 0.584375 0.01484375 0.040625
0 0.703125 0.6140625 0.0078125 0.02265625
0 0.703125 0.6140625 0.0078125 0.02265625
0 0.696875 0.61640625 0.00703125 0.01953125
0 0.696875 0.61640625 0.00703125 0.01953125
0 0.65234375 0.64296875 0.01484375 0.02890625
0 0.65234375 0.64296875 0.01484375 0.02890625
0 0.64296875 0.6515625 0.0078125 0.01953125
0 0.64296875 0.6515625 0.0078125 0.01953125
0 0.28671875 0.61328125 0.02421875 0.03828125
0 0.28671875 0.61328125 0.02421875 0.03828125