0 0.3078125 0.50546875 0.01015625 0.02578125
0 0.3078125 0.50546875 0.01015625 0.02578125
0 0.3453125 0.51640625 0.01015625 0.0375
0 0.3453125 0.51640625 0.01015625 0.0375
0 0.72421875 0.6046875 0.00859375 0.04375
0 0.72421875 0.6046875 0.00859375 0.04375
0 0.37734375 0.65078125 0.01875 0.05234375
0 0.37734375 0.65078125 0.01875 0.05234375
0 0.30703125 0.62734375 0.02109375 0.05078125
0 0.30703125 0.62734375 0.02109375 0.05078125
0 0.2515625 0.58046875 0.0140625 0.02578125
0 0.2515625 0.58046875 0.0140625 0.02578125
0 0.2703125 0.6015625 0.0078125 0.03359375
0 0.2703125 0.6015625 0.0078125 0.03359375
0 0.32578125 0.6484375 0.0140625 0.059375