0 0.6209689466290367 0.6315544579451281 0.012654536104353475 0.02802354045947695
0 0.6209689466290367 0.6315544579451281 0.012654536104353475 0.02802354045947695
0 0.613174627347196 0.6275163076579551 0.009502265027114732 0.022970780344607533
0 0.613174627347196 0.6275163076579551 0.009502265027114732 0.022970780344607533
0 0.5912814466290367 0.6280844868538704 0.015834078258831142 0.03776380057434601
0 0.5912814466290367 0.6280844868538704 0.015834078258831142 0.03776380057434601
0 0.6217729225267357 0.6277395229738454 0.011082945745273954 0.026278410402042242
0 0.6217729225267357 0.6277395229738454 0.011082945745273954 0.026278410402042242
0 0.4707689587292851 0.6483969724314053 0.011082945745273775 0.026278410402042242
0 0.4707689587292851 0.6483969724314053 0.011082945745273775 0.026278410402042242
0 0.27043716062287904 0.6820515750797747 0.056586343285945875 0.06438718206764608
0 0.27043716062287904 0.6820515750797747 0.056586343285945875 0.06438718206764608
0 0.3469314829297819 0.7027191978940708 0.017369307181592398 0.03325893063178072
0 0.3469314829297819 0.7027191978940708 0.017369307181592398 0.03325893063178072
0 0.3586502329297819 0.7040889233248303 0.015797716822512697 0.03151380057434618
0 0.3586502329297819 0.7040889233248303 0.015797716822512697 0.03151380057434618
0 0.5083866125164731 0.7669339088385533 0.018995439695149587 0.04437906068921542
0 0.5083866125164731 0.7669339088385533 0.018995439695149587 0.04437906068921542
0 0.520932064311871 0.7605824492980301 0.020576120413308984 0.047686690746649954
0 0.520932064311871 0.7605824492980301 0.020576120413308984 0.047686690746649954
0 0.5201417239527915 0.7620536342693128 0.01746930113146803 0.05044643063178071
0 0.5201417239527915 0.7620536342693128 0.01746930113146803 0.05044643063178071
0 0.5616206968254284 0.7543933307913301 0.025327252926866172 0.059172080918953894
0 0.5616206968254284 0.7543933307913301 0.025327252926866172 0.059172080918953894
0 0.5778951366187739 0.7789671963943935 0.011101126463433175 0.02940341040204224
0 0.5778951366187739 0.7789671963943935 0.011101126463433175 0.02940341040204224
0 0.617688889643836 0.7922180128589762 0.015834078258831142 0.03776380057434601
0 0.617688889643836 0.7922180128589762 0.015834078258831142 0.03776380057434601
0 0.6327326275435876 0.759577998404605 0.020494307181592397 0.03362419074664995