0 0.4857146364794927 0.5758294901287122 0.04484161910658777 0.02906787659513945
0 0.4857146364794927 0.5758294901287122 0.04484161910658777 0.02906787659513945
0 0.49986918176476286 0.5553702686623307 0.024092471463952592 0.017078773175967753
0 0.49986918176476286 0.5553702686623307 0.024092471463952592 0.017078773175967753
0 0.5679814427230176 0.2934437130400084 0.030560795285270358 0.022570612689558976
0 0.5679814427230176 0.2934437130400084 0.030560795285270358 0.022570612689558976
0 0.5673650126153937 0.2733322979184062 0.04000856989237604 0.02533962195994608
0 0.5673650126153937 0.2733322979184062 0.04000856989237604 0.02533962195994608
0 0.6450726356509231 0.25556609643771305 0.02074914764263518 0.011989103419171875
0 0.6450726356509231 0.25556609643771305 0.02074914764263518 0.011989103419171875
0 0.6502524412752756 0.22771963424171843 0.020821922249741043 0.013551603419171965
0 0.6502524412752756 0.22771963424171843 0.020821922249741043 0.013551603419171965
0 0.6617656759737947 0.31399003545774 0.01918664764263518 0.011788018540774114
0 0.6617656759737947 0.31399003545774 0.01918664764263518 0.011788018540774114
0 0.5538246275881524 0.6307426281616105 0.032050520678164315 0.021209197567956826