0 0.2459380079840658 0.409777881226766 0.013227425705962937 0.02638737416300376
0 0.2459380079840658 0.409777881226766 0.013227425705962937 0.02638737416300376
0 0.2719238464638679 0.4056080904379614 0.013181961599340219 0.024824874163003764
0 0.2719238464638679 0.4056080904379614 0.013181961599340219 0.024824874163003764
0 0.284696631103604 0.39762046460096523 0.027517246239076344 0.03576067009638315
0 0.284696631103604 0.39762046460096523 0.027517246239076344 0.03576067009638315
0 0.30517661566419774 0.4210554085010342 0.016397889812585654 0.028296717703754838
0 0.30517661566419774 0.4210554085010342 0.016397889812585654 0.028296717703754838
0 0.4603475004622184 0.36773824199783095 0.013181961599340219 0.024824874163003764
0 0.4603475004622184 0.36773824199783095 0.013181961599340219 0.024824874163003764
0 0.4862878748353978 0.36513095120902633 0.013181961599340219 0.02482487416300385
0 0.4862878748353978 0.36513095120902633 0.013181961599340219 0.02482487416300385
0 0.2530351056350679 0.32748564653789247 0.02631845909205772 0.048087248326007706
0 0.2530351056350679 0.32748564653789247 0.02631845909205772 0.048087248326007706
0 0.2456628748353978 0.33842399857120287 0.018142246239076343 0.03472013947413029
0 0.2456628748353978 0.33842399857120287 0.018142246239076343 0.03472013947413029