0 0.29296875 0.46640625 0.01953125 0.05546875
0 0.29296875 0.46640625 0.01953125 0.05546875
0 0.3109375 0.47265625 0.0203125 0.0609375
0 0.3109375 0.47265625 0.0203125 0.0609375
0 0.66640625 0.52109375 0.0140625 0.02734375
0 0.66640625 0.52109375 0.0140625 0.02734375
0 0.69765625 0.51015625 0.01328125 0.03359375
0 0.69765625 0.51015625 0.01328125 0.03359375
0 0.37265625 0.62109375 0.01171875 0.01875
0 0.37265625 0.62109375 0.01171875 0.01875
0 0.31796875 0.5890625 0.02578125 0.0828125
0 0.31796875 0.5890625 0.02578125 0.0828125
0 0.559375 0.64921875 0.0171875 0.05078125