0 0.747629587356597 0.5483436728390944 0.027983290041956366 0.02076278589277152
0 0.747629587356597 0.5483436728390944 0.027983290041956366 0.02076278589277152
0 0.7358409049929551 0.6080379815523826 0.021259693361304243 0.014039189212119395
0 0.7358409049929551 0.6080379815523826 0.021259693361304243 0.014039189212119395
0 0.7290347979393407 0.6207272357015675 0.06209818091374952 0.0404366684661948
0 0.7290347979393407 0.6207272357015675 0.06209818091374952 0.0404366684661948
0 0.7174703359067045 0.6423770927551817 0.024621491701630305 0.017400987552445457
0 0.7174703359067045 0.6423770927551817 0.024621491701630305 0.017400987552445457
0 0.6730378647505061 0.8658253255337425 0.04263778589277152 0.029640878424238792
0 0.6730378647505061 0.8658253255337425 0.04263778589277152 0.029640878424238792
0 0.673867581557027 0.9280293276083349 0.0324106809137497 0.03818708423309758
0 0.673867581557027 0.9280293276083349 0.0324106809137497 0.03818708423309758
0 0.7743994552073807 0.891371622424176 0.034470088382282424 0.02436138257342364
0 0.7743994552073807 0.891371622424176 0.034470088382282424 0.02436138257342364
0 0.7748963626759137 0.877427521594339 0.030989890871793335 0.01943708423309758
0 0.7748963626759137 0.877427521594339 0.030989890871793335 0.01943708423309758
0 0.7811929842516749 0.837512916615317 0.0553745842330974 0.033713071785542684
0 0.7811929842516749 0.837512916615317 0.0553745842330974 0.033713071785542684
0 0.8271413338321121 0.6545712846665935 0.024384693361304242 0.014275987552445458
0 0.8271413338321121 0.6545712846665935 0.024384693361304242 0.014275987552445458