0 0.6390625 0.5046875 0.00546875 0.0296875
0 0.6390625 0.5046875 0.00546875 0.0296875
0 0.675 0.48203125 0.01171875 0.02421875
0 0.675 0.48203125 0.01171875 0.02421875
0 0.64609375 0.50078125 0.00703125 0.0296875
0 0.64609375 0.50078125 0.00703125 0.0296875
0 0.66796875 0.571875 0.01015625 0.0203125
0 0.66796875 0.571875 0.01015625 0.0203125
0 0.66015625 0.5765625 0.00859375 0.02421875
0 0.66015625 0.5765625 0.00859375 0.02421875
0 0.3125 0.57421875 0.01015625 0.0296875
0 0.3125 0.57421875 0.01015625 0.0296875
0 0.2640625 0.5703125 0.009375 0.04296875
0 0.2640625 0.5703125 0.009375 0.04296875