0 0.41414350973593733 0.6429797395086517 0.050463650162155815 0.02801735141192587
0 0.41414350973593733 0.6429797395086517 0.050463650162155815 0.02801735141192587
0 0.4318786603051302 0.4959145228947466 0.03626478246740419 0.0197956744523216
0 0.4318786603051302 0.4959145228947466 0.03626478246740419 0.0197956744523216
0 0.43242808522405235 0.48265600494805794 0.03157728246740401 0.019659282132453625
0 0.43242808522405235 0.48265600494805794 0.03157728246740401 0.019659282132453625
0 0.44686273213979727 0.4596504139609734 0.022011367694751628 0.008448997492717502
0 0.44686273213979727 0.4596504139609734 0.022011367694751628 0.008448997492717502
0 0.3907024610364789 0.37368417022917955 0.034811376623205346 0.026000210345698972
0 0.3907024610364789 0.37368417022917955 0.034811376623205346 0.026000210345698972
0 0.340072989850435 0.5151071406040083 0.026835235389503432 0.016397889812585477
0 0.340072989850435 0.5151071406040083 0.026835235389503432 0.016397889812585477
0 0.32592076095375333 0.5990274995377816 0.05717730032431154 0.054761707838416565
0 0.32592076095375333 0.5990274995377816 0.05717730032431154 0.054761707838416565
0 0.3216423640380085 0.6223286072179135 0.02996023538950343 0.01648881802583091