0 0.278125 0.546875 0.02421875 0.0546875
0 0.278125 0.546875 0.02421875 0.0546875
0 0.3203125 0.54140625 0.015625 0.0265625
0 0.3203125 0.54140625 0.015625 0.0265625
0 0.36015625 0.54921875 0.01015625 0.03359375
0 0.36015625 0.54921875 0.01015625 0.03359375
0 0.371875 0.53828125 0.01171875 0.0265625
0 0.371875 0.53828125 0.01171875 0.0265625
0 0.5140625 0.603125 0.00625 0.02890625
0 0.5140625 0.603125 0.00625 0.02890625
0 0.24921875 0.66796875 0.01015625 0.0390625
0 0.24921875 0.66796875 0.01015625 0.0390625