0 0.38489842727563905 0.3954594070443255 0.01124658267027261 0.027391294191141214
0 0.38489842727563905 0.3954594070443255 0.01124658267027261 0.027391294191141214
0 0.6229433199395482 0.3977160335944644 0.02919769867918127 0.09431868506293446
0 0.6229433199395482 0.3977160335944644 0.02919769867918127 0.09431868506293446
0 0.7171574912874112 0.2836400329697645 0.008103401336727068 0.025591995850815154
0 0.7171574912874112 0.2836400329697645 0.008103401336727068 0.025591995850815154
0 0.6744887332909111 0.2611147601492476 0.0064681760025454334 0.01922359668065212
0 0.6744887332909111 0.2611147601492476 0.0064681760025454334 0.01922359668065212
0 0.664332483290911 0.26188435475530725 0.009702264003817972 0.028835395020978184
0 0.664332483290911 0.26188435475530725 0.009702264003817972 0.028835395020978184
0 0.6229989586250928 0.25877193276462734 0.011228401336727246 0.025828794191141213
0 0.6229989586250928 0.25877193276462734 0.011228401336727246 0.025828794191141213
0 0.39476487062382015 0.28543321160842894 0.007976132001908987 0.014654495850815153
0 0.39476487062382015 0.28543321160842894 0.007976132001908987 0.014654495850815153
0 0.37908532662318384 0.29130470331005914 0.006504538669636251 0.022348596680652123
0 0.37908532662318384 0.29130470331005914 0.006504538669636251 0.022348596680652123
0 0.2812745352880476 0.31198590144524807 0.035265885343726745 0.07916728174358649
0 0.2812745352880476 0.31198590144524807 0.035265885343726745 0.07916728174358649
0 0.5021222899427299 0.38345446928209875 0.0033431760025454337 0.01898679834032606