0 0.2390625 0.53984375 0.0078125 0.02890625
0 0.2390625 0.53984375 0.0078125 0.02890625
0 0.2453125 0.53984375 0.00703125 0.021875
0 0.2453125 0.53984375 0.00703125 0.021875
0 0.334375 0.5484375 0.0234375 0.05859375
0 0.334375 0.5484375 0.0234375 0.05859375
0 0.6390625 0.56015625 0.009375 0.01953125
0 0.6390625 0.56015625 0.009375 0.01953125
0 0.63203125 0.55546875 0.0078125 0.01953125
0 0.63203125 0.55546875 0.0078125 0.01953125
0 0.678125 0.55625 0.01171875 0.03828125
0 0.678125 0.55625 0.01171875 0.03828125
0 0.69296875 0.553125 0.01875 0.03828125
0 0.69296875 0.553125 0.01875 0.03828125
0 0.7265625 0.53984375 0.0078125 0.02265625
0 0.7265625 0.53984375 0.0078125 0.02265625
0 0.71171875 0.63984375 0.0078125 0.02265625
0 0.71171875 0.63984375 0.0078125 0.02265625
0 0.71953125 0.64296875 0.00625 0.01875
0 0.71953125 0.64296875 0.00625 0.01875
0 0.659375 0.65390625 0.009375 0.02265625
0 0.659375 0.65390625 0.009375 0.02265625
0 0.61328125 0.6546875 0.01171875 0.040625
0 0.61328125 0.6546875 0.01171875 0.040625
0 0.31484375 0.6625 0.00703125 0.0359375
0 0.31484375 0.6625 0.00703125 0.0359375
0 0.23828125 0.628125 0.01328125 0.0125