0 0.24453125 0.4625 0.01875 0.040625
0 0.24453125 0.4625 0.01875 0.040625
0 0.253125 0.48671875 0.02109375 0.04921875
0 0.253125 0.48671875 0.02109375 0.04921875
0 0.2734375 0.4875 0.015625 0.040625
0 0.2734375 0.4875 0.015625 0.040625
0 0.33203125 0.5515625 0.00859375 0.02734375
0 0.33203125 0.5515625 0.00859375 0.02734375
0 0.6375 0.52578125 0.0109375 0.0421875
0 0.6375 0.52578125 0.0109375 0.0421875
0 0.696875 0.46484375 0.03046875 0.05390625
0 0.696875 0.46484375 0.03046875 0.05390625
0 0.7203125 0.465625 0.0140625 0.06015625
0 0.7203125 0.465625 0.0140625 0.06015625
0 0.675 0.60625 0.02109375 0.05078125
0 0.675 0.60625 0.02109375 0.05078125
0 0.66015625 0.62421875 0.01796875 0.04453125
0 0.66015625 0.62421875 0.01796875 0.04453125
0 0.34140625 0.63984375 0.03046875 0.05859375
0 0.34140625 0.63984375 0.03046875 0.05859375