0 0.23200143600279138 0.4091021483712359 0.011838258706427318 0.017569445916316085
0 0.23200143600279138 0.4091021483712359 0.011838258706427318 0.017569445916316085
0 0.28496266169253187 0.4103719824919868 0.013066566033373483 0.04100694591631591
0 0.28496266169253187 0.4103719824919868 0.013066566033373483 0.04100694591631591
0 0.31239162087392897 0.4226710858500315 0.015700243102595036 0.03174107332097762
0 0.31239162087392897 0.4226710858500315 0.015700243102595036 0.03174107332097762
0 0.38549160617460787 0.3819071873939775 0.0295923247398008 0.058740082939624474
0 0.38549160617460787 0.3819071873939775 0.0295923247398008 0.058740082939624474
0 0.7007547580290587 0.40754950582081373 0.01866146879233561 0.02872520072563951
0 0.7007547580290587 0.40754950582081373 0.01866146879233561 0.02872520072563951
0 0.695153211217562 0.365634824332468 0.020797178878243727 0.03971726442797028
0 0.695153211217562 0.365634824332468 0.020797178878243727 0.03971726442797028
0 0.60842449513876 0.3242137053653268 0.015864017412854637 0.03486607332097771
0 0.60842449513876 0.3242137053653268 0.015864017412854637 0.03486607332097771