0 0.7118162789185571 0.531878890341311 0.03434304909161447 0.019704746239076344
0 0.7118162789185571 0.531878890341311 0.03434304909161447 0.019704746239076344
0 0.7188473999806033 0.4934839800747543 0.031345594849248926 0.02117631802583091
0 0.7188473999806033 0.4934839800747543 0.031345594849248926 0.02117631802583091
0 0.6279022462069782 0.11812393039132343 0.038105777879787084 0.027608174452321686
0 0.6279022462069782 0.11812393039132343 0.038105777879787084 0.027608174452321686
0 0.6494743572670846 0.13074595084529456 0.03329073212215263 0.025909282132453627
0 0.6494743572670846 0.13074595084529456 0.03329073212215263 0.025909282132453627
0 0.685890218327191 0.1429360622863502 0.07608401000193972 0.05365384890464333
0 0.685890218327191 0.1429360622863502 0.07608401000193972 0.05365384890464333
0 0.7703134025656772 0.2449184479423007 0.05723841515269079 0.03284124373179385
0 0.7703134025656772 0.2449184479423007 0.05723841515269079 0.03284124373179385