0 0.28125 0.53203125 0.01328125 0.03359375
0 0.28125 0.53203125 0.01328125 0.03359375
0 0.265625 0.52734375 0.00859375 0.0140625
0 0.265625 0.52734375 0.00859375 0.0140625
0 0.5390625 0.5796875 0.00546875 0.01953125
0 0.5390625 0.5796875 0.00546875 0.01953125
0 0.59609375 0.58046875 0.015625 0.0390625
0 0.59609375 0.58046875 0.015625 0.0390625
0 0.6796875 0.55546875 0.0078125 0.01484375
0 0.6796875 0.55546875 0.0078125 0.01484375
0 0.690625 0.55703125 0.00703125 0.01484375
0 0.690625 0.55703125 0.00703125 0.01484375
0 0.7453125 0.634375 0.0078125 0.01953125
0 0.7453125 0.634375 0.0078125 0.01953125
0 0.7390625 0.640625 0.00625 0.02265625
0 0.7390625 0.640625 0.00625 0.02265625
0 0.7 0.67578125 0.01640625 0.03125
0 0.7 0.67578125 0.01640625 0.03125
0 0.68828125 0.6828125 0.01015625 0.02421875
0 0.68828125 0.6828125 0.01015625 0.02421875
0 0.19296875 0.6078125 0.0203125 0.03359375