0 0.41900396011393803 0.3805899050286724 0.021207142065139805 0.04471149261768224
0 0.41900396011393803 0.3805899050286724 0.021207142065139805 0.04471149261768224
0 0.5070121943289225 0.36401860645375167 0.018082142065139983 0.04429082718140194
0 0.5070121943289225 0.36401860645375167 0.018082142065139983 0.04429082718140194
0 0.5290692048522663 0.36419894839978906 0.029838689420186526 0.059825656208383295
0 0.5290692048522663 0.36419894839978906 0.029838689420186526 0.059825656208383295
0 0.5819057785156722 0.3791329687011628 0.014411110495108837 0.03449516174512155
0 0.5819057785156722 0.3791329687011628 0.014411110495108837 0.03449516174512155
0 0.7000873601421731 0.31283218304529814 0.010649073663405773 0.02313699630884116
0 0.7000873601421731 0.31283218304529814 0.010649073663405773 0.02313699630884116
0 0.7527419232822352 0.32464120334667196 0.01074007892507769 0.024699496308841162
0 0.7527419232822352 0.32464120334667196 0.01074007892507769 0.024699496308841162
0 0.6967803496188292 0.31012784848157854 0.007342063140062294 0.019591330872560774
0 0.6967803496188292 0.31012784848157854 0.007342063140062294 0.019591330872560774
0 0.7478724127588915 0.32214720150109255 0.00559755261671846 0.01625599815442058
0 0.7478724127588915 0.32214720150109255 0.00559755261671846 0.01625599815442058
0 0.4105474470303457 0.30299073682402283 0.019280621018452494 0.03825115989954213
0 0.4105474470303457 0.30299073682402283 0.019280621018452494 0.03825115989954213