0 0.43199539380167085 0.2622383346102726 0.030451503954332715 0.02047909997176518
0 0.43199539380167085 0.2622383346102726 0.030451503954332715 0.02047909997176518
0 0.43016097977122597 0.2748748425027804 0.024137836958138335 0.018552578925077688
0 0.43016097977122597 0.2748748425027804 0.024137836958138335 0.018552578925077688
0 0.41257157315515497 0.32366865827367847 0.02401050296574958 0.015427578925077689
0 0.41257157315515497 0.32366865827367847 0.02401050296574958 0.015427578925077689
0 0.5251776384016444 0.6272193215266801 0.03032416996194378 0.01735409997176518
0 0.5251776384016444 0.6272193215266801 0.03032416996194378 0.01735409997176518
0 0.5241098869187697 0.620233574157516 0.02401050296574958 0.015427578925077868
0 0.5241098869187697 0.620233574157516 0.02401050296574958 0.015427578925077868
0 0.43603422535978276 0.6496396240728115 0.023946835969555203 0.01386507892507769
0 0.43603422535978276 0.6496396240728115 0.023946835969555203 0.01386507892507769
0 0.3317645835352782 0.3777106871422865 0.035266337946721474 0.023877115756780663
0 0.3317645835352782 0.3777106871422865 0.035266337946721474 0.023877115756780663
0 0.33060399015134934 0.3300089345114506 0.024074169961943958 0.01699007892507769
0 0.33060399015134934 0.3300089345114506 0.024074169961943958 0.01699007892507769