0 0.26953125 0.5296875 0.00859375 0.03203125
0 0.26953125 0.5296875 0.00859375 0.03203125
0 0.278125 0.53359375 0.009375 0.03125
0 0.278125 0.53359375 0.009375 0.03125
0 0.625 0.55078125 0.00703125 0.01953125
0 0.625 0.55078125 0.00703125 0.01953125
0 0.63515625 0.553125 0.01015625 0.0234375
0 0.63515625 0.553125 0.01015625 0.0234375
0 0.659375 0.5484375 0.00703125 0.03203125
0 0.659375 0.5484375 0.00703125 0.03203125
0 0.6671875 0.55 0.0109375 0.02890625
0 0.6671875 0.55 0.0109375 0.02890625
0 0.63984375 0.70078125 0.00703125 0.03359375
0 0.63984375 0.70078125 0.00703125 0.03359375
0 0.30625 0.6640625 0.04765625 0.078125
0 0.30625 0.6640625 0.04765625 0.078125
0 0.25078125 0.66875 0.053125 0.0421875
0 0.25078125 0.66875 0.053125 0.0421875