0 0.44615878110318896 0.30367670591195023 0.05458934091247105 0.042460429797966805
0 0.44615878110318896 0.30367670591195023 0.05458934091247105 0.042460429797966805
0 0.43590968920213474 0.34324652609169093 0.03214133794672147 0.025712017528215725
0 0.43590968920213474 0.34324652609169093 0.03214133794672147 0.025712017528215725
0 0.43277010174970487 0.3624899997770747 0.05095500494291585 0.029576728045145197
0 0.43277010174970487 0.3624899997770747 0.05095500494291585 0.029576728045145197
0 0.3415866862363853 0.34579797350704355 0.08912084980971961 0.08867679820259333
0 0.3415866862363853 0.34579797350704355 0.08912084980971961 0.08867679820259333
0 0.31770617585626193 0.3923308112372926 0.05809634288963732 0.05221913155078841
0 0.31770617585626193 0.3923308112372926 0.05809634288963732 0.05221913155078841
0 0.34035847277678166 0.5686322278890975 0.04295150395433271 0.023929973663091176
0 0.34035847277678166 0.5686322278890975 0.04295150395433271 0.023929973663091176
0 0.33686871684528263 0.5964694515744814 0.03032416996194396 0.019270166651805098
0 0.33686871684528263 0.5964694515744814 0.03032416996194396 0.019270166651805098
0 0.33412837741568635 0.6251838506980706 0.052644838935304604 0.032893578921556
0 0.33412837741568635 0.6251838506980706 0.052644838935304604 0.032893578921556
0 0.35562137543852 0.6372447629678216 0.032014003954332716 0.022587017528215726
0 0.35562137543852 0.6372447629678216 0.032014003954332716 0.022587017528215726
0 0.45713479589475553 0.6316503944963174 0.03032416996194396 0.01927016665180492
0 0.45713479589475553 0.6316503944963174 0.03032416996194396 0.01927016665180492
0 0.4496406308757274 0.6228786401142635 0.02850700197716627 0.012828315775394117
0 0.4496406308757274 0.6228786401142635 0.02850700197716627 0.012828315775394117
0 0.47819937098989573 0.6734947322042739 0.03682883794672147 0.02628757015744796
0 0.47819937098989573 0.6734947322042739 0.03682883794672147 0.02628757015744796
0 0.48614186357552197 0.7098020874627385 0.053026840912470875 0.042268578921556